[[[     1067.6      394.85]
  [     1076.4      386.19]
  [     1060.4      386.25]
  [     1091.9      391.99]
  [     1051.9      393.07]
  [     1115.4       446.1]
  [     1031.2      446.94]
  [     1132.2      512.32]
  [     1015.1         517]
  [     1136.9      568.66]
  [       1012       575.4]
  [     1099.4      580.65]
  [     1043.4      581.07]
  [     1100.5      671.68]
  [     1039.2      671.05]
  [     1103.6      750.44]
  [     1042.6      748.71]]

 [[     898.71      436.52]
  [     902.58      429.21]
  [     890.82      428.87]
  [          0           0]
  [     869.57      432.05]
  [     919.55       479.3]
  [     848.19      480.48]
  [     932.92      533.58]
  [     836.03      541.81]
  [     923.21      581.11]
  [      845.9      592.29]
  [     909.67      594.38]
  [     862.96      595.37]
  [     909.04      676.71]
  [     861.97      678.04]
  [     911.52      751.07]
  [     854.61      753.88]]

 [[     776.52      390.66]
  [          0           0]
  [     769.76      381.61]
  [          0           0]
  [      743.9      387.53]
  [     754.73      442.47]
  [     727.83      446.23]
  [     767.73       521.7]
  [     738.07      525.17]
  [     786.11      579.48]
  [     760.37       588.6]
  [     767.26      585.63]
  [     746.34      588.51]
  [     758.79      681.23]
  [     732.84      685.19]
  [     750.96      762.47]
  [     719.83      774.52]]]