[[[     1076.8      373.46]
  [     1086.2      362.83]
  [     1067.7      363.61]
  [     1101.2      368.64]
  [     1054.5      370.78]
  [     1126.3      434.71]
  [     1029.8      433.84]
  [     1144.1      512.32]
  [     1009.4      514.03]
  [     1149.1      578.25]
  [     1004.5       583.7]
  [     1108.4      589.67]
  [     1044.4      589.82]
  [     1107.7      692.94]
  [       1035      692.76]
  [     1109.1      781.89]
  [     1039.7      781.66]]

 [[     863.36      422.24]
  [     870.18      412.81]
  [     854.22      413.38]
  [          0           0]
  [     835.14      418.09]
  [     893.33       472.7]
  [     813.12      474.06]
  [     911.59      535.13]
  [     799.99      541.22]
  [     899.49      588.99]
  [     811.37      600.94]
  [     883.64      607.11]
  [     831.27      608.25]
  [     886.41      702.21]
  [     829.04      703.85]
  [     885.41       784.8]
  [     820.62       785.7]]

 [[     730.56      369.94]
  [          0           0]
  [      724.2      358.41]
  [          0           0]
  [     694.25      360.85]
  [     702.84      427.13]
  [     668.96      428.96]
  [     719.18      519.15]
  [     682.05       522.8]
  [     735.87      588.72]
  [     706.52      597.56]
  [     714.74      594.77]
  [     689.84      597.46]
  [     706.02      707.27]
  [     677.98      710.74]
  [     695.29      805.99]
  [     661.32      821.48]]]