[[[     1216.5      279.32]
  [     1230.4      262.76]
  [     1202.3      266.91]
  [     1259.3      271.32]
  [     1188.4      281.12]
  [     1305.3      373.34]
  [     1154.6      374.95]
  [     1331.1       489.4]
  [     1124.4      495.72]
  [     1343.5      590.93]
  [     1119.4      595.95]
  [     1277.2      605.46]
  [     1177.7      605.66]
  [     1278.8      760.71]
  [     1165.4      762.14]
  [     1270.3      896.86]
  [     1168.3      898.79]]

 [[     913.33      361.38]
  [     925.35      349.93]
  [     901.51      346.29]
  [          0           0]
  [      871.8      348.34]
  [     950.92      430.02]
  [     831.59      427.29]
  [     989.72       528.1]
  [     821.48      522.56]
  [     976.13       493.2]
  [     887.47      479.92]
  [     935.21      634.18]
  [     855.75      635.58]
  [     934.02      777.21]
  [     852.55      779.41]
  [     941.28      900.41]
  [     840.53      906.79]]

 [[     691.98      254.08]
  [          0           0]
  [     681.53      236.06]
  [          0           0]
  [     634.81      240.95]
  [     646.29      353.17]
  [     591.41       354.8]
  [     667.42      505.15]
  [        608      516.45]
  [     703.36       613.9]
  [     659.08      638.26]
  [     669.98      624.18]
  [     632.83       631.3]
  [     654.48      804.49]
  [     609.61      815.71]
  [     644.49      954.35]
  [     583.15      997.81]]]