[[[     1835.8      381.68]
  [     1845.4      372.74]
  [     1825.9      374.17]
  [     1861.8      380.41]
  [     1813.6      384.61]
  [     1894.7      437.72]
  [     1785.7      442.02]
  [     1916.8      509.08]
  [       1767      515.18]
  [          0           0]
  [     1766.8      573.05]
  [     1878.6      583.71]
  [     1806.4      585.77]
  [     1887.5      676.98]
  [     1809.8       676.9]
  [     1894.4      762.13]
  [     1817.9      759.23]]

 [[     1627.3      438.11]
  [     1630.4      430.16]
  [     1617.8      431.47]
  [          0           0]
  [     1595.5      437.45]
  [     1652.1      479.04]
  [     1573.3      483.51]
  [     1679.2      523.13]
  [     1542.8      534.91]
  [       1670      563.95]
  [     1560.1      574.67]
  [     1641.4       590.8]
  [     1590.5      592.73]
  [     1639.1       670.7]
  [     1583.7      669.84]
  [     1641.7      744.36]
  [     1575.3      743.75]]

 [[       1516      404.69]
  [          0           0]
  [       1511      396.22]
  [          0           0]
  [     1488.2      400.79]
  [     1484.5      449.79]
  [       1468      451.98]
  [          0           0]
  [     1480.5      527.15]
  [          0           0]
  [     1497.2      587.41]
  [     1489.9      578.09]
  [     1476.2       581.9]
  [     1497.7      664.05]
  [     1474.1      671.27]
  [     1490.6      745.03]
  [     1470.6      756.46]]]