[[[     971.63      341.12]
  [     987.02      327.43]
  [     957.63      323.82]
  [          0           0]
  [     924.31      328.49]
  [     998.46      433.26]
  [      869.3      421.24]
  [     1012.9      529.16]
  [      811.7      532.97]
  [     1042.6      568.03]
  [     843.94      631.67]
  [     955.29      659.07]
  [     871.14      655.34]
  [     944.06      818.13]
  [     842.72      819.04]
  [     918.31      952.47]
  [     810.04      959.28]]

 [[     1268.6      254.68]
  [     1285.4      239.97]
  [     1253.5      236.67]
  [     1303.4      253.49]
  [     1224.7      245.18]
  [     1337.9       363.9]
  [     1168.3      358.12]
  [     1365.4      492.72]
  [     1132.5      495.36]
  [     1378.6      602.48]
  [     1128.1      614.86]
  [     1306.6      621.89]
  [     1195.1      619.61]
  [     1310.4      788.33]
  [       1179      793.86]
  [     1297.3      949.19]
  [     1178.8       952.4]]

 [[     641.72      211.32]
  [          0           0]
  [     628.33      189.57]
  [          0           0]
  [     567.55      192.18]
  [     591.71      325.44]
  [     513.61      324.28]
  [     611.44      502.65]
  [     531.87      511.44]
  [     653.29      627.33]
  [     588.08      660.56]
  [     605.58      642.11]
  [      552.7      648.89]
  [      594.1      854.07]
  [     532.21      869.54]
  [     580.72        1035]
  [     495.71      1061.4]]]