[[[     1083.4      384.52]
  [       1092       375.2]
  [     1075.5      375.48]
  [     1106.7      380.34]
  [     1065.2      381.81]
  [     1130.6      437.48]
  [     1043.4      437.74]
  [     1146.7       507.4]
  [     1025.9      510.01]
  [     1152.8      564.89]
  [     1022.2      570.48]
  [     1115.5      576.57]
  [     1057.3      577.55]
  [     1115.4      669.04]
  [     1050.8      669.69]
  [     1119.2      749.88]
  [     1053.7      751.76]]

 [[     904.48      426.95]
  [     908.82      418.95]
  [     895.86      419.21]
  [          0           0]
  [     874.19      422.83]
  [     926.76      469.92]
  [     852.01      471.54]
  [     940.06      528.72]
  [     838.85      535.54]
  [      929.8       578.3]
  [     849.44      588.59]
  [     917.21      589.62]
  [     868.25      590.88]
  [     916.63      674.29]
  [     866.04       675.5]
  [     920.41      752.03]
  [     859.94      754.37]]

 [[     778.35       379.2]
  [          0           0]
  [     770.92      370.56]
  [          0           0]
  [     745.45      375.82]
  [     754.44       433.9]
  [     726.93      436.17]
  [     765.12      514.32]
  [     733.49      517.45]
  [     782.23      576.97]
  [     757.47      583.49]
  [     762.86      581.12]
  [     742.98      583.98]
  [     759.11      681.74]
  [     732.84       685.2]
  [      755.6      769.93]
  [     720.47      782.25]]]