[[[     915.64      354.95]
  [     926.39       344.4]
  [     902.15      341.03]
  [          0           0]
  [     870.56      348.49]
  [      955.8      436.04]
  [     828.43      432.81]
  [     985.12      514.89]
  [     804.91      531.06]
  [     1004.5      534.94]
  [      863.6      543.32]
  [     935.05      640.32]
  [     849.59      641.53]
  [     936.99      782.61]
  [     847.74      788.79]
  [     937.09      914.97]
  [     835.55      920.39]]

 [[     1193.8      284.88]
  [     1206.8      266.47]
  [     1186.9       271.1]
  [     1254.9      269.58]
  [          0           0]
  [     1314.2      375.27]
  [     1162.6      377.69]
  [     1342.6       495.7]
  [     1131.4      501.18]
  [     1354.5      595.88]
  [     1125.6      603.35]
  [     1285.6      613.68]
  [     1184.6      613.79]
  [     1281.8      769.11]
  [     1171.7       769.9]
  [     1275.9      910.36]
  [       1170      915.21]]

 [[     683.95      252.65]
  [          0           0]
  [     672.69      234.15]
  [          0           0]
  [     623.97      239.37]
  [     636.34      355.58]
  [     579.37      356.59]
  [     657.15      509.57]
  [     594.57      521.36]
  [     693.99      618.26]
  [     648.01      649.35]
  [     657.09      629.92]
  [     618.89      637.53]
  [     647.58       812.3]
  [     597.73      828.07]
  [     633.67       974.1]
  [     573.84      1012.8]]]