[[[     1170.6      317.69]
  [     1182.8      303.61]
  [     1165.1      305.86]
  [     1220.3      308.98]
  [          0           0]
  [     1265.8      396.61]
  [     1141.4       397.7]
  [       1289      499.41]
  [     1114.1      498.34]
  [     1294.7      584.77]
  [     1106.8      583.54]
  [       1240      595.68]
  [     1156.9      594.66]
  [     1241.3      728.95]
  [     1144.7      728.49]
  [     1237.7      844.06]
  [     1148.7      846.38]]

 [[     924.55      376.56]
  [     935.42      366.21]
  [     913.37      365.45]
  [     947.65      376.62]
  [     891.22      374.97]
  [     966.52      447.11]
  [     860.71      450.61]
  [     984.62      531.06]
  [     843.85      541.34]
  [     968.83      596.39]
  [     862.65      613.93]
  [     952.65      620.56]
  [     881.85      623.38]
  [     950.24      739.75]
  [     879.54      743.32]
  [     954.57      846.37]
  [     872.16      847.95]]

 [[     752.24      303.36]
  [          0           0]
  [     741.36       288.9]
  [          0           0]
  [     699.77      293.54]
  [     714.25      383.03]
  [     668.78      385.09]
  [      728.3      509.23]
  [     681.68      511.86]
  [     759.23      603.13]
  [     720.36      615.66]
  [     732.03      605.95]
  [     699.27      611.25]
  [     718.36      758.54]
  [     686.95      764.58]
  [     708.34      885.39]
  [     666.12      917.87]]]