[[[     1228.8      248.83]
  [     1247.1      232.26]
  [     1214.8       233.8]
  [       1280      246.02]
  [     1198.5      249.01]
  [       1327      358.13]
  [     1156.8      359.44]
  [     1356.1      488.92]
  [     1124.8       498.1]
  [     1371.8      600.62]
  [     1120.3      616.46]
  [     1297.7      619.18]
  [     1185.8      619.68]
  [     1301.8      789.05]
  [     1177.1       793.8]
  [     1295.8      949.63]
  [       1177       952.4]]

 [[     889.89      326.85]
  [     902.75      314.11]
  [      874.8      311.36]
  [          0           0]
  [     840.79      323.47]
  [     938.94      425.17]
  [     795.62      422.79]
  [     967.78       538.6]
  [     765.58      545.28]
  [     941.12      622.71]
  [     809.67      636.68]
  [     920.93      653.14]
  [     825.31      654.52]
  [     919.91      813.38]
  [     821.08      818.71]
  [     921.13      954.93]
  [     808.83      958.98]]

 [[     639.62       210.9]
  [          0           0]
  [      626.9      189.33]
  [          0           0]
  [      567.9      191.66]
  [     587.59      322.99]
  [     513.75      323.09]
  [     608.16      500.82]
  [        531      511.49]
  [     650.55      625.09]
  [     588.88      660.26]
  [     603.54      642.24]
  [     553.46      649.46]
  [     593.92       857.6]
  [     532.42      871.38]
  [     584.46      1038.8]
  [     499.26      1064.8]]]