[[[     1444.9      345.23]
  [     1455.4      334.62]
  [     1433.9      336.75]
  [     1470.6      344.54]
  [     1418.9      349.73]
  [     1502.6      417.68]
  [     1389.1      420.73]
  [     1523.9      505.12]
  [     1364.2      507.54]
  [     1527.7      580.09]
  [     1357.4      580.33]
  [     1477.4      590.88]
  [     1402.2      589.88]
  [     1476.7      708.33]
  [     1395.3      704.98]
  [     1480.3         807]
  [     1397.3      804.82]]

 [[     1203.3      412.91]
  [     1211.2      403.08]
  [     1193.8      403.67]
  [     1220.6      408.67]
  [     1175.3      409.96]
  [     1237.3      468.15]
  [     1152.2       470.5]
  [     1254.8       533.5]
  [     1137.7       541.8]
  [     1242.3      590.91]
  [     1148.4      602.14]
  [     1224.7      609.66]
  [     1168.8      610.95]
  [     1226.6      708.74]
  [     1164.9      710.78]
  [     1225.9      795.69]
  [     1155.6      797.47]]

 [[     1065.1      363.98]
  [          0           0]
  [     1057.6      352.75]
  [          0           0]
  [     1027.2      356.94]
  [       1040      424.46]
  [     1003.2      427.17]
  [     1054.9      517.89]
  [     1014.3      523.89]
  [     1071.2      588.27]
  [     1038.3      600.28]
  [     1049.2      595.05]
  [     1022.6      597.79]
  [     1039.4       708.3]
  [       1010       711.3]
  [     1029.9      808.36]
  [     996.02      821.99]]]