[[[     1164.9      311.79]
  [     1176.2      295.97]
  [     1160.6      298.91]
  [       1219      296.79]
  [          0           0]
  [     1274.9      389.14]
  [     1145.5      393.96]
  [     1302.5      498.48]
  [     1117.3      500.95]
  [     1298.5      591.16]
  [     1105.7      591.67]
  [     1244.8      601.09]
  [     1158.4       599.6]
  [     1246.5      741.77]
  [     1147.9      737.42]
  [     1245.2       863.2]
  [     1152.7      862.99]]

 [[     925.52       373.4]
  [     934.28      361.45]
  [     913.03      360.67]
  [          0           0]
  [      883.5      367.78]
  [     959.27      447.51]
  [     846.28      447.91]
  [     978.34      535.61]
  [     829.02      546.16]
  [     962.59      604.59]
  [     848.55      623.09]
  [     944.31      631.44]
  [      869.5      632.76]
  [     945.32      755.21]
  [     868.95      758.35]
  [     945.46      863.95]
  [     858.93      870.14]]

 [[     733.43       291.3]
  [          0           0]
  [        723      275.05]
  [          0           0]
  [        677      277.62]
  [     694.53      373.31]
  [     643.35      376.68]
  [     711.34      508.73]
  [      659.6      513.69]
  [     742.68      606.49]
  [     702.07      622.54]
  [     709.93      614.32]
  [     674.51         620]
  [     695.64       776.2]
  [      660.3      782.73]
  [     686.59      909.48]
  [     633.48      944.15]]]