[[[     1482.2      333.41]
  [     1494.2      323.32]
  [     1471.1      323.97]
  [     1510.8      336.95]
  [     1453.6       338.3]
  [     1542.8      414.37]
  [     1419.6      414.59]
  [     1562.5      503.06]
  [     1391.9      509.37]
  [     1569.7      582.22]
  [     1384.4      588.09]
  [     1515.8       598.7]
  [     1434.1         598]
  [     1512.7      721.19]
  [     1422.3         718]
  [     1513.2      827.39]
  [       1426      822.28]]

 [[     1225.8      407.05]
  [       1232      397.62]
  [     1214.7      397.59]
  [          0           0]
  [     1189.1      403.59]
  [     1255.3      463.23]
  [     1159.7      465.47]
  [     1274.7      535.16]
  [     1146.9      545.71]
  [     1257.1      593.82]
  [     1161.2      610.56]
  [     1243.8      614.87]
  [     1178.3      614.03]
  [     1243.7      719.29]
  [     1174.8      718.85]
  [     1245.2      814.11]
  [     1167.5      808.42]]

 [[     1071.2      354.21]
  [     1070.7      343.16]
  [     1062.6       342.2]
  [          0           0]
  [     1028.1      347.29]
  [     1044.5      418.87]
  [     1005.8      422.13]
  [     1056.3      519.91]
  [     1015.6      524.76]
  [     1075.2      590.47]
  [     1043.4      606.29]
  [     1053.7      597.94]
  [     1026.7      601.58]
  [     1040.1      720.53]
  [     1012.6      725.47]
  [     1031.7         824]
  [      998.5       840.1]]]