[[[     1453.3      337.15]
  [     1464.2      328.32]
  [     1442.3      329.43]
  [     1478.4      343.24]
  [     1424.9      345.68]
  [     1510.3      417.65]
  [     1392.9      419.26]
  [     1531.7      506.18]
  [     1367.2      509.35]
  [     1538.7      581.89]
  [     1360.2      585.75]
  [     1487.4      594.46]
  [     1409.8      594.32]
  [       1488      712.09]
  [     1399.4      709.72]
  [     1486.6      814.25]
  [     1403.9      806.95]]

 [[     1208.7      412.13]
  [     1216.2      402.55]
  [     1199.1      402.32]
  [          0           0]
  [     1179.2      407.22]
  [     1239.6      468.33]
  [       1154      468.63]
  [     1255.9      536.36]
  [     1140.3      544.09]
  [     1243.7       595.5]
  [     1150.7      606.29]
  [     1226.5      616.07]
  [     1169.3      615.45]
  [     1228.3      716.61]
  [     1166.5      717.16]
  [     1229.4      801.88]
  [     1155.4      805.41]]

 [[     1064.7      361.73]
  [          0           0]
  [     1056.7      350.29]
  [          0           0]
  [     1025.6      354.46]
  [     1039.8      422.96]
  [       1002       425.7]
  [     1053.2      517.98]
  [       1013      523.95]
  [     1069.9      591.68]
  [     1038.2      602.27]
  [     1050.2      597.73]
  [       1023      600.66]
  [       1039       713.2]
  [     1009.4      716.62]
  [     1028.9      814.51]
  [     994.13      830.56]]]