[[[       1179      300.05]
  [     1191.2      283.07]
  [       1175      286.32]
  [     1238.5      286.01]
  [          0           0]
  [     1294.4      383.51]
  [     1154.4      385.06]
  [       1316      495.03]
  [     1124.7      496.15]
  [     1317.7      591.18]
  [     1112.7      588.71]
  [     1262.5      603.05]
  [     1168.5      602.74]
  [     1255.1      748.22]
  [     1156.9       747.2]
  [     1255.3      874.61]
  [     1154.6      876.98]]

 [[     918.92      360.25]
  [     928.42      349.99]
  [     905.98      348.02]
  [          0           0]
  [      876.8      357.13]
  [     958.95      437.95]
  [     840.05      437.43]
  [     978.32      531.12]
  [      821.5      540.56]
  [     961.02      603.45]
  [     840.18      624.21]
  [     942.58       629.7]
  [     863.01      630.51]
  [     941.82      761.41]
  [      859.1      766.27]
  [     943.02      882.71]
  [     852.03      885.24]]

 [[     715.88      274.61]
  [          0           0]
  [     704.44      258.04]
  [          0           0]
  [     657.56      262.47]
  [     673.64      365.55]
  [     619.59      364.62]
  [     693.85      503.04]
  [      634.9      509.63]
  [     725.52       605.7]
  [     678.56      621.82]
  [     692.44      615.55]
  [     656.06      620.42]
  [     676.32      785.21]
  [     638.65      791.84]
  [     668.37      926.43]
  [     613.58      961.59]]]