[[[     1080.7      379.24]
  [       1090      369.29]
  [     1072.2      369.42]
  [     1104.7      374.61]
  [     1060.1      375.58]
  [     1128.6      436.94]
  [     1035.1      436.23]
  [     1144.7      511.98]
  [     1015.7      513.52]
  [     1149.8      575.06]
  [     1008.8       578.9]
  [     1111.2      586.81]
  [     1048.7      587.24]
  [       1112      689.43]
  [     1040.6       689.4]
  [       1115      778.59]
  [     1044.7      778.53]]

 [[     872.92      426.54]
  [     878.78      418.11]
  [      863.2      418.54]
  [          0           0]
  [     842.12      423.75]
  [     902.03         474]
  [     820.72      476.76]
  [     917.76      536.94]
  [     808.82      545.37]
  [      905.9      589.64]
  [     822.45      603.33]
  [     893.11      604.39]
  [     840.24      606.12]
  [     893.92      696.42]
  [     839.05      698.02]
  [     897.18      781.12]
  [     832.47      783.77]]

 [[     742.72      373.85]
  [          0           0]
  [        735      363.02]
  [          0           0]
  [     705.85       366.2]
  [      715.5      430.53]
  [     684.98       433.1]
  [     727.16      517.37]
  [     693.09      524.21]
  [      744.7      585.81]
  [     720.38      597.38]
  [     724.74      594.67]
  [     702.56      597.92]
  [     719.89      703.68]
  [      690.6      708.74]
  [     709.99      798.42]
  [     674.28      814.66]]]