[[[     1505.7      317.86]
  [       1517      301.22]
  [     1502.7      304.27]
  [     1565.2      301.11]
  [          0           0]
  [     1628.2      391.42]
  [     1484.7      396.38]
  [     1652.9       499.4]
  [     1450.4      500.16]
  [       1651       592.9]
  [     1432.5      584.66]
  [     1589.8      602.07]
  [     1492.9      601.89]
  [     1582.4      743.89]
  [     1482.2      734.23]
  [     1583.8      865.78]
  [     1484.4      854.88]]

 [[     1259.4      382.83]
  [     1267.2      372.89]
  [       1248      370.86]
  [          0           0]
  [     1218.8      377.23]
  [     1288.5      453.14]
  [     1182.5      451.31]
  [     1307.5      535.99]
  [     1165.1      543.13]
  [     1288.6       601.3]
  [     1181.1      615.37]
  [     1272.2      626.36]
  [     1201.3      626.23]
  [     1270.8       739.3]
  [     1198.8      741.31]
  [       1275       844.7]
  [     1193.6      842.44]]

 [[     1080.6      323.81]
  [          0           0]
  [     1070.8      311.06]
  [          0           0]
  [     1034.3      318.06]
  [     1047.3      399.38]
  [     1006.3      403.43]
  [     1061.6      514.22]
  [     1018.6      517.89]
  [     1086.3      598.47]
  [     1053.2      610.85]
  [     1061.8      604.48]
  [     1031.8      609.57]
  [     1048.8      742.77]
  [     1017.2      749.06]
  [     1037.4       860.2]
  [     998.77      887.79]]]