[[[     1061.6      395.84]
  [       1070       388.2]
  [     1054.6      388.22]
  [     1083.5      393.74]
  [     1044.9      393.93]
  [     1105.9      447.11]
  [     1023.9       447.7]
  [     1121.4      511.54]
  [     1008.1      514.02]
  [     1122.8      567.51]
  [     1003.7      573.93]
  [     1089.2      577.39]
  [     1036.2      577.15]
  [     1093.3      667.99]
  [     1029.8      666.33]
  [     1096.5      749.25]
  [     1034.8      748.73]]

 [[     895.15      436.13]
  [     898.86      429.14]
  [     887.66      428.78]
  [          0           0]
  [     866.73      432.17]
  [     915.11      479.43]
  [     844.16      480.19]
  [     927.18      533.65]
  [     832.36      540.43]
  [     915.88      580.03]
  [     842.49      589.55]
  [     906.29      592.41]
  [     859.54      593.42]
  [     904.17      673.42]
  [     857.74      675.47]
  [     906.96      745.84]
  [     852.52       749.7]]

 [[     775.39       390.3]
  [          0           0]
  [     767.97      381.99]
  [          0           0]
  [     742.05      388.22]
  [     755.58      444.47]
  [     722.95      444.42]
  [      772.8      517.77]
  [     732.48      523.33]
  [     786.28      578.28]
  [     751.22       588.2]
  [     765.17      581.07]
  [     741.22      583.84]
  [     754.67      675.96]
  [        733      679.91]
  [     745.98      762.09]
  [     719.54      773.94]]]