[[[     1506.5      313.05]
  [     1517.9      296.58]
  [     1502.7      300.08]
  [     1565.2      296.96]
  [          0           0]
  [     1627.1       387.3]
  [     1483.5         394]
  [     1653.1      495.89]
  [     1450.6      497.86]
  [     1653.6      587.43]
  [     1435.4      586.66]
  [     1589.1      602.98]
  [     1493.1      603.32]
  [     1585.5      741.95]
  [       1484      737.59]
  [       1586      865.23]
  [     1484.2      858.29]]

 [[     1256.3      380.59]
  [     1264.3      370.55]
  [     1244.8      368.61]
  [          0           0]
  [       1216      375.28]
  [       1287      451.29]
  [     1181.3      450.42]
  [     1306.8      534.02]
  [     1164.4      542.82]
  [     1289.9       598.9]
  [     1181.6      614.71]
  [     1272.6      624.81]
  [     1201.8      625.03]
  [     1271.4      738.82]
  [       1199      741.07]
  [     1275.3      846.37]
  [     1192.5       844.6]]

 [[     1076.8      319.71]
  [          0           0]
  [     1065.7      307.47]
  [          0           0]
  [     1028.3      315.91]
  [     1044.3      396.39]
  [     1001.1      401.71]
  [       1058      512.04]
  [     1013.9      516.64]
  [     1083.3      598.28]
  [     1048.6      611.04]
  [     1058.8       601.7]
  [     1027.8      607.25]
  [     1044.4      743.85]
  [     1015.7      748.87]
  [     1035.1      864.66]
  [     996.42      890.99]]]