[[[     1080.8      385.21]
  [     1089.5      375.99]
  [     1073.3      376.39]
  [     1104.9      381.46]
  [     1063.9       383.3]
  [     1128.3      438.48]
  [     1041.5      438.39]
  [     1144.6      507.23]
  [     1024.5      509.79]
  [     1150.5       563.7]
  [     1021.7      570.28]
  [     1113.5      576.64]
  [     1055.6      577.78]
  [     1112.4      668.35]
  [       1050      669.23]
  [     1116.6      748.39]
  [     1051.4      750.16]]

 [[     903.13      426.78]
  [     907.58      419.13]
  [     894.56      419.33]
  [          0           0]
  [     873.61      423.57]
  [      926.8      470.65]
  [     852.61      472.44]
  [     940.24      527.93]
  [     840.13      535.26]
  [     929.62      577.88]
  [     850.71      587.92]
  [     916.73      587.86]
  [     868.19      588.96]
  [     915.86       671.3]
  [     866.15      671.95]
  [     919.27      748.94]
  [     859.58      752.01]]

 [[     779.69      380.08]
  [          0           0]
  [     772.29      371.49]
  [          0           0]
  [     747.35      377.31]
  [     757.95      435.29]
  [     729.38      437.72]
  [     770.47      513.88]
  [     736.59      519.08]
  [     786.82      575.29]
  [     760.88      583.68]
  [     766.14       581.5]
  [      745.6      584.08]
  [     761.98      679.37]
  [     735.12      682.66]
  [     756.27      767.33]
  [     721.76      777.95]]]