[[[     1141.7      366.51]
  [     1151.6      356.35]
  [     1132.7      357.07]
  [     1168.1      363.47]
  [       1121      365.68]
  [       1194      429.36]
  [     1097.1      428.93]
  [     1210.1      507.93]
  [     1075.6      510.07]
  [     1215.8      574.59]
  [     1068.7      579.79]
  [     1172.9      586.61]
  [     1108.2      586.65]
  [       1174      692.09]
  [     1099.1      691.54]
  [     1173.4      783.18]
  [       1103      784.92]]

 [[     930.33      420.85]
  [     937.13      411.47]
  [     920.57       411.6]
  [          0           0]
  [     900.25      415.07]
  [     961.15      470.41]
  [     879.29      470.62]
  [     974.76      533.33]
  [      863.9      542.04]
  [     962.87      588.17]
  [     875.41       602.5]
  [     948.51      606.89]
  [     893.63      606.41]
  [     947.65      701.88]
  [     892.25      701.66]
  [     949.52       783.2]
  [     884.49      783.47]]

 [[     797.61      368.74]
  [          0           0]
  [     790.72      357.41]
  [          0           0]
  [     762.13      360.13]
  [     768.77      426.65]
  [     739.32      429.25]
  [     781.44      516.86]
  [      747.1      522.67]
  [     797.25      586.74]
  [     770.82      597.31]
  [     776.03      594.36]
  [     754.37      597.18]
  [     769.35      707.12]
  [     741.96      710.73]
  [      759.7      802.62]
  [     723.51      817.77]]]