[[[     1501.2      321.03]
  [     1512.9      305.32]
  [     1498.1      307.53]
  [     1558.9      306.23]
  [          0           0]
  [     1619.9         393]
  [     1479.3      396.61]
  [     1643.6      497.14]
  [     1445.1      499.02]
  [     1637.4       587.9]
  [     1427.5      581.04]
  [     1579.7      598.06]
  [     1484.4      597.79]
  [       1576      735.04]
  [       1477      728.93]
  [     1578.8      855.44]
  [     1483.8       846.6]]

 [[     1260.1      386.56]
  [     1267.9      376.45]
  [       1249      374.09]
  [          0           0]
  [       1220      377.91]
  [     1288.6       452.7]
  [     1184.7      452.37]
  [     1307.7      532.01]
  [     1166.8      542.58]
  [     1289.3      599.72]
  [     1183.7      613.73]
  [     1273.3      625.29]
  [     1203.5      624.32]
  [     1270.8      735.57]
  [     1200.7      737.09]
  [     1275.8      836.32]
  [       1194      834.65]]

 [[     1085.7      326.27]
  [          0           0]
  [       1076      313.47]
  [          0           0]
  [       1040      320.49]
  [     1053.1       401.7]
  [     1012.7      406.27]
  [     1066.9      514.53]
  [     1025.5       520.5]
  [     1091.6      598.33]
  [     1058.3      610.79]
  [     1069.1      602.95]
  [       1039      607.97]
  [     1057.6       737.9]
  [     1024.8      744.51]
  [     1042.1         852]
  [     1003.2       878.7]]]