[[[     1065.6      415.93]
  [     1072.6      407.86]
  [     1062.5      409.12]
  [     1095.1      409.38]
  [          0           0]
  [     1124.9      459.13]
  [     1051.5      460.43]
  [     1141.6      520.27]
  [       1038      519.21]
  [       1144      571.06]
  [     1033.2      574.57]
  [     1107.9      579.03]
  [     1059.5      578.18]
  [     1110.4      661.13]
  [     1057.1      657.45]
  [     1117.5      730.75]
  [     1060.9      733.19]]

 [[     932.65      450.36]
  [     936.48      443.93]
  [     925.79      444.03]
  [          0           0]
  [     908.16       447.6]
  [     952.29      488.82]
  [     887.67      489.59]
  [     963.07      538.55]
  [     877.11      541.97]
  [     952.71      579.83]
  [     884.51      587.78]
  [     941.79      589.62]
  [     899.29      590.24]
  [     940.76       662.7]
  [      897.9      663.48]
  [     943.19      730.64]
  [     892.79      732.48]]

 [[     822.35      410.57]
  [          0           0]
  [     815.75      403.52]
  [          0           0]
  [     793.98      409.69]
  [     801.72      457.14]
  [     780.63      460.23]
  [          0           0]
  [     791.47       532.3]
  [          0           0]
  [     809.31      585.84]
  [     809.67      579.83]
  [     794.96      583.53]
  [     807.54      665.91]
  [     787.92      670.16]
  [     804.48      741.39]
  [     778.21      751.24]]]