[[[     1292.1      259.19]
  [     1307.8      245.45]
  [     1277.3      240.18]
  [          0           0]
  [       1243      245.87]
  [       1350      365.18]
  [     1180.4      356.08]
  [     1379.1      479.77]
  [     1147.6      483.16]
  [     1332.1      571.11]
  [     1201.7      577.91]
  [     1314.8      618.58]
  [     1201.4      614.25]
  [     1312.4      787.03]
  [     1185.7      791.41]
  [     1297.3      948.74]
  [     1176.1       952.2]]

 [[     970.95      343.33]
  [     985.47      329.41]
  [     956.81      326.86]
  [          0           0]
  [     924.79      332.55]
  [     999.27      433.94]
  [     875.48      425.53]
  [     1012.3       534.2]
  [     828.73      539.97]
  [     1034.6      566.74]
  [     827.51       642.2]
  [     965.05      660.19]
  [     884.06      656.75]
  [     947.65      817.46]
  [     852.51      816.75]
  [     920.46      954.62]
  [     813.29      960.06]]

 [[     641.39      211.48]
  [          0           0]
  [     627.64      189.53]
  [          0           0]
  [     566.64      191.49]
  [     590.87      325.27]
  [     514.82      323.72]
  [     613.12      503.46]
  [     532.13      512.15]
  [      653.8       628.9]
  [     586.92      659.79]
  [     603.58      642.06]
  [     552.52      648.32]
  [     593.17      856.27]
  [      532.3      870.34]
  [     580.96      1039.7]
  [     495.93      1064.7]]]