[[[     1163.6      314.84]
  [     1174.7      299.33]
  [     1159.5      301.98]
  [     1216.3      300.31]
  [          0           0]
  [     1272.6      390.87]
  [     1143.9      395.92]
  [     1299.7      498.74]
  [       1116      500.79]
  [     1293.9      589.83]
  [       1106      588.54]
  [     1242.4      600.17]
  [     1156.5      598.94]
  [     1244.5      740.39]
  [       1146      736.64]
  [     1243.1      860.61]
  [       1153      860.94]]

 [[     927.93      373.83]
  [     936.58      363.23]
  [     914.82      361.87]
  [          0           0]
  [     885.04      369.23]
  [     962.09       444.7]
  [     850.77      444.49]
  [     982.83      533.62]
  [     832.71      542.72]
  [     964.52      603.65]
  [      851.6      621.45]
  [     946.72      628.24]
  [     871.48      627.58]
  [     946.91      752.82]
  [     868.16      755.51]
  [     950.09      865.11]
  [     864.21      870.64]]

 [[     737.38       296.4]
  [          0           0]
  [     726.37       280.8]
  [          0           0]
  [     681.67         285]
  [      698.7      379.52]
  [     648.94      381.39]
  [      714.1      509.59]
  [     663.26      514.11]
  [     745.72      602.76]
  [     705.36       619.9]
  [     717.39      614.07]
  [     683.74      619.48]
  [     701.44      774.21]
  [     666.53      779.11]
  [     692.41      905.43]
  [     640.45      935.45]]]