[[[     1080.2      390.37]
  [     1089.1      381.44]
  [     1072.9      381.58]
  [     1104.3      387.34]
  [     1063.3      388.44]
  [     1127.5      443.59]
  [     1040.8      443.17]
  [     1143.5      511.64]
  [     1023.6      512.87]
  [     1149.3      567.93]
  [     1020.3      573.23]
  [     1112.5      580.01]
  [     1054.6      580.84]
  [       1111      670.88]
  [     1049.2      671.22]
  [     1114.6      751.79]
  [     1049.3       751.9]]

 [[     903.78      430.54]
  [     908.42      423.14]
  [     895.29      422.92]
  [          0           0]
  [     874.21      427.28]
  [     927.41      475.22]
  [     853.24      476.29]
  [     940.86      530.97]
  [     840.78       538.2]
  [      929.5       579.5]
  [     850.06       589.9]
  [     916.92      591.42]
  [     868.19      592.19]
  [     915.75      675.27]
  [     865.46      676.39]
  [      917.7         752]
  [     859.85      755.29]]

 [[     782.01       383.4]
  [          0           0]
  [     774.27      374.75]
  [          0           0]
  [     748.58      380.25]
  [     760.66       438.1]
  [     730.83      440.21]
  [     772.66      516.99]
  [      737.4      521.41]
  [     788.94      577.18]
  [     761.96      586.29]
  [     767.87       583.9]
  [     746.64       586.3]
  [     762.14      681.09]
  [     735.15      684.15]
  [     755.42      768.48]
  [     721.96      777.85]]]