[[[     1067.8      414.46]
  [     1074.7      406.19]
  [     1064.8      407.36]
  [     1097.5      407.24]
  [          0           0]
  [     1126.3      457.72]
  [     1053.1      458.71]
  [       1142      518.68]
  [     1037.8      517.85]
  [     1141.2      569.21]
  [     1033.1      573.67]
  [     1108.2       577.3]
  [     1059.9      576.29]
  [       1111      659.79]
  [     1057.4      655.84]
  [     1117.8      729.01]
  [     1060.4      733.07]]

 [[     933.66       449.2]
  [     937.16      442.76]
  [     926.71      442.85]
  [          0           0]
  [     908.12      446.39]
  [     951.79      487.73]
  [     887.44       488.8]
  [     962.34       536.9]
  [     877.02      541.67]
  [     953.18      578.23]
  [     884.72      587.31]
  [     942.26      589.62]
  [     899.83      590.41]
  [     940.99      662.47]
  [     897.28       663.3]
  [     942.83       730.5]
  [     892.07      731.95]]

 [[      821.3      409.58]
  [          0           0]
  [     814.58      402.48]
  [          0           0]
  [     792.62       408.4]
  [     804.05      456.93]
  [      777.7      459.03]
  [     815.59      524.63]
  [     786.73      531.98]
  [      827.6      576.86]
  [      805.8       585.4]
  [     811.18      578.95]
  [      793.7      582.27]
  [     807.06       665.5]
  [     786.97      669.07]
  [     803.07      740.97]
  [     777.26      750.67]]]