[[[     1057.8      412.52]
  [     1065.9      405.22]
  [     1053.1       405.6]
  [     1084.4      409.79]
  [          0           0]
  [     1110.8      458.65]
  [     1035.4      459.46]
  [     1127.9      519.96]
  [     1018.8      522.35]
  [     1131.8      574.38]
  [     1012.1      576.39]
  [     1092.5       583.7]
  [       1044       582.6]
  [     1094.5      669.77]
  [     1035.5      668.08]
  [     1098.8      745.02]
  [     1041.3      746.71]]

 [[     908.52      446.03]
  [     910.87      439.57]
  [     900.86      439.46]
  [          0           0]
  [     879.08      444.61]
  [     923.66      489.84]
  [     857.08      490.71]
  [     936.43      541.51]
  [     846.14      547.74]
  [     927.63      584.82]
  [     855.75      595.42]
  [     915.84      597.01]
  [     871.63         598]
  [     915.15      672.96]
  [     870.18      674.12]
  [     917.55      742.98]
  [     863.33      745.35]]

 [[     791.93      407.88]
  [          0           0]
  [     784.83      399.88]
  [          0           0]
  [     760.44      404.99]
  [     772.26      457.61]
  [     745.84      457.43]
  [     785.99      528.79]
  [     757.23      533.81]
  [     800.04      583.96]
  [     776.42      594.37]
  [     782.58      586.35]
  [     763.87       588.7]
  [     774.05      678.48]
  [     754.33      681.73]
  [     766.82      758.76]
  [     739.83      769.49]]]