[[[     1178.8      298.28]
  [     1190.5      280.87]
  [     1174.1      284.99]
  [     1237.5      283.11]
  [          0           0]
  [     1294.8      381.03]
  [     1154.2      383.86]
  [     1316.8      493.52]
  [     1124.8      495.77]
  [     1318.3       591.5]
  [     1113.2      588.47]
  [       1263      601.96]
  [     1168.5      602.13]
  [     1254.6      748.38]
  [     1157.5      747.77]
  [     1256.2      875.07]
  [     1155.3      878.97]]

 [[     918.65      360.76]
  [     928.26      350.26]
  [     905.92      348.02]
  [          0           0]
  [     876.24      355.73]
  [     958.05      437.08]
  [     839.23      436.53]
  [     978.18      530.69]
  [     820.84      540.12]
  [     960.91      602.86]
  [     839.46      623.91]
  [     941.59      629.71]
  [     862.09      630.55]
  [     941.25      761.61]
  [     858.33      766.84]
  [     943.03      883.11]
  [      851.2      886.55]]

 [[     714.05      272.15]
  [          0           0]
  [     702.24      255.45]
  [          0           0]
  [     655.08      259.54]
  [      671.4      363.71]
  [     616.97      361.26]
  [     691.25       502.6]
  [     631.47       508.1]
  [     724.11      606.35]
  [     676.13      622.41]
  [     690.25      614.76]
  [     653.72      619.37]
  [     674.56       784.5]
  [     635.73      791.94]
  [     666.37      926.66]
  [     610.87      964.15]]]