[[[     878.63       425.9]
  [     884.48      417.63]
  [     869.17      418.43]
  [          0           0]
  [     849.97      423.61]
  [     908.88       471.7]
  [     827.74      474.99]
  [     924.39      533.23]
  [     814.08       541.7]
  [     912.08      585.63]
  [     828.51      598.33]
  [     898.28         601]
  [     846.25      602.84]
  [     900.28      692.87]
  [     843.45      694.85]
  [     899.82      776.54]
  [      838.3      779.05]]

 [[     1084.3      378.75]
  [     1093.5      368.72]
  [     1075.6      368.87]
  [     1108.3      373.41]
  [     1063.4      374.43]
  [     1132.3      435.37]
  [     1038.7      434.47]
  [     1147.9      510.68]
  [     1019.3      511.92]
  [     1153.1      571.75]
  [     1013.2      576.68]
  [     1114.4      584.51]
  [     1051.8      584.91]
  [     1115.4      685.15]
  [     1045.8      685.48]
  [     1119.4      773.15]
  [     1048.6       773.4]]

 [[      747.4      371.58]
  [          0           0]
  [     739.52      361.12]
  [          0           0]
  [     710.78      365.69]
  [     722.35      430.18]
  [     690.66      432.26]
  [     735.52      515.21]
  [     699.57      521.95]
  [     750.68      582.27]
  [     723.32      593.14]
  [     731.82      592.58]
  [     708.76      595.31]
  [     724.53      700.38]
  [     697.18      704.72]
  [     717.24      795.32]
  [     683.19      808.98]]]