[[[     1050.4      413.57]
  [     1057.5       405.3]
  [     1048.7      406.23]
  [     1081.9      407.28]
  [          0           0]
  [     1111.4      458.59]
  [     1036.3      459.88]
  [     1127.3      522.06]
  [     1020.8      522.14]
  [     1124.8      576.22]
  [     1013.7      578.97]
  [     1091.2      583.49]
  [     1041.3      582.41]
  [     1094.5      668.23]
  [     1038.6      664.88]
  [     1100.4      742.93]
  [     1040.9      746.72]]

 [[     909.83      445.21]
  [     912.45      438.95]
  [     902.19      438.63]
  [          0           0]
  [     880.78      444.22]
  [     925.12      490.11]
  [     859.18      490.46]
  [     938.25       541.9]
  [     847.87      547.46]
  [     928.79      584.43]
  [     858.81      594.81]
  [     917.76      596.32]
  [     873.89      597.06]
  [     916.94      671.93]
  [     872.01      673.17]
  [     919.29      742.42]
  [     865.64      744.07]]

 [[     794.55      408.49]
  [          0           0]
  [     787.32      400.57]
  [          0           0]
  [     763.03      405.85]
  [     775.21      458.12]
  [     748.18      458.29]
  [     786.88      528.74]
  [     757.43       533.9]
  [     800.18      584.39]
  [     776.47      593.79]
  [     784.29      585.81]
  [     765.18      588.25]
  [     775.91         677]
  [      756.4      680.55]
  [      769.4      758.33]
  [     743.43      768.58]]]