[[[     1167.7      311.85]
  [     1179.1      295.85]
  [     1163.1      299.06]
  [     1222.5      297.41]
  [          0           0]
  [     1279.5      389.86]
  [     1146.1      394.27]
  [     1305.1      501.52]
  [     1120.2      506.51]
  [       1305      595.82]
  [     1108.9       597.6]
  [       1251      606.32]
  [     1161.3      605.16]
  [     1247.6      746.99]
  [     1148.9      744.89]
  [     1245.8      867.45]
  [     1150.5      870.95]]

 [[     921.93       372.3]
  [     930.85      361.96]
  [     909.62      359.72]
  [          0           0]
  [     879.52      365.93]
  [     956.65      444.67]
  [     844.18         444]
  [     976.51      534.21]
  [     825.79      543.04]
  [      959.6      604.83]
  [     842.99       623.8]
  [     941.11      631.26]
  [     865.83      631.72]
  [     941.99      758.04]
  [     862.29       761.6]
  [     943.67      873.65]
  [     857.02      875.15]]

 [[     728.51      288.73]
  [          0           0]
  [     717.75      272.57]
  [          0           0]
  [     671.24      276.94]
  [     685.45      373.69]
  [     638.63       376.7]
  [     701.85      510.59]
  [     652.36      516.74]
  [     735.57      609.22]
  [     696.04       622.4]
  [     705.13      615.78]
  [      673.3      622.17]
  [     691.83      780.75]
  [     653.86      789.14]
  [     679.95       912.7]
  [     624.86      949.96]]]