[[[     1498.1      326.18]
  [     1510.6       311.3]
  [     1494.5      312.42]
  [     1555.5      312.51]
  [          0           0]
  [     1614.6       396.2]
  [     1475.1       399.9]
  [     1638.5       499.3]
  [     1441.1       502.7]
  [     1636.3      590.59]
  [     1426.3      582.97]
  [     1576.7      599.08]
  [     1482.2      599.05]
  [       1573      734.71]
  [     1475.1      729.72]
  [     1573.7      854.13]
  [     1480.3      845.35]]

 [[     1260.5      389.21]
  [     1268.3      379.12]
  [     1249.7      376.87]
  [          0           0]
  [     1221.3      380.11]
  [     1287.9      454.06]
  [     1185.5      452.96]
  [     1305.9      533.17]
  [     1166.9      543.21]
  [     1288.3      600.06]
  [     1183.6      613.81]
  [     1272.1      625.15]
  [     1203.2      623.94]
  [     1268.8      735.07]
  [     1199.3       736.7]
  [     1274.1      833.68]
  [     1193.4      832.73]]

 [[     1089.9      329.74]
  [          0           0]
  [     1081.1      316.63]
  [          0           0]
  [     1045.8       322.4]
  [     1056.1      403.42]
  [     1019.7      408.22]
  [     1066.6      517.68]
  [     1031.3      525.51]
  [     1091.4      597.43]
  [     1064.7      611.39]
  [     1069.1      605.54]
  [     1043.1       610.3]
  [     1059.6      738.65]
  [     1025.5      743.86]
  [     1040.4      854.74]
  [     1004.1      874.52]]]