[[[     1064.1      415.28]
  [     1071.1      407.31]
  [     1062.5      408.07]
  [     1094.9      409.29]
  [          0           0]
  [     1124.5      459.68]
  [     1050.6      459.33]
  [       1141      521.76]
  [     1033.5       517.1]
  [     1142.5      573.92]
  [       1028      570.75]
  [     1105.7      579.93]
  [     1056.7      578.25]
  [     1107.3      661.79]
  [     1053.1      657.44]
  [       1112       731.9]
  [     1054.9      734.87]]

 [[     934.14      450.73]
  [     934.64      444.52]
  [      927.4      444.86]
  [          0           0]
  [     905.52      448.97]
  [     943.63      488.63]
  [     880.87      490.15]
  [     954.35      537.04]
  [     869.01      544.14]
  [     947.96       578.8]
  [      877.9      589.64]
  [     935.57      590.47]
  [     893.49      591.88]
  [     934.64      664.51]
  [     892.16       664.9]
  [     935.64      732.51]
  [     884.73      734.97]]

 [[     813.66      409.86]
  [          0           0]
  [     805.87       402.7]
  [          0           0]
  [     780.95      409.37]
  [     802.44      459.03]
  [     766.88      459.17]
  [      819.3      524.72]
  [     772.07      529.45]
  [     831.72      575.19]
  [      788.4      587.84]
  [     810.32      580.28]
  [     785.03      582.56]
  [     800.94      667.16]
  [     778.12      671.16]
  [     792.12      744.42]
  [      767.1      755.57]]]