[[[     1066.4       415.1]
  [     1073.2      407.05]
  [     1064.7      407.84]
  [     1096.6      408.77]
  [          0           0]
  [     1126.2      459.49]
  [     1052.2      459.48]
  [       1141      521.37]
  [     1035.3      517.62]
  [     1138.7      572.87]
  [     1029.3      571.07]
  [     1106.9      579.91]
  [     1057.8      578.36]
  [       1109      661.82]
  [     1054.4      657.81]
  [     1113.8      731.19]
  [     1057.1      734.41]]

 [[     937.26      449.83]
  [        938      443.87]
  [     930.35      443.98]
  [          0           0]
  [     908.12      448.49]
  [     946.42      488.66]
  [     883.73      489.73]
  [     956.77      537.44]
  [     872.01      543.99]
  [     949.39      578.69]
  [     881.19      589.95]
  [     938.16      590.85]
  [     896.05      592.04]
  [      937.2      664.61]
  [      894.8      665.24]
  [     938.15      732.49]
  [      886.8      733.87]]

 [[     815.05       409.8]
  [          0           0]
  [     807.85      402.61]
  [          0           0]
  [     785.29      408.79]
  [     804.08      457.96]
  [     770.39       459.4]
  [     819.96      524.93]
  [     777.25      530.19]
  [     832.63      575.97]
  [     793.85       586.2]
  [     808.73      581.88]
  [     784.86      584.69]
  [     801.94      666.01]
  [     781.04      670.92]
  [     797.34      745.03]
  [     771.01      752.61]]]