[[[     1714.1      419.13]
  [     1717.7      411.47]
  [       1705      412.32]
  [          0           0]
  [     1682.9      417.95]
  [     1742.9      463.58]
  [     1658.3      467.33]
  [     1764.4      518.53]
  [     1644.3      523.11]
  [     1763.6      570.35]
  [     1634.6      569.34]
  [     1726.3      577.44]
  [     1675.3      579.06]
  [     1713.3      651.69]
  [       1685      654.38]
  [     1695.6      725.43]
  [       1706      717.88]]

 [[       1918       438.2]
  [          0           0]
  [     1911.7      430.46]
  [          0           0]
  [     1896.2      432.06]
  [          0           0]
  [     1877.8      474.61]
  [          0           0]
  [     1872.6      522.87]
  [          0           0]
  [     1887.9       535.7]
  [          0           0]
  [     1888.6      593.77]
  [          0           0]
  [     1885.7      675.84]
  [          0           0]
  [          0           0]]]