[[[     1481.4      336.77]
  [       1493      321.98]
  [     1479.2      323.26]
  [     1537.8      323.37]
  [          0           0]
  [     1594.8      402.86]
  [     1462.5      409.38]
  [     1619.6      501.89]
  [     1431.4       506.6]
  [     1618.1      587.13]
  [     1420.6      586.62]
  [     1562.7      599.79]
  [     1473.7      601.25]
  [     1557.5      730.36]
  [     1461.6      727.54]
  [     1558.4         848]
  [     1463.1      841.25]]

 [[       1255      400.17]
  [     1260.7       388.8]
  [     1244.1      388.76]
  [          0           0]
  [     1214.2      393.11]
  [     1277.7      459.75]
  [     1179.8      461.72]
  [     1301.5       532.5]
  [     1162.5      547.29]
  [     1282.8      587.24]
  [     1177.9      615.61]
  [     1263.1      619.73]
  [     1198.5      620.88]
  [     1265.6      731.58]
  [     1195.5       733.5]
  [     1265.7      833.37]
  [     1186.4      830.86]]

 [[     1086.5       340.9]
  [          0           0]
  [     1078.4      328.56]
  [          0           0]
  [     1044.3      334.55]
  [     1053.6      411.83]
  [     1018.3      416.45]
  [     1066.1      521.35]
  [     1029.6      527.84]
  [     1088.3      597.41]
  [     1062.4      611.21]
  [     1064.7      606.75]
  [     1039.7      611.42]
  [     1054.8      735.87]
  [     1022.8      741.77]
  [     1038.7      848.68]
  [       1004      867.65]]]