[[[     1068.9      404.78]
  [     1076.7      397.84]
  [     1061.8      398.22]
  [     1088.8      403.85]
  [     1051.8      404.97]
  [     1110.7      454.82]
  [     1030.4      455.12]
  [     1123.5       516.5]
  [     1015.7      517.71]
  [     1123.1      569.85]
  [     1007.9      575.13]
  [     1092.3      580.57]
  [     1040.2      580.33]
  [     1094.2      667.19]
  [     1035.2      666.32]
  [     1097.8      742.82]
  [     1041.1      746.19]]

 [[     905.36      445.27]
  [     908.83      437.73]
  [     897.07      438.31]
  [          0           0]
  [     876.15      442.84]
  [      922.3      487.54]
  [     854.86       488.8]
  [     934.66      541.36]
  [     842.19      547.52]
  [     927.18      582.94]
  [      852.1      594.02]
  [     914.27      598.54]
  [     869.87      599.75]
  [     914.09       675.4]
  [     866.87      676.02]
  [     914.86      744.09]
  [     860.19      746.78]]

 [[     787.76      402.79]
  [          0           0]
  [     780.77      394.98]
  [          0           0]
  [     756.91      401.67]
  [     767.77      454.45]
  [     743.11      455.31]
  [     781.14      526.85]
  [     754.66      530.68]
  [     796.46      584.19]
  [     770.73      590.36]
  [     776.54      585.57]
  [     757.29       588.4]
  [     771.39      675.38]
  [     749.89      679.57]
  [     764.42      760.04]
  [     735.05      768.35]]]