[[[     1503.2       179.3]
  [     1524.9      155.31]
  [     1492.7      161.08]
  [     1589.5       162.8]
  [          0           0]
  [     1664.8      296.32]
  [     1458.2      305.75]
  [     1704.6      452.52]
  [       1407      451.26]
  [     1625.8      578.06]
  [     1411.8      559.51]
  [     1594.4      623.81]
  [     1456.6      619.93]
  [     1601.5      863.74]
  [       1450      845.38]
  [     1615.2      1042.2]
  [     1454.6      1028.6]]

 [[     1149.2      325.28]
  [     1159.7      312.98]
  [     1134.6      309.37]
  [          0           0]
  [     1096.5      319.69]
  [       1187      422.84]
  [     1046.7      415.53]
  [     1208.5      539.15]
  [       1018      533.05]
  [     1164.4      630.18]
  [     1023.4      630.59]
  [     1155.9      647.49]
  [     1062.6      645.43]
  [     1158.3      807.97]
  [     1069.9      807.49]
  [     1167.6      949.35]
  [     1073.7      940.89]]

 [[     772.09      231.71]
  [     782.04      216.26]
  [     752.37       212.5]
  [          0           0]
  [     705.59       222.7]
  [     808.62      353.02]
  [      652.9      341.54]
  [     834.16       496.6]
  [     635.77      497.04]
  [     838.18      617.79]
  [     670.02      636.68]
  [     794.86      630.14]
  [     695.53      628.46]
  [     765.39      813.76]
  [     694.76      817.88]
  [     748.02      977.79]
  [     682.29      999.74]]]