[[[     1309.3      326.28]
  [     1319.9      310.93]
  [     1305.7      313.31]
  [     1361.2      310.66]
  [          0           0]
  [     1412.2      389.27]
  [     1303.8      393.46]
  [     1434.7      489.27]
  [       1281      486.42]
  [       1393      559.74]
  [     1280.5      551.16]
  [     1380.1      586.64]
  [     1304.4      586.74]
  [     1388.4      725.87]
  [     1303.1      721.26]
  [     1401.1      842.27]
  [     1308.3      833.41]]

 [[     1120.8      394.95]
  [     1125.8      386.86]
  [     1109.5      385.83]
  [          0           0]
  [     1083.4      394.65]
  [     1150.2      452.84]
  [     1058.9      459.67]
  [     1173.9      518.55]
  [     1042.2      532.75]
  [     1147.6      528.42]
  [     1046.2      597.61]
  [     1136.8      604.66]
  [     1076.1      606.51]
  [     1137.1       713.5]
  [     1076.6      715.83]
  [     1139.4      810.75]
  [     1078.8      801.22]]

 [[     894.31      344.76]
  [     896.17      335.43]
  [     883.26      333.91]
  [          0           0]
  [     850.76      341.44]
  [     905.45      420.68]
  [     818.25      417.34]
  [     923.26      511.16]
  [     806.83      513.29]
  [      924.4      584.94]
  [     828.34      598.12]
  [     900.05      591.93]
  [     843.68      591.41]
  [     879.27      710.63]
  [     836.89      712.21]
  [     866.16       813.5]
  [     830.52      823.05]]]