[[[       1277      420.75]
  [     1282.3      413.05]
  [     1267.8      413.25]
  [          0           0]
  [     1246.8      419.86]
  [     1305.3      471.13]
  [       1224      471.72]
  [     1318.6      533.55]
  [     1209.3      534.68]
  [     1295.8      581.21]
  [     1213.2      590.25]
  [     1288.7      594.92]
  [     1236.3      594.99]
  [     1286.6      685.65]
  [     1239.4      684.66]
  [     1290.5      770.52]
  [       1241      766.16]]

 [[     1425.7       363.7]
  [       1433      350.12]
  [          0           0]
  [     1467.3      348.68]
  [          0           0]
  [     1521.2      413.16]
  [     1427.6      420.84]
  [     1535.7      495.28]
  [     1404.5      494.81]
  [     1502.4      559.43]
  [     1408.9       549.3]
  [     1490.8      582.08]
  [     1425.4      583.92]
  [     1500.7      700.42]
  [     1430.4      697.59]
  [     1512.8      802.91]
  [       1437      796.13]]

 [[       1072      386.18]
  [     1075.1      377.62]
  [     1062.8         377]
  [          0           0]
  [     1037.6      382.06]
  [     1085.5      441.56]
  [     1014.1      442.16]
  [     1099.8      515.69]
  [     1004.5      518.99]
  [     1103.3      576.41]
  [     1021.7      586.88]
  [       1083      580.84]
  [     1036.7      581.61]
  [       1067      679.75]
  [       1031      682.33]
  [     1058.6      765.37]
  [     1024.6      770.28]]]