[[[     871.22      441.59]
  [      875.4      434.84]
  [     863.67      435.16]
  [          0           0]
  [     845.94      439.89]
  [      894.4      484.44]
  [     827.39      485.13]
  [     905.89      539.11]
  [     817.51      539.66]
  [     900.48      585.62]
  [     820.57      585.74]
  [     883.59      593.85]
  [     840.23      594.42]
  [     883.15       670.8]
  [     843.51      670.39]
  [     886.85      739.79]
  [     844.13      738.74]]

 [[     694.67       403.6]
  [     698.39      395.62]
  [     685.79      395.75]
  [          0           0]
  [     664.44      401.11]
  [     712.01      456.19]
  [      644.4      454.64]
  [     725.96       522.1]
  [     636.11      522.64]
  [     729.01      575.26]
  [     651.92      583.66]
  [     706.19      580.81]
  [      663.8      581.21]
  [     692.22      668.19]
  [     660.93      667.95]
  [      683.2      748.59]
  [     655.47      755.19]]

 [[     991.32      407.43]
  [     996.79       397.9]
  [          0           0]
  [     1022.4      394.92]
  [          0           0]
  [     1061.4      439.98]
  [     996.05      445.36]
  [       1074       507.2]
  [     986.16      503.31]
  [     1053.4      562.33]
  [     982.38       549.8]
  [     1042.7      572.65]
  [     997.82      572.09]
  [     1047.4       668.9]
  [     1000.2      667.36]
  [     1058.2      756.96]
  [     1001.7      753.29]]]