[[[     1314.6      323.55]
  [     1324.3      308.27]
  [          0           0]
  [       1368      308.49]
  [          0           0]
  [     1424.3      390.43]
  [     1312.2      390.48]
  [     1444.2      494.05]
  [       1285      484.57]
  [     1395.7      570.75]
  [     1279.8      552.61]
  [     1383.9      592.71]
  [     1306.2      589.41]
  [     1393.9      737.69]
  [     1302.9      731.84]
  [     1407.7      863.33]
  [     1311.9         853]]

 [[     1110.5      396.83]
  [     1116.2      387.21]
  [     1099.6       386.6]
  [          0           0]
  [     1073.3       393.8]
  [     1141.4       459.1]
  [     1047.5      460.17]
  [     1159.9      533.19]
  [     1030.9      537.67]
  [       1147      595.28]
  [       1037      602.49]
  [       1125      615.69]
  [     1062.8      615.86]
  [     1126.9      723.21]
  [     1066.7      724.68]
  [     1131.7      821.23]
  [     1069.5      814.87]]

 [[     869.09      343.97]
  [     872.08       333.5]
  [      857.6      332.53]
  [          0           0]
  [     823.94      339.81]
  [     883.87       420.5]
  [     789.21      416.51]
  [     900.26      515.73]
  [     780.01      517.46]
  [     905.47      589.72]
  [     803.91      602.98]
  [     880.58      597.12]
  [     819.33      597.45]
  [      861.4      720.89]
  [     816.68      723.78]
  [     852.12      831.44]
  [     810.28      839.09]]]