[[[     724.99      440.17]
  [     729.78      433.48]
  [     717.17      433.23]
  [          0           0]
  [     699.86      438.74]
  [     748.82      484.07]
  [     681.79      484.04]
  [     762.44      537.18]
  [     670.62      539.79]
  [      758.7      583.76]
  [     676.99      585.57]
  [     741.18      590.33]
  [     697.97         591]
  [     741.85      666.62]
  [     701.25      668.37]
  [     741.68      734.75]
  [     702.09      734.92]]

 [[     546.63      399.76]
  [     550.44      392.53]
  [     537.39      392.46]
  [          0           0]
  [     515.59      399.52]
  [      563.7      454.48]
  [     494.96       453.5]
  [     578.99      520.56]
  [     487.61      522.01]
  [     582.91      575.56]
  [     503.17      580.95]
  [     559.37      580.22]
  [     516.49      581.31]
  [     545.34      666.64]
  [     512.47         668]
  [     536.92       745.4]
  [     507.31      753.41]]

 [[      843.6      400.21]
  [     848.38      391.18]
  [          0           0]
  [     870.99      393.05]
  [          0           0]
  [     909.38      441.99]
  [     846.62      445.02]
  [      918.8       508.8]
  [      830.8      502.77]
  [     895.75      561.06]
  [     829.52      549.07]
  [     885.01      570.67]
  [     839.86      569.43]
  [      894.4      662.85]
  [     846.31      662.09]
  [     910.37      749.04]
  [      856.8      746.07]]]