[[[     1258.9       435.8]
  [     1261.9      428.35]
  [     1250.6      428.37]
  [          0           0]
  [     1227.7      431.86]
  [     1280.3      476.17]
  [       1205      479.07]
  [     1302.6      525.28]
  [     1192.8      537.05]
  [     1300.1       570.6]
  [     1198.8      586.04]
  [     1270.3      591.91]
  [     1221.7      593.37]
  [     1271.6      676.63]
  [     1225.8      677.05]
  [     1274.9      755.67]
  [     1229.5      750.43]]

 [[     1404.1      382.48]
  [     1408.4      369.46]
  [          0           0]
  [     1437.9      366.79]
  [          0           0]
  [     1490.6      426.71]
  [     1409.9      429.45]
  [     1496.8      507.24]
  [     1390.9       499.9]
  [     1466.5       567.9]
  [     1389.3      545.43]
  [     1460.8      581.98]
  [     1404.2      581.16]
  [     1465.7      690.94]
  [     1400.4      686.91]
  [     1479.2      786.33]
  [     1406.4      774.82]]

 [[     1077.3      397.71]
  [     1079.9      390.07]
  [     1068.5      389.72]
  [          0           0]
  [     1044.3      395.24]
  [       1088      453.01]
  [     1021.6      450.68]
  [     1101.6      518.33]
  [     1014.7      520.28]
  [     1104.4      574.02]
  [     1029.5      583.19]
  [     1084.5      579.82]
  [     1041.7      580.17]
  [     1069.4      670.35]
  [     1038.2      670.87]
  [     1058.3      751.31]
  [     1031.5      760.37]]]