[[[      724.7      444.34]
  [     730.21      437.89]
  [     717.19      438.29]
  [          0           0]
  [     702.98      443.88]
  [     752.06       484.6]
  [     687.49      486.73]
  [     771.44      529.72]
  [     677.47      537.66]
  [     754.01      538.43]
  [     680.75      582.15]
  [     743.33       589.1]
  [     701.01      590.15]
  [     745.15      663.44]
  [     705.53      664.99]
  [      753.8      730.39]
  [     711.71      730.12]]

 [[     850.43      403.98]
  [     855.19      394.68]
  [          0           0]
  [     878.46      395.24]
  [          0           0]
  [     916.07         445]
  [     853.65      447.61]
  [     924.51      512.37]
  [      838.8      504.69]
  [      903.4      561.32]
  [     836.68       548.9]
  [     891.39      570.32]
  [     846.91      568.97]
  [     899.44      659.85]
  [     855.53      659.22]
  [     917.19      744.72]
  [     861.51      741.27]]

 [[     559.15      403.87]
  [     562.77      396.69]
  [      550.5      396.42]
  [          0           0]
  [     528.76      402.37]
  [     576.85      456.36]
  [     507.45         455]
  [     590.85      520.41]
  [     500.36      522.24]
  [     593.48      573.36]
  [     515.43      582.66]
  [      573.1      578.61]
  [     529.04      579.63]
  [     559.06      663.92]
  [     527.22      666.33]
  [     554.15      740.39]
  [     523.23      751.28]]]