[[[     1388.2      273.01]
  [     1403.8      254.91]
  [     1381.9      257.87]
  [     1454.9      259.05]
  [          0           0]
  [     1510.1      362.22]
  [     1367.2      362.08]
  [     1533.3      482.74]
  [     1334.8      477.52]
  [     1475.7      575.66]
  [     1329.2      560.29]
  [       1462       610.3]
  [     1364.9      605.17]
  [     1473.2      790.63]
  [     1360.4      780.07]
  [     1487.8      936.92]
  [     1371.3      929.05]]

 [[     1127.6      368.38]
  [     1133.3      358.25]
  [     1113.6      356.42]
  [          0           0]
  [     1079.4      366.57]
  [       1161      445.38]
  [     1045.6      448.75]
  [     1187.1      533.01]
  [     1026.1      541.82]
  [     1148.2      593.07]
  [       1034      621.01]
  [     1139.7      627.46]
  [     1063.5      626.88]
  [     1143.8      759.27]
  [     1068.7      761.49]
  [     1148.4      879.88]
  [     1076.8       873.7]]

 [[     833.47      300.75]
  [     836.72      287.92]
  [     818.86      286.81]
  [          0           0]
  [     778.05      297.22]
  [     851.19      397.45]
  [     735.79      391.78]
  [     871.87      512.98]
  [     723.39      515.56]
  [     878.17      606.35]
  [      750.7      622.39]
  [     844.71      613.92]
  [      770.2      614.07]
  [     822.51      760.97]
  [     766.78      763.65]
  [     811.64      895.07]
  [     760.53      906.55]]]