[[[     1352.4      299.32]
  [     1366.6      282.34]
  [     1347.3      283.65]
  [     1414.9      282.26]
  [          0           0]
  [     1465.5         373]
  [     1339.2      373.11]
  [     1486.1      488.03]
  [     1311.8      481.74]
  [     1434.9      569.05]
  [     1308.1      555.12]
  [     1422.9      598.59]
  [     1334.8      595.91]
  [     1431.6      760.93]
  [     1332.7      750.66]
  [     1436.7      898.82]
  [     1331.6      888.49]]

 [[     1096.9      383.74]
  [     1105.6      373.85]
  [     1085.3      372.56]
  [          0           0]
  [       1060      381.27]
  [     1136.2      451.86]
  [     1032.3      454.09]
  [     1154.2      535.65]
  [     1014.6      538.68]
  [     1123.6       598.2]
  [     1022.2      610.48]
  [     1120.4       617.5]
  [     1051.5      618.88]
  [     1123.2      738.09]
  [     1057.3      740.44]
  [     1129.5      848.11]
  [     1061.8       843.9]]

 [[     832.06      322.65]
  [     834.77      310.57]
  [     819.02      309.76]
  [          0           0]
  [     781.72      317.33]
  [     843.18      405.39]
  [     742.63       403.6]
  [     865.42      510.57]
  [     731.86      515.89]
  [     869.36      597.22]
  [      757.8      614.46]
  [     848.46      601.41]
  [     781.07      601.58]
  [        827      737.91]
  [     776.34      742.96]
  [     817.78      858.36]
  [     774.34       872.2]]]