[[[     1567.1      152.77]
  [     1592.4      126.18]
  [     1545.5      129.22]
  [     1641.3      140.59]
  [     1527.5       148.4]
  [     1701.3      283.74]
  [     1475.4      287.24]
  [     1748.1      443.15]
  [     1412.5      452.19]
  [       1677      561.93]
  [       1428      568.57]
  [     1625.4      630.03]
  [     1479.9      623.79]
  [     1635.5      884.97]
  [     1471.6      866.11]
  [     1658.3      1066.8]
  [     1482.4      1055.1]]

 [[     1182.3      325.88]
  [     1195.3      309.82]
  [     1164.8      308.48]
  [          0           0]
  [     1125.7      311.62]
  [     1225.8      402.64]
  [     1073.3      401.82]
  [     1227.6      498.16]
  [     1036.8      518.54]
  [     1185.4      398.84]
  [       1013      623.89]
  [     1185.8      642.92]
  [     1083.6      639.61]
  [     1173.9      820.05]
  [     1081.8      817.43]
  [     1168.8      969.43]
  [     1077.2      958.36]]

 [[     769.07      213.99]
  [     778.72      198.72]
  [     747.95      193.86]
  [          0           0]
  [     697.66      206.84]
  [     801.88      346.49]
  [     643.11      334.82]
  [     827.73      501.32]
  [     623.54      498.35]
  [     835.39      624.61]
  [     658.39      645.86]
  [     793.49      638.23]
  [     691.17      635.96]
  [     760.12      834.53]
  [     683.49      838.92]
  [     734.75      1005.6]
  [     665.98      1026.4]]]