[[[     1102.3      389.28]
  [     1109.1      379.03]
  [     1090.9       377.6]
  [          0           0]
  [     1061.9      383.99]
  [     1134.5      454.25]
  [     1031.5      456.76]
  [     1152.4      537.15]
  [     1015.2      540.77]
  [     1122.6      598.75]
  [     1022.9      611.66]
  [     1119.2       618.3]
  [       1051      619.77]
  [     1121.6      736.91]
  [       1057      739.06]
  [     1127.3      844.66]
  [     1061.1      840.74]]

 [[     834.06      328.35]
  [     836.97      316.15]
  [     820.94      315.73]
  [          0           0]
  [     784.37      323.19]
  [      844.7      410.14]
  [     746.24      407.89]
  [     866.17      514.04]
  [     734.22      517.93]
  [      870.7      598.34]
  [     759.09       615.9]
  [     850.22      602.03]
  [     784.38      602.21]
  [     828.24      736.75]
  [      779.7      742.39]
  [     819.14      855.76]
  [     777.24      870.85]]

 [[     1341.7      304.56]
  [     1354.2      289.43]
  [     1339.4       290.7]
  [     1402.1      292.35]
  [          0           0]
  [     1458.4      381.46]
  [     1338.7      377.54]
  [     1475.8      492.31]
  [     1314.5      481.58]
  [     1424.9      579.18]
  [     1303.3       552.4]
  [     1415.9      602.23]
  [     1332.9      595.28]
  [     1422.7      762.33]
  [     1323.4      752.92]
  [     1430.3      894.69]
  [     1326.1      885.81]]]