[[[     1551.3      155.19]
  [     1576.2      127.76]
  [     1532.1      131.69]
  [     1635.1      138.42]
  [     1523.3      149.74]
  [     1704.2      280.54]
  [     1476.1      288.19]
  [     1747.3      442.42]
  [     1412.8      451.39]
  [     1673.3      571.56]
  [       1426      564.77]
  [     1624.9      630.85]
  [     1477.3      625.29]
  [     1635.5      886.02]
  [     1470.3      867.22]
  [     1656.7      1068.3]
  [     1480.9      1058.2]]

 [[     1106.2      320.54]
  [     1121.3      305.62]
  [     1090.4      303.78]
  [       1138      316.81]
  [     1058.4      313.44]
  [       1172      409.96]
  [     1019.1      414.78]
  [     1223.2      510.98]
  [     981.98      526.37]
  [     1200.2      557.39]
  [     959.36      613.36]
  [     1146.8      648.45]
  [     1047.5      650.61]
  [     1156.3      817.79]
  [     1059.4      820.12]
  [     1173.1      969.16]
  [     1071.3      960.29]]

 [[     755.69       209.6]
  [     765.35       194.5]
  [     733.79      189.83]
  [          0           0]
  [     683.99      205.24]
  [     793.99      345.43]
  [     630.03      333.74]
  [     820.57      500.65]
  [     609.36      498.31]
  [     827.67      626.12]
  [     645.87      647.04]
  [     784.43       639.1]
  [     678.99      637.36]
  [     754.07      832.59]
  [     673.51      838.87]
  [     734.01      1005.6]
  [     663.02      1025.1]]]