[[[      844.7       331.8]
  [     846.86       320.7]
  [     832.26      319.52]
  [          0           0]
  [     795.96      325.99]
  [     855.83       411.6]
  [     759.29      407.69]
  [     875.21      512.03]
  [     747.22      514.65]
  [     876.71      592.17]
  [      769.5       609.4]
  [     854.28      600.81]
  [     790.41      600.11]
  [     840.69      732.02]
  [     788.54      735.51]
  [      828.6      850.48]
  [     786.86      864.28]]

 [[     1106.9      388.18]
  [     1113.1      378.26]
  [     1095.7      376.81]
  [          0           0]
  [     1066.7      383.71]
  [     1137.2      453.85]
  [     1035.7      455.64]
  [     1154.8      535.64]
  [     1020.2       539.2]
  [     1126.2      596.43]
  [     1028.3       608.7]
  [     1122.7      616.94]
  [     1055.5      618.08]
  [     1123.6      733.16]
  [     1060.1      735.14]
  [     1128.2      836.58]
  [     1062.5      833.38]]

 [[     1334.4         305]
  [     1345.2      289.25]
  [          0           0]
  [     1391.6      291.43]
  [          0           0]
  [     1456.5      380.56]
  [     1335.1      382.52]
  [     1473.4      490.91]
  [     1307.6       482.5]
  [     1419.3      573.53]
  [     1298.2      553.24]
  [     1411.8      598.92]
  [     1327.6      594.43]
  [     1413.6      750.55]
  [     1317.6      746.37]
  [     1423.6       883.5]
  [       1321      874.63]]]