[[[     1402.6       264.5]
  [     1418.5      245.58]
  [     1397.1      248.51]
  [     1472.8      247.77]
  [          0           0]
  [     1528.5      349.15]
  [     1385.7      354.33]
  [     1553.6      481.27]
  [     1353.2       475.9]
  [     1490.7      579.29]
  [     1345.5      559.87]
  [     1477.8      605.75]
  [     1378.4      604.62]
  [       1489      792.39]
  [     1377.8      783.68]
  [     1505.1      948.38]
  [     1380.4      932.24]]

 [[     1128.3      363.47]
  [     1133.1      352.89]
  [       1114      351.82]
  [          0           0]
  [     1079.1      362.68]
  [     1161.8       440.2]
  [     1046.3      445.11]
  [     1184.3       535.7]
  [     1027.3      541.15]
  [     1151.9      610.57]
  [     1034.8      620.97]
  [       1143      629.54]
  [     1066.9      631.01]
  [     1146.5      763.87]
  [     1072.9      765.43]
  [     1151.2      885.37]
  [     1076.1      876.09]]

 [[     842.33      299.52]
  [     844.16      286.61]
  [     830.19      283.68]
  [          0           0]
  [     786.65      288.77]
  [     846.15      391.87]
  [     733.76      387.61]
  [     868.96      510.31]
  [     719.84      513.03]
  [     875.36      607.37]
  [     748.65       625.7]
  [     847.99       614.4]
  [     772.24      614.01]
  [     822.03      764.65]
  [     761.52      769.47]
  [      807.2      899.03]
  [     758.19      914.05]]]