[[[       1668      424.75]
  [     1680.4      411.59]
  [     1658.9      412.55]
  [     1704.5       416.3]
  [          0           0]
  [     1733.6      504.21]
  [     1643.5      495.38]
  [     1755.2      604.38]
  [     1613.3      568.07]
  [     1665.3      603.38]
  [       1650      577.58]
  [     1700.5         672]
  [          0           0]
  [          0           0]
  [          0           0]
  [          0           0]
  [          0           0]]

 [[     1218.6      404.27]
  [          0           0]
  [          0           0]
  [          0           0]
  [          0           0]
  [     1258.1      457.95]
  [     1174.1      459.05]
  [     1277.5      511.41]
  [     1146.6      517.17]
  [     1256.5      523.57]
  [       1184      526.66]
  [       1246      576.79]
  [     1190.3      577.37]
  [          0           0]
  [          0           0]
  [          0           0]
  [          0           0]]

 [[          0           0]
  [          0           0]
  [          0           0]
  [          0           0]
  [          0           0]
  [     1118.3      479.73]
  [     1079.8      480.65]
  [     1119.9      522.69]
  [       1072      519.81]
  [          0           0]
  [          0           0]
  [     1105.7      555.42]
  [     1079.4      554.93]
  [          0           0]
  [          0           0]
  [          0           0]
  [          0           0]]

 [[          0           0]
  [          0           0]
  [          0           0]
  [          0           0]
  [          0           0]
  [     898.05      479.32]
  [     850.21       478.5]
  [     907.43      520.45]
  [     841.46      520.07]
  [     899.28      552.87]
  [     852.79      549.23]
  [      889.5      555.26]
  [     857.89       554.8]
  [          0           0]
  [          0           0]
  [          0           0]
  [          0           0]]

 [[          0           0]
  [          0           0]
  [          0           0]
  [          0           0]
  [          0           0]
  [     289.36      477.41]
  [     226.07      473.84]
  [     316.55      462.02]
  [      219.5      419.04]
  [      271.8      421.43]
  [      240.9      403.56]
  [     294.61      561.28]
  [     249.74      560.75]
  [          0           0]
  [          0           0]
  [          0           0]
  [          0           0]]]