[[[     1077.3      351.18]
  [     1091.5      337.39]
  [     1072.4      338.99]
  [     1132.3      345.16]
  [          0           0]
  [     1175.7      430.13]
  [     1051.9      430.36]
  [     1197.5      537.54]
  [     1024.1      526.84]
  [     1154.5      615.81]
  [     1029.4       610.1]
  [     1144.5      631.69]
  [     1061.7      631.19]
  [     1146.6      775.83]
  [       1071      774.69]
  [     1156.8       905.8]
  [     1074.7       895.9]]

 [[     1442.2      235.53]
  [       1460      213.78]
  [     1434.1      217.71]
  [     1519.9      212.31]
  [          0           0]
  [       1586      322.63]
  [     1422.4      332.62]
  [     1616.6      466.07]
  [     1383.3      464.63]
  [     1550.3      574.28]
  [     1379.3      560.01]
  [     1529.5      607.14]
  [     1417.1      606.13]
  [     1535.3      814.21]
  [     1415.1      801.65]
  [     1551.9      986.73]
  [     1412.3      969.45]]

 [[     814.03      265.97]
  [     819.28      252.44]
  [     797.95       249.8]
  [          0           0]
  [     751.79       260.2]
  [     838.57       373.8]
  [      704.3      367.98]
  [     862.98      502.47]
  [     689.07         509]
  [     867.21      607.78]
  [     717.71      630.75]
  [     828.87      621.17]
  [     742.53      621.09]
  [     805.24      785.81]
  [     735.09      788.74]
  [     785.94      930.92]
  [     727.12      943.59]]]