[[[     821.63      441.19]
  [     826.17      434.48]
  [     814.09      434.74]
  [          0           0]
  [     796.98      439.54]
  [     845.31       483.8]
  [     778.51      484.26]
  [     856.29      538.56]
  [     768.15      538.11]
  [     850.53      585.29]
  [     769.56      584.31]
  [     833.71      592.68]
  [     790.43      593.13]
  [     833.97      670.12]
  [     793.95      669.78]
  [     838.89      739.56]
  [     795.23      738.44]]

 [[     645.39      401.52]
  [     649.18      393.64]
  [     636.29      393.67]
  [          0           0]
  [     614.54      399.63]
  [     662.73      455.38]
  [      594.2      453.91]
  [     677.17         521]
  [     585.52      522.32]
  [     680.11      575.52]
  [      601.9      583.58]
  [     656.73      580.38]
  [     613.76      580.78]
  [     642.83       668.3]
  [     610.61      668.02]
  [      633.5       749.3]
  [     604.37      755.36]]

 [[     940.62      408.79]
  [     945.64      399.24]
  [          0           0]
  [     971.17      395.55]
  [          0           0]
  [     1012.7      439.75]
  [     946.27       445.1]
  [     1024.9      507.24]
  [     936.18      502.55]
  [     1005.6      564.18]
  [     934.12      549.62]
  [     995.39      572.27]
  [     949.81      571.68]
  [     999.86      667.69]
  [     952.46      666.04]
  [     1008.6      755.93]
  [     952.35      752.23]]]