[[[     539.43      398.22]
  [     542.89      390.63]
  [     530.27      390.63]
  [          0           0]
  [     507.99       397.3]
  [      557.4      453.85]
  [     487.67      451.88]
  [     572.28      519.14]
  [     480.52       519.8]
  [     576.28       574.8]
  [     495.35      582.25]
  [      553.4       579.8]
  [     509.01      580.17]
  [     540.09      668.43]
  [     507.26      668.36]
  [      531.3      747.43]
  [     502.07      756.73]]

 [[      839.7      398.79]
  [     844.37      389.55]
  [          0           0]
  [     866.51      390.86]
  [          0           0]
  [      905.9      441.11]
  [     842.86      443.66]
  [     913.98      510.05]
  [     828.29      501.66]
  [     890.91      561.09]
  [     824.44      546.75]
  [     880.91      570.73]
  [     835.64      569.14]
  [     890.26      664.03]
  [     842.21      662.87]
  [     907.37      752.05]
  [     852.77      747.45]]

 [[     717.49      438.35]
  [     722.65      432.27]
  [     710.09      432.48]
  [          0           0]
  [     695.09      439.09]
  [     745.53      484.02]
  [     676.26      484.26]
  [     757.17      537.66]
  [     665.53      537.46]
  [     752.31      584.12]
  [     669.41      583.51]
  [     733.22      591.75]
  [     688.38      591.98]
  [     733.88      667.53]
  [     693.02      667.49]
  [     737.38       734.8]
  [     696.16      733.83]]]