[[[     1117.1      420.15]
  [     1121.3      410.57]
  [     1107.4      411.68]
  [          0           0]
  [     1083.9      417.09]
  [     1136.6      470.73]
  [     1058.9      471.99]
  [     1158.9      530.43]
  [     1043.2      537.32]
  [     1156.5      526.57]
  [     1049.1      590.74]
  [     1125.4      604.62]
  [     1074.8      604.98]
  [     1125.1      698.54]
  [       1074      699.98]
  [     1129.9      780.29]
  [       1077       778.4]]

 [[     1282.4      351.41]
  [     1289.4      337.92]
  [          0           0]
  [       1321      339.52]
  [          0           0]
  [     1375.2      408.69]
  [     1284.5      413.51]
  [     1387.2      496.27]
  [     1263.5      491.21]
  [       1353      563.85]
  [     1260.3      550.03]
  [     1342.5      582.93]
  [     1278.6      583.25]
  [     1350.6      704.46]
  [     1280.8      700.16]
  [     1360.4      810.75]
  [     1282.6      803.59]]

 [[     912.85      374.17]
  [     913.48      365.06]
  [     904.52      363.58]
  [          0           0]
  [     874.82      368.36]
  [     916.43       437.7]
  [     840.96      434.91]
  [     931.85      517.57]
  [     831.08      518.71]
  [     935.71       584.4]
  [     850.87      592.49]
  [     915.19      589.27]
  [     865.13      589.05]
  [     896.16      695.61]
  [     860.36      696.05]
  [     889.44       785.8]
  [     852.27      797.75]]]