[[[     1319.6      318.17]
  [     1329.5      302.68]
  [          0           0]
  [     1374.3      302.14]
  [          0           0]
  [     1432.7      385.14]
  [     1317.6      384.93]
  [     1452.5      491.18]
  [     1292.2      482.19]
  [     1405.3      570.97]
  [     1287.1      549.55]
  [     1392.8      592.66]
  [     1312.8       588.7]
  [       1401      739.89]
  [     1306.2      733.22]
  [     1411.1      869.94]
  [     1313.5       857.7]]

 [[     1110.9      394.98]
  [     1115.4      384.83]
  [     1099.7      384.78]
  [          0           0]
  [     1071.2      391.64]
  [     1140.1      456.48]
  [       1042      458.58]
  [     1161.7      529.33]
  [     1024.9      537.95]
  [     1139.3      580.68]
  [     1035.6       602.6]
  [     1126.2      611.58]
  [     1061.5      612.49]
  [     1127.3      722.18]
  [     1067.3      724.29]
  [     1130.7         823]
  [     1068.9      818.59]]

 [[     857.97      342.29]
  [     862.36      330.88]
  [     845.59       330.3]
  [          0           0]
  [     812.89      336.01]
  [     874.59      417.35]
  [      779.6       412.9]
  [     894.08      513.99]
  [     771.16      514.61]
  [     899.26      590.83]
  [     793.03      604.38]
  [     875.87      597.15]
  [     812.75      596.11]
  [     854.26      722.03]
  [     810.44      726.61]
  [     845.89      832.29]
  [     806.45      846.16]]]