[[[     1000.7      399.89]
  [       1007      390.82]
  [     998.93      392.82]
  [     1031.9      391.12]
  [          0           0]
  [     1067.5      439.06]
  [     1000.6      443.78]
  [     1079.3      506.48]
  [     987.27      501.81]
  [     1058.2      562.08]
  [     985.08      549.52]
  [     1045.1      571.34]
  [     999.24       570.7]
  [     1052.1      670.02]
  [     1002.1      668.46]
  [     1064.1      761.76]
  [       1007      756.41]]

 [[     874.95       445.7]
  [     880.34      438.73]
  [     867.72      438.67]
  [          0           0]
  [     850.95      440.55]
  [     900.04      482.84]
  [     830.79       484.6]
  [     915.47      527.41]
  [     820.04      538.38]
  [     914.24      543.29]
  [     823.25      585.67]
  [     889.72      593.53]
  [     844.99      594.49]
  [     887.99      670.14]
  [     845.52      671.43]
  [     892.13      740.62]
  [     848.26      740.58]]

 [[     695.42      401.69]
  [     699.43      394.38]
  [     686.72      394.15]
  [          0           0]
  [     665.76      400.09]
  [     712.97      454.85]
  [     644.44      453.69]
  [     727.04      520.82]
  [     637.16      523.52]
  [     730.35      576.02]
  [     653.18      584.18]
  [      708.6      580.83]
  [     665.52      581.68]
  [     693.89      669.62]
  [     662.43      670.46]
  [     685.41      750.55]
  [     656.08      758.67]]]