[[[     1405.5      380.07]
  [     1409.9       367.3]
  [          0           0]
  [     1439.9      365.46]
  [          0           0]
  [     1494.9      425.27]
  [       1413      428.01]
  [     1501.9       507.2]
  [     1395.8       500.5]
  [     1471.6      568.05]
  [     1392.5      547.01]
  [     1464.9      581.21]
  [     1407.2      580.39]
  [     1471.5      691.48]
  [     1403.7      689.18]
  [     1485.2      786.15]
  [     1411.8      778.08]]

 [[       1265      434.25]
  [     1268.8      426.69]
  [     1256.7      426.49]
  [          0           0]
  [       1234      430.11]
  [     1288.8      477.42]
  [     1211.5      479.04]
  [     1305.3      531.37]
  [     1197.8       539.4]
  [       1283      570.27]
  [     1204.5      588.84]
  [     1276.8      592.71]
  [     1226.5      593.42]
  [     1275.4      678.29]
  [     1229.2      678.84]
  [     1278.1      757.13]
  [     1231.9      754.14]]

 [[     1077.7      397.57]
  [     1080.2      390.11]
  [       1069      389.64]
  [          0           0]
  [     1044.8      395.44]
  [     1086.1      452.89]
  [     1021.9      450.62]
  [     1101.8      518.42]
  [     1014.3      520.13]
  [     1106.8      576.04]
  [       1030      583.22]
  [     1085.2      580.25]
  [     1043.9       580.9]
  [     1069.2      672.08]
  [     1039.2       673.5]
  [     1059.7      755.18]
  [     1031.1      763.23]]]