[[[          0           0]
  [          0           0]
  [          0           0]
  [          0           0]
  [          0           0]
  [     1189.9      480.48]
  [     1145.9      477.99]
  [     1195.4      521.48]
  [     1137.4      517.15]
  [          0           0]
  [          0           0]
  [     1183.3      553.26]
  [     1153.6      552.77]
  [     1183.5      604.05]
  [     1152.8      604.48]
  [          0           0]
  [          0           0]]

 [[     1757.7      320.47]
  [          0           0]
  [          0           0]
  [          0           0]
  [          0           0]
  [     1818.7      399.03]
  [     1680.7      400.51]
  [     1836.8      492.14]
  [     1627.4      493.06]
  [          0           0]
  [     1662.3      508.32]
  [     1797.2      598.29]
  [     1699.3      598.82]
  [          0           0]
  [          0           0]
  [          0           0]
  [          0           0]]

 [[          0           0]
  [          0           0]
  [          0           0]
  [     1417.1      437.07]
  [          0           0]
  [     1431.4      475.35]
  [     1401.6      475.82]
  [     1428.1      524.15]
  [          0           0]
  [          0           0]
  [          0           0]
  [     1422.1      558.54]
  [     1400.3      557.33]
  [          0           0]
  [          0           0]
  [          0           0]
  [          0           0]]]