[[[     54.269      417.03]
  [     60.708      407.88]
  [     43.219      407.08]
  [          0           0]
  [      18.36      412.27]
  [     87.711      469.93]
  [    0.92711      461.21]
  [     124.64       528.2]
  [          0           0]
  [     114.44      513.79]
  [          0           0]
  [     65.382      603.24]
  [     6.2564      598.99]
  [     66.196       695.9]
  [     8.3663      693.68]
  [     72.014      767.38]
  [     7.0986      769.82]]

 [[     220.52      376.74]
  [     228.44       365.4]
  [          0           0]
  [     260.72      369.24]
  [          0           0]
  [     304.24       431.3]
  [     219.26      431.02]
  [     319.59      503.52]
  [     197.58      497.65]
  [     292.93      559.98]
  [     201.92      544.69]
  [     277.69      575.04]
  [     218.15      575.26]
  [     290.47      678.79]
  [     221.86      681.16]
  [     304.84       767.5]
  [     230.01      771.01]]]