[[[       1515      169.63]
  [     1537.4      145.11]
  [     1502.5      151.63]
  [       1602      153.25]
  [          0           0]
  [     1673.2      290.82]
  [     1462.1      296.31]
  [     1718.3      443.27]
  [     1409.3      447.25]
  [     1640.4      574.76]
  [     1414.6      559.96]
  [     1601.8      625.15]
  [     1462.3      618.82]
  [       1612      877.41]
  [     1459.6      856.03]
  [     1628.6      1047.6]
  [     1463.3      1036.4]]

 [[       1144      320.04]
  [     1154.9      307.35]
  [     1128.6      304.26]
  [          0           0]
  [     1090.7      316.13]
  [     1187.7      418.32]
  [     1045.3      414.87]
  [     1214.2      536.71]
  [     1019.6      536.29]
  [     1171.7      634.61]
  [     1027.7      635.92]
  [     1161.6      649.16]
  [     1067.5      648.57]
  [     1161.9      813.78]
  [     1071.5      815.18]
  [     1169.9      959.54]
  [     1076.2      951.99]]

 [[     757.03      225.69]
  [     769.14      210.78]
  [     737.25      206.32]
  [          0           0]
  [     693.29      218.75]
  [     800.38      353.46]
  [     640.02      340.14]
  [     826.12      501.77]
  [     621.95      499.73]
  [     833.13      623.06]
  [     659.05       641.9]
  [     787.33       632.6]
  [     685.15      630.89]
  [     759.91      820.01]
  [     683.73      824.55]
  [     742.23      990.35]
  [     674.61      1009.6]]]