[[[     1260.1      418.28]
  [     1269.3      409.52]
  [     1251.7      410.84]
  [     1285.4      415.86]
  [     1240.5      419.24]
  [     1306.6       470.7]
  [     1224.9      471.48]
  [     1328.6      533.62]
  [     1203.4      532.79]
  [     1311.5      577.76]
  [     1205.3      578.77]
  [     1289.5      601.29]
  [     1236.7      601.91]
  [     1291.2      693.84]
  [     1237.5      693.26]
  [     1292.4      774.73]
  [     1242.1      770.96]]

 [[     1443.9      356.98]
  [       1452       343.7]
  [          0           0]
  [     1489.9      344.02]
  [          0           0]
  [     1542.1      413.01]
  [     1447.4      412.04]
  [     1550.1      502.76]
  [     1426.2      494.58]
  [     1511.9      566.17]
  [     1419.9      551.65]
  [     1507.7      586.11]
  [     1440.9      583.36]
  [     1514.2      707.59]
  [       1438      702.16]
  [       1529      813.34]
  [     1443.5      802.24]]

 [[     1070.2      382.76]
  [     1072.9      374.25]
  [     1060.7      373.49]
  [          0           0]
  [     1034.4      379.24]
  [     1082.3      440.86]
  [     1008.7      440.48]
  [     1096.2      516.64]
  [     999.35      521.42]
  [     1099.3      581.44]
  [     1017.3      591.05]
  [     1080.7       584.8]
  [     1032.7      585.43]
  [     1063.8      687.81]
  [     1026.5      690.66]
  [     1054.9      773.77]
  [       1021       779.8]]]