[[[     1109.7      421.04]
  [     1114.1      411.78]
  [     1100.1       412.6]
  [          0           0]
  [     1076.6       417.5]
  [     1130.7      470.87]
  [     1050.4       470.5]
  [     1145.3       533.3]
  [     1035.7      536.25]
  [     1147.1      534.07]
  [       1042      593.25]
  [     1119.2      605.55]
  [     1066.2      605.28]
  [     1118.5      699.49]
  [     1068.9      699.85]
  [     1122.3      780.77]
  [       1071      776.63]]

 [[     904.13      373.59]
  [     904.97      364.58]
  [     895.53      363.09]
  [          0           0]
  [     866.41      367.58]
  [     909.14      437.64]
  [     834.24      434.51]
  [     925.67      517.18]
  [     822.44      520.79]
  [     927.05      583.21]
  [     843.73      596.05]
  [     906.95      588.82]
  [     857.87      587.93]
  [     890.06      697.64]
  [     853.29      696.68]
  [     879.58      787.95]
  [     845.87      799.55]]

 [[     1275.6      351.37]
  [     1282.3      337.56]
  [          0           0]
  [     1314.7      338.26]
  [          0           0]
  [     1368.8      409.05]
  [       1277      410.73]
  [     1380.5      498.75]
  [     1259.2      491.37]
  [     1345.9      568.16]
  [     1256.3      550.28]
  [     1338.2      585.09]
  [     1273.2      584.65]
  [     1342.8      706.97]
  [     1271.5      704.51]
  [     1354.2      813.46]
  [     1274.6      804.92]]]