[[[     714.77      439.87]
  [     720.01      433.13]
  [     707.56      433.08]
  [          0           0]
  [     691.35      436.82]
  [     740.89      482.25]
  [     672.06      482.52]
  [      753.3      537.95]
  [     662.26      537.96]
  [     747.15      585.97]
  [     665.67      585.49]
  [     729.58      593.25]
  [     685.15      593.67]
  [     731.15       670.3]
  [     689.49      671.01]
  [     736.03       739.3]
  [     692.59      737.53]]

 [[     837.17      405.41]
  [     842.31      396.09]
  [          0           0]
  [     867.16      394.29]
  [          0           0]
  [     908.22      440.33]
  [     842.81       445.2]
  [     918.96      509.34]
  [     830.91      503.14]
  [     898.25      565.39]
  [     827.66      550.42]
  [     886.14      571.02]
  [     840.52      570.26]
  [     894.77      667.54]
  [     844.38       666.7]
  [     907.48      756.47]
  [     851.81      752.51]]

 [[     534.27      396.17]
  [     538.69      388.77]
  [     525.22      388.18]
  [          0           0]
  [     503.11      394.18]
  [     552.12       451.5]
  [     480.92      449.48]
  [     568.05      517.54]
  [     472.57      520.71]
  [     570.53      574.08]
  [     489.25      583.55]
  [     548.93      579.95]
  [     504.03      580.55]
  [     533.36      670.79]
  [     500.66       671.5]
  [     525.69      752.41]
  [     493.89      763.12]]]