[[[     1169.1      291.73]
  [     1186.2      279.97]
  [     1165.8      277.96]
  [     1224.5      295.14]
  [          0           0]
  [     1261.6      386.95]
  [     1132.9      383.19]
  [     1284.4      500.25]
  [     1097.5      493.42]
  [     1246.8      594.75]
  [     1093.7      584.53]
  [     1221.2      607.28]
  [     1136.7      601.96]
  [     1231.2      766.62]
  [     1139.4      758.94]
  [     1242.9      903.38]
  [     1158.9      888.87]]

 [[     1383.4      258.09]
  [       1402      240.99]
  [     1379.8      242.33]
  [     1454.6      252.75]
  [          0           0]
  [     1496.7      368.99]
  [     1365.5      371.79]
  [     1531.3      510.33]
  [       1330      509.25]
  [     1477.6      636.48]
  [     1313.5      620.71]
  [     1452.2      638.85]
  [       1365      635.39]
  [     1476.2      815.76]
  [     1383.9       802.7]
  [     1497.4      983.07]
  [     1407.1      955.58]]

 [[     928.52      343.58]
  [     931.63      330.02]
  [     915.52      328.67]
  [          0           0]
  [     869.27      333.88]
  [      929.6       428.3]
  [     816.41      427.28]
  [     951.75      536.67]
  [     806.97      548.09]
  [     960.29       622.5]
  [     840.66      646.62]
  [     923.28      654.41]
  [     848.06      656.54]
  [     904.89       804.5]
  [     836.86      807.51]
  [     896.03      932.27]
  [     813.97      952.31]]]