[[[     1479.2      194.44]
  [     1501.9      171.91]
  [     1473.9      175.48]
  [     1570.4      183.74]
  [          0           0]
  [     1632.6      325.73]
  [     1456.5       331.2]
  [     1681.7      498.58]
  [     1411.1      497.79]
  [       1616      654.89]
  [     1390.1      631.04]
  [     1573.2      657.82]
  [     1458.7      653.03]
  [     1589.9      878.53]
  [     1480.4      863.21]
  [     1615.9      1053.1]
  [     1505.6      1037.1]]

 [[     857.56      305.75]
  [     855.21      291.96]
  [     844.56      289.27]
  [          0           0]
  [     790.85      296.41]
  [     860.44      402.35]
  [     727.15      393.02]
  [     904.91      499.81]
  [     644.76      407.31]
  [     943.48      519.41]
  [     706.54      293.56]
  [     853.52      670.43]
  [     769.38      678.71]
  [     857.94      845.57]
  [      776.9      874.46]
  [      826.7      993.85]
  [     777.62        1043]]

 [[     1198.1      252.98]
  [     1216.7      236.09]
  [     1191.5      237.16]
  [     1265.2      246.96]
  [          0           0]
  [     1315.4      354.04]
  [       1161      358.62]
  [     1340.8      489.04]
  [     1123.2      483.84]
  [     1293.8      602.37]
  [       1116      588.36]
  [     1269.1      616.79]
  [     1167.3      615.29]
  [     1276.1      797.85]
  [     1172.8      791.47]
  [     1287.8      963.51]
  [     1187.8      942.35]]]