[[[     1782.8      28.263]
  [     1794.1      6.3012]
  [     1740.3      6.7545]
  [          0           0]
  [     1659.9      62.524]
  [     1894.4      243.64]
  [     1562.1       258.1]
  [          0           0]
  [     1498.8      506.12]
  [          0           0]
  [       1491      693.08]
  [     1854.5      704.33]
  [     1629.3      705.24]
  [          0           0]
  [     1588.4      1002.5]
  [          0           0]
  [          0           0]]

 [[     1271.6      271.44]
  [     1281.3      247.72]
  [     1252.2      261.23]
  [     1314.8      242.06]
  [          0           0]
  [     1381.7      356.35]
  [     1215.4      355.79]
  [       1412      497.88]
  [     1141.3      424.33]
  [     1369.1      609.04]
  [     1201.6      318.76]
  [     1318.9      614.54]
  [     1208.6      608.87]
  [     1308.6      807.31]
  [     1175.6      792.75]
  [     1284.3      964.93]
  [     1188.2      943.95]]]