[[[     1523.6      189.44]
  [     1547.5      167.95]
  [     1508.5      172.31]
  [     1597.3      185.05]
  [          0           0]
  [     1667.5      322.45]
  [     1461.8      335.81]
  [     1732.5      484.42]
  [     1427.4      504.77]
  [     1691.5      645.54]
  [     1417.1      641.94]
  [     1616.5      652.75]
  [     1484.6      651.31]
  [     1611.4      879.22]
  [     1494.9      866.39]
  [     1622.6      1062.2]
  [       1505        1043]]

 [[     1233.2      251.41]
  [     1252.6      234.78]
  [     1226.5      235.94]
  [     1301.7      248.08]
  [          0           0]
  [     1351.1      359.25]
  [     1189.7      357.13]
  [     1375.8      491.29]
  [     1146.7      480.75]
  [     1326.4      605.23]
  [     1139.6      583.73]
  [     1293.7      619.97]
  [     1187.4      613.64]
  [     1293.6      801.85]
  [     1174.8      793.54]
  [     1289.4      968.49]
  [     1185.9      938.57]]

 [[      903.4      338.57]
  [     905.38      320.23]
  [     887.12      317.79]
  [          0           0]
  [     839.44      325.33]
  [     909.29      416.73]
  [     754.87         394]
  [     983.66      424.93]
  [     660.07      358.55]
  [     1021.8      373.19]
  [     584.32      275.48]
  [     868.66      670.59]
  [     781.51      663.55]
  [     843.96      837.18]
  [     775.94      846.86]
  [     816.62      988.49]
  [      767.1      1024.1]]]