[[[     1402.3      241.49]
  [     1421.1      222.06]
  [     1398.2      224.15]
  [     1478.1      230.66]
  [          0           0]
  [     1524.8      353.81]
  [     1385.4      359.27]
  [     1564.8      503.73]
  [     1346.4      502.48]
  [     1509.3      637.03]
  [     1327.8      620.58]
  [       1475      641.56]
  [       1382       639.8]
  [     1499.8      828.44]
  [     1407.8      816.23]
  [     1526.8      1005.4]
  [     1433.6      980.67]]

 [[     1208.9      282.67]
  [     1226.4      268.55]
  [     1204.8       267.1]
  [     1271.2      281.46]
  [          0           0]
  [     1315.8      382.43]
  [     1174.8      373.83]
  [     1335.2       502.2]
  [     1138.1      487.33]
  [     1297.1       598.1]
  [     1130.9      581.12]
  [     1269.1      614.46]
  [     1175.1      605.94]
  [     1264.6      778.01]
  [     1155.9      762.74]
  [     1254.7      919.28]
  [     1164.9      897.48]]

 [[     923.81      328.14]
  [     927.43      315.33]
  [     909.62      312.71]
  [          0           0]
  [     862.09      320.49]
  [     930.73      421.98]
  [      812.8      418.82]
  [     952.09      534.67]
  [     803.07      545.65]
  [     961.14      625.78]
  [     835.87      651.47]
  [     922.31      654.66]
  [     844.37      656.78]
  [     906.87      811.95]
  [     830.04      819.63]
  [     892.64      946.29]
  [     807.26      969.13]]]