[[[     1443.1       215.3]
  [     1465.3      193.51]
  [     1436.1      196.53]
  [     1527.4      204.46]
  [          0           0]
  [     1582.5       336.4]
  [     1420.3      345.69]
  [     1624.7      501.69]
  [       1379      505.59]
  [     1563.2      652.85]
  [     1361.2      632.22]
  [     1527.9      655.17]
  [     1422.6      653.09]
  [     1549.9      861.29]
  [     1449.5      850.22]
  [     1585.2      1041.3]
  [     1480.4      1027.9]]

 [[     1195.9      263.64]
  [     1209.9      244.07]
  [     1188.8      250.78]
  [       1262      248.42]
  [          0           0]
  [     1319.3      361.47]
  [       1177       363.6]
  [     1339.2      498.21]
  [     1141.5      483.63]
  [     1284.7       608.6]
  [     1130.1      582.97]
  [     1268.5      616.32]
  [     1172.8      611.71]
  [     1271.5      793.48]
  [       1171       781.8]
  [     1276.4      954.91]
  [     1177.3      932.86]]

 [[     913.46      301.59]
  [        916      287.77]
  [     894.87       285.5]
  [          0           0]
  [     843.09      298.57]
  [      925.5      414.27]
  [     791.31      405.64]
  [     947.09      540.63]
  [     773.23      548.26]
  [     957.33      644.08]
  [      805.8       667.3]
  [     911.43      670.78]
  [     822.53      671.37]
  [     895.84      842.43]
  [     808.27       854.4]
  [     881.96      992.89]
  [      783.7        1023]]]