[[[     1324.9      329.57]
  [     1339.5      317.12]
  [     1322.7      316.07]
  [     1377.7      326.65]
  [          0           0]
  [     1406.1      410.34]
  [     1312.5      410.37]
  [     1427.8      520.21]
  [     1289.6      516.56]
  [     1391.7      613.89]
  [     1273.9      604.38]
  [     1367.6      613.04]
  [     1303.8       612.5]
  [     1377.3      746.99]
  [     1325.7      744.96]
  [     1385.5      877.68]
  [     1326.8      861.71]]

 [[     1162.9      357.89]
  [     1174.8      347.41]
  [     1154.5      346.06]
  [     1192.7      354.32]
  [     1142.8      351.62]
  [     1214.8      422.09]
  [     1121.1      422.65]
  [       1235      503.81]
  [     1102.3      507.83]
  [     1205.3      581.83]
  [     1102.1      576.62]
  [     1191.1      594.79]
  [     1130.6      592.98]
  [     1197.4      718.82]
  [     1141.5       716.7]
  [     1213.6       835.1]
  [     1155.9      820.05]]

 [[     956.35      383.82]
  [      957.3      373.16]
  [     944.27      374.18]
  [          0           0]
  [        910      382.78]
  [      965.4      451.82]
  [      876.6      452.64]
  [     983.49       533.9]
  [     870.31      543.41]
  [     988.15      600.75]
  [     897.07      618.17]
  [     958.94      623.41]
  [     897.34      623.47]
  [     944.74      742.11]
  [     888.94      745.74]
  [     936.25      842.86]
  [     877.22       857.1]]]