[[[     1717.2      347.14]
  [     1730.5      334.45]
  [     1713.9      334.43]
  [     1769.3      339.93]
  [          0           0]
  [     1812.3      413.58]
  [       1701      420.21]
  [     1834.8      513.75]
  [     1670.9       512.7]
  [     1801.2      598.21]
  [     1660.7      584.85]
  [     1773.2       597.1]
  [     1698.4         599]
  [     1788.1      719.35]
  [     1727.9       716.9]
  [     1800.4      838.58]
  [       1738      818.83]]

 [[       1578      361.63]
  [     1588.8      350.47]
  [     1568.7      352.81]
  [     1612.4      354.93]
  [     1560.1      362.18]
  [     1642.6      415.87]
  [     1545.3      425.22]
  [     1654.6      499.52]
  [     1522.9      502.05]
  [     1628.5      569.39]
  [     1522.7      567.57]
  [     1614.3      579.93]
  [     1549.8      582.17]
  [     1620.8      694.42]
  [     1559.9      690.14]
  [     1626.8      796.91]
  [     1573.1       781.7]]

 [[     1382.7      406.94]
  [          0           0]
  [     1375.7      398.13]
  [          0           0]
  [     1349.2      404.39]
  [     1376.9      462.03]
  [     1313.4      463.37]
  [     1393.9       531.4]
  [     1304.7      541.55]
  [       1401      592.16]
  [     1320.9       608.3]
  [       1371      608.83]
  [     1326.8       609.3]
  [     1364.3      707.12]
  [     1316.1       708.9]
  [     1354.5      789.79]
  [     1300.2      798.91]]]