[[[     1339.4      426.11]
  [          0           0]
  [       1332      419.69]
  [          0           0]
  [     1306.2      426.41]
  [     1338.9      473.72]
  [       1276       475.9]
  [     1349.6       531.7]
  [       1268      544.14]
  [     1355.1       584.6]
  [     1284.5      596.53]
  [     1331.4      598.76]
  [     1288.7      600.86]
  [     1323.5      684.36]
  [     1280.4      685.48]
  [     1314.1      760.84]
  [     1264.8      764.59]]

 [[     1518.3      383.83]
  [     1527.4      374.23]
  [     1511.6       375.8]
  [     1546.2      378.08]
  [          0           0]
  [     1569.2      432.13]
  [     1488.8      439.51]
  [     1581.7      505.43]
  [     1468.7      508.62]
  [     1545.9      559.32]
  [     1468.1      557.35]
  [     1540.8      574.98]
  [     1486.5      576.73]
  [     1545.7      670.94]
  [     1495.4      667.91]
  [     1547.5      762.14]
  [     1505.6      748.85]]

 [[     1619.3      374.54]
  [     1627.2      364.44]
  [       1621      365.47]
  [     1658.7      367.21]
  [          0           0]
  [     1689.3      428.66]
  [     1645.3         434]
  [     1681.3      514.24]
  [     1619.8      511.46]
  [     1623.5       579.6]
  [     1587.5      567.71]
  [     1656.3      586.81]
  [     1627.3      583.31]
  [     1659.6      694.03]
  [     1632.1      690.02]
  [     1669.9      793.51]
  [       1634      777.94]]]