[[[       1320      351.47]
  [     1333.1      339.01]
  [     1313.1      339.04]
  [     1363.1      344.06]
  [          0           0]
  [     1393.5      416.07]
  [     1295.2      421.12]
  [     1417.1      520.21]
  [     1271.4      516.42]
  [     1384.7      604.91]
  [       1263      597.18]
  [     1359.9      601.32]
  [     1294.9      602.47]
  [     1365.4      727.07]
  [     1312.7      724.08]
  [     1374.5      844.99]
  [     1318.6      831.22]]

 [[     1154.9      358.07]
  [     1165.1      346.65]
  [     1152.2      348.76]
  [     1197.7       350.5]
  [          0           0]
  [     1230.8      418.63]
  [     1144.5      423.12]
  [     1243.5      505.71]
  [     1122.5      500.27]
  [     1214.7      578.57]
  [     1120.8      566.09]
  [     1204.3      585.31]
  [     1145.3      586.12]
  [     1205.6      702.19]
  [       1150      700.73]
  [     1217.8       809.9]
  [     1168.1      795.19]]

 [[     979.81      391.17]
  [     983.17      382.76]
  [     968.02      383.05]
  [          0           0]
  [     940.37      393.54]
  [     990.54      456.43]
  [     916.87      453.25]
  [     1000.5       531.4]
  [     908.86       536.4]
  [     1005.2      589.74]
  [     926.75      610.45]
  [     979.37      612.85]
  [     928.12      611.15]
  [     970.23      724.04]
  [     917.82      727.12]
  [     961.34      818.57]
  [     903.67      828.89]]]