[[[     1149.8      304.26]
  [     1165.4      292.26]
  [     1145.7      290.97]
  [     1201.1      303.69]
  [          0           0]
  [     1238.9       389.1]
  [     1115.4      389.36]
  [     1263.8      496.29]
  [     1086.1      494.81]
  [     1228.1      590.78]
  [     1083.6      582.68]
  [     1204.9      604.16]
  [     1123.9      601.14]
  [     1215.6      754.23]
  [     1130.3      748.81]
  [     1224.9      887.23]
  [     1148.8      873.67]]

 [[     1361.7      274.84]
  [     1377.9      257.55]
  [     1360.3      258.69]
  [     1430.5      265.43]
  [          0           0]
  [     1471.5       378.7]
  [     1360.6      379.13]
  [     1497.4      512.72]
  [     1327.4       509.5]
  [     1447.2      632.42]
  [     1310.5      615.13]
  [     1423.5      632.04]
  [     1347.3      629.22]
  [     1444.7      802.05]
  [     1373.5      791.91]
  [     1461.5      963.34]
  [     1383.2      941.18]]

 [[     925.12      353.35]
  [     927.93      340.81]
  [     913.69      338.76]
  [          0           0]
  [     869.57      342.65]
  [     926.85      433.74]
  [     817.29      431.78]
  [     946.86      535.07]
  [     809.61      547.17]
  [     954.76      617.52]
  [     841.47      638.45]
  [     920.31       650.5]
  [      847.1      652.06]
  [     903.09      793.49]
  [     839.81      796.86]
  [     895.76      913.87]
  [     817.77      934.72]]]