[[[     1154.7       301.2]
  [     1165.7      288.81]
  [     1141.7      292.74]
  [     1182.9      302.33]
  [       1124      311.83]
  [     1221.3      388.56]
  [     1097.4      396.34]
  [     1245.1      493.06]
  [     1071.1       498.7]
  [       1212      582.68]
  [     1072.6      582.26]
  [     1191.4       596.9]
  [     1108.2      599.59]
  [     1207.4         742]
  [       1125       740.1]
  [     1218.4      876.57]
  [     1143.9      863.18]]

 [[     1357.3       278.5]
  [     1372.2      261.75]
  [          0           0]
  [     1421.9      270.58]
  [          0           0]
  [     1467.8       376.5]
  [     1358.6      375.93]
  [     1492.9      510.67]
  [     1332.5      505.57]
  [     1446.6      621.83]
  [     1311.2      607.52]
  [     1424.1      620.71]
  [     1348.3      617.32]
  [     1434.1      784.77]
  [     1368.1      777.66]
  [     1448.5      942.33]
  [     1367.6      923.14]]

 [[     930.59      356.39]
  [      932.7      343.59]
  [     920.19      342.14]
  [          0           0]
  [     876.98      344.74]
  [     928.76      432.39]
  [     825.04      430.79]
  [     947.38      532.18]
  [     816.31      543.48]
  [     956.75      613.42]
  [     847.16      633.28]
  [     923.45      643.32]
  [     853.76      645.03]
  [      908.7      781.18]
  [     845.31      785.71]
  [     898.54      902.05]
  [     826.84      919.11]]]