[[[     1531.4      377.24]
  [     1541.4      367.68]
  [       1523      369.22]
  [     1559.5      373.09]
  [     1513.7      377.85]
  [     1584.2      429.14]
  [     1497.8      435.29]
  [     1595.5      497.45]
  [     1476.3      501.45]
  [     1569.3      561.01]
  [     1479.1      556.76]
  [     1558.4      570.27]
  [     1502.1      570.41]
  [     1562.2      674.58]
  [     1507.4      673.65]
  [     1568.3      763.14]
  [       1516      758.43]]

 [[     1643.1      367.17]
  [     1652.6      356.14]
  [          0           0]
  [       1687      359.76]
  [          0           0]
  [       1722      421.48]
  [     1650.8      426.72]
  [       1723      516.75]
  [     1626.3      504.76]
  [     1681.1      584.67]
  [     1597.2      557.55]
  [     1687.1      586.54]
  [     1637.7      586.59]
  [     1691.8      696.11]
  [     1650.4       692.9]
  [       1699      802.88]
  [     1657.9      788.95]]

 [[     1346.3         420]
  [          0           0]
  [     1338.2      413.92]
  [          0           0]
  [     1311.7      422.44]
  [     1347.8      470.97]
  [       1282      473.29]
  [     1359.3      529.59]
  [     1273.3      542.45]
  [       1364      584.04]
  [     1290.9      598.82]
  [     1340.6      598.58]
  [     1295.9      600.75]
  [     1332.4      686.91]
  [     1289.5      687.83]
  [     1323.1      764.91]
  [     1274.6      771.13]]]