[[[     1643.6      361.23]
  [     1653.6      350.47]
  [          0           0]
  [     1688.6      355.87]
  [          0           0]
  [     1724.7      418.09]
  [     1650.5         425]
  [     1735.6      511.07]
  [     1630.1      508.05]
  [     1709.9      589.24]
  [     1609.4      577.53]
  [     1689.4      584.76]
  [     1638.1      585.17]
  [     1699.7      695.53]
  [     1652.6      690.02]
  [     1705.7      800.87]
  [       1656      786.93]]

 [[     1531.2      375.89]
  [     1541.1      365.94]
  [     1522.8      367.64]
  [     1560.4       370.5]
  [     1514.9      375.64]
  [     1586.1       427.6]
  [     1500.7       433.2]
  [     1597.1      497.28]
  [     1477.7      499.35]
  [     1569.6      562.22]
  [     1480.3      555.93]
  [       1561      570.38]
  [     1505.2      570.06]
  [       1565      674.51]
  [     1509.7      672.62]
  [     1571.2      764.06]
  [     1515.1      757.69]]

 [[     1346.3      417.95]
  [          0           0]
  [     1338.2       411.7]
  [          0           0]
  [     1311.7      419.68]
  [     1347.7      468.34]
  [     1281.3      470.94]
  [     1359.7      527.77]
  [     1272.7      540.94]
  [     1364.9      582.03]
  [     1290.5      596.47]
  [     1341.5       597.1]
  [     1296.5      599.48]
  [     1332.4       686.1]
  [     1289.7      687.07]
  [     1323.7      764.88]
  [     1274.1      771.21]]]