[[[     1335.5      367.95]
  [     1347.5      357.32]
  [       1329      356.94]
  [     1371.3       364.3]
  [          0           0]
  [     1400.3       431.5]
  [     1310.3      434.29]
  [       1418      521.02]
  [     1288.2      516.32]
  [     1391.3       595.3]
  [     1280.9      587.95]
  [     1370.5      592.88]
  [     1309.6      593.69]
  [     1382.5      701.98]
  [     1329.8      698.71]
  [     1392.6      807.69]
  [     1333.5      793.48]]

 [[     1033.1      416.28]
  [     1033.3      408.64]
  [     1024.7      408.52]
  [          0           0]
  [     997.26      413.62]
  [     1033.6       467.4]
  [      968.5      467.72]
  [     1047.3      534.09]
  [     960.81      543.44]
  [     1051.9      591.68]
  [     979.17      606.38]
  [     1029.9      606.35]
  [     986.68      608.43]
  [     1022.5      702.68]
  [     980.97      704.76]
  [     1016.4      788.19]
  [     964.85      796.03]]

 [[     1217.3      378.19]
  [     1228.2       369.5]
  [     1210.7      368.09]
  [       1244      376.86]
  [     1200.8      374.35]
  [     1264.4      434.64]
  [     1180.9      435.35]
  [     1275.8      509.16]
  [     1163.6      507.86]
  [     1250.7      572.37]
  [     1162.6      564.47]
  [     1240.3       581.6]
  [     1185.5      579.49]
  [     1243.2      682.23]
  [     1194.7      680.52]
  [     1251.7      778.25]
  [     1201.7      764.97]]]