[[[       1318      324.89]
  [     1333.2      312.26]
  [     1314.9      311.93]
  [     1372.2       322.6]
  [          0           0]
  [     1404.5      407.44]
  [     1302.3      409.15]
  [     1432.5      520.46]
  [     1277.4      517.93]
  [     1398.9       614.7]
  [     1265.9      606.67]
  [     1367.2      613.26]
  [     1298.2      613.65]
  [       1378      750.65]
  [     1322.5      748.77]
  [     1388.6      884.43]
  [     1327.6      868.72]]

 [[       1157      345.29]
  [     1168.8      334.21]
  [       1148      334.15]
  [     1187.9       342.5]
  [     1136.7      342.83]
  [     1215.3      414.99]
  [     1117.4      417.21]
  [       1235      501.34]
  [     1098.3      506.09]
  [     1206.1      580.42]
  [     1098.2       576.6]
  [     1191.3      594.56]
  [     1128.1      592.67]
  [     1194.6      722.12]
  [     1137.4       718.2]
  [     1205.7      838.67]
  [     1150.6      823.14]]

 [[     949.22      381.77]
  [     949.24      371.53]
  [     939.44      370.95]
  [          0           0]
  [     903.96      376.96]
  [     952.17      449.14]
  [     864.47      453.19]
  [     973.83      530.61]
  [     855.03      549.11]
  [     978.54      598.15]
  [     879.27      627.51]
  [     948.14      625.07]
  [     889.39      628.22]
  [     937.41       747.5]
  [     879.31      753.13]
  [     928.92      851.46]
  [     863.27      865.61]]]