[[[       1479      196.87]
  [       1502         174]
  [     1472.9      177.93]
  [     1569.6       185.1]
  [          0           0]
  [     1624.4      326.96]
  [     1456.1      334.58]
  [     1673.7      500.91]
  [       1411      498.68]
  [     1606.8      653.87]
  [       1390      631.21]
  [       1563      658.97]
  [     1451.2      656.88]
  [     1590.4      874.56]
  [       1480      859.88]
  [     1621.7      1058.8]
  [     1506.6      1041.4]]

 [[     907.84      285.35]
  [     912.28      271.17]
  [     885.83      270.46]
  [          0           0]
  [     839.07      290.14]
  [     929.98       410.8]
  [     791.96      394.02]
  [     955.33      541.02]
  [     729.43      513.11]
  [     1000.4      635.23]
  [     817.66      575.42]
  [     909.69       671.6]
  [      819.3      670.99]
  [     898.68      848.89]
  [     808.16      861.01]
  [     880.65      1009.3]
  [     783.39      1037.9]]

 [[     1226.1      234.44]
  [     1244.1      220.93]
  [     1211.5      223.24]
  [     1271.3      242.44]
  [     1193.3      247.72]
  [     1314.7      351.27]
  [     1156.9      354.66]
  [     1337.8      486.44]
  [     1118.6      482.48]
  [     1291.6      601.98]
  [     1113.6      588.54]
  [     1268.2      615.43]
  [     1164.7      613.28]
  [     1279.1      797.96]
  [     1168.8      790.77]
  [     1291.1      968.45]
  [     1189.5      943.36]]]