[[[     1311.8      306.34]
  [     1327.1      292.67]
  [     1311.9      291.61]
  [     1372.7      301.93]
  [          0           0]
  [     1411.2      391.21]
  [     1308.3      396.54]
  [     1421.5      515.97]
  [     1280.8      510.48]
  [     1377.8      612.25]
  [     1264.2       604.2]
  [     1372.1      613.09]
  [     1301.8      613.44]
  [     1383.3      761.29]
  [       1327      758.02]
  [     1403.5      898.16]
  [       1339      885.75]]

 [[     1132.1       332.2]
  [     1144.7      319.46]
  [     1129.5      320.47]
  [     1180.8      324.86]
  [          0           0]
  [     1217.5      401.24]
  [     1123.2      408.44]
  [     1230.8      504.35]
  [     1101.2      500.41]
  [     1194.5      583.83]
  [     1095.2      574.05]
  [     1184.7      592.38]
  [     1119.1      593.97]
  [       1193      728.79]
  [     1136.4      723.79]
  [     1207.9      849.52]
  [     1147.4      834.57]]

 [[     940.36      369.81]
  [     942.58      359.81]
  [     929.31      357.94]
  [          0           0]
  [     892.24      364.04]
  [     943.23      443.18]
  [     850.15      442.08]
  [      961.8      530.29]
  [     842.65      543.18]
  [     968.33      601.83]
  [     868.72      625.03]
  [     936.79      627.65]
  [     874.94      629.59]
  [     924.08      755.95]
  [     865.96      761.65]
  [     913.66      864.94]
  [     849.17      879.55]]]