[[[     1324.3      327.11]
  [     1339.1      314.55]
  [       1321      314.02]
  [     1376.4      323.99]
  [          0           0]
  [     1405.6      407.43]
  [     1306.6      409.07]
  [     1431.9      518.53]
  [     1284.3      517.27]
  [     1397.1      613.49]
  [     1271.5      606.62]
  [     1368.8      613.15]
  [       1302      613.57]
  [     1377.6      749.07]
  [     1324.1      747.33]
  [     1387.1      881.72]
  [     1328.3      865.64]]

 [[     1148.2      352.48]
  [     1159.6       341.5]
  [     1139.1      341.32]
  [     1177.5      348.95]
  [     1127.1      349.15]
  [     1207.1      417.67]
  [     1110.9      423.01]
  [     1230.9      500.86]
  [     1096.8      510.21]
  [     1205.1      579.43]
  [     1101.1      579.38]
  [     1192.7      594.07]
  [     1130.2      594.11]
  [     1200.3      720.21]
  [     1142.1      719.01]
  [       1211      837.24]
  [     1153.8      823.14]]

 [[     954.77      382.38]
  [        955      371.76]
  [     943.36      372.08]
  [          0           0]
  [     907.66      379.68]
  [     957.74      450.91]
  [     872.71       451.9]
  [     975.89       534.4]
  [     869.57      543.86]
  [     980.28      601.24]
  [      898.4       619.2]
  [     952.73      623.26]
  [     893.29      623.85]
  [     941.24      743.12]
  [     885.78       747.2]
  [     932.76      846.67]
  [     871.96       861.8]]]