[[[     1163.3      334.28]
  [     1175.7      321.63]
  [     1155.7       323.6]
  [     1202.2      327.98]
  [          0           0]
  [     1230.8       404.9]
  [     1131.7      409.75]
  [     1245.9      503.78]
  [     1105.2      499.98]
  [     1210.9      583.55]
  [     1099.3      574.79]
  [     1193.9      592.17]
  [     1126.8      592.69]
  [     1199.2      723.83]
  [     1136.3      718.95]
  [     1205.4      845.36]
  [     1146.9      826.96]]

 [[     1302.9      317.18]
  [       1316      302.41]
  [          0           0]
  [     1360.6      308.43]
  [          0           0]
  [     1402.9      398.03]
  [     1308.2      403.74]
  [     1408.9      521.49]
  [     1285.5      515.92]
  [     1364.7      613.93]
  [       1265      604.59]
  [       1364      613.45]
  [     1298.2      613.57]
  [     1376.2      757.89]
  [     1323.6      754.83]
  [     1394.5      891.72]
  [     1333.5      877.45]]

 [[      945.6      375.54]
  [      947.2      365.86]
  [     936.12      363.17]
  [          0           0]
  [     898.77      367.13]
  [     946.04      446.66]
  [     856.14      445.92]
  [     964.93      530.72]
  [     848.67       544.2]
  [     972.21      601.94]
  [     875.43      625.06]
  [     940.43      628.23]
  [     880.36      629.94]
  [     927.26      753.68]
  [     870.14      758.76]
  [     918.73      859.16]
  [     853.87      874.28]]]