[[[       1322       327.2]
  [     1336.7      314.56]
  [     1318.9      314.08]
  [     1374.5      323.97]
  [          0           0]
  [     1405.5      407.86]
  [     1305.8      409.31]
  [       1433      519.39]
  [     1282.7      516.92]
  [     1397.4      612.84]
  [     1269.8      605.25]
  [     1368.2      613.12]
  [     1300.8      613.34]
  [       1379      749.48]
  [     1323.3      747.42]
  [     1388.5      883.26]
  [     1328.4      866.49]]

 [[     1149.4      351.15]
  [     1160.7       339.9]
  [       1140         340]
  [     1178.7      347.01]
  [     1127.6      347.87]
  [     1208.4      416.57]
  [     1110.9      422.03]
  [       1231      500.25]
  [     1095.7      510.32]
  [     1205.5      577.82]
  [     1101.1      579.23]
  [     1193.2      594.34]
  [     1130.1      594.18]
  [     1198.8      720.37]
  [       1142      717.67]
  [     1208.3      834.91]
  [     1152.5      821.69]]

 [[        954      381.94]
  [     953.62      371.12]
  [      943.2      371.68]
  [          0           0]
  [     907.72      379.11]
  [     955.07       449.4]
  [     871.12      452.51]
  [     974.61      532.71]
  [     864.95      546.38]
  [     979.71      599.05]
  [     890.76      622.85]
  [     950.99      624.01]
  [     892.32       625.4]
  [     939.51      744.59]
  [      884.4      748.78]
  [     931.31      847.51]
  [     869.63      862.47]]]