[[[     1701.7      349.37]
  [     1714.2      337.35]
  [     1700.3      336.95]
  [     1753.3      342.69]
  [          0           0]
  [     1796.9      413.07]
  [     1696.3      419.48]
  [     1817.6      511.05]
  [     1670.3      510.31]
  [     1784.8      593.94]
  [       1654       581.6]
  [     1756.7      593.18]
  [     1688.1      594.06]
  [     1769.8      713.06]
  [     1713.5      708.19]
  [     1779.3      829.93]
  [     1718.9      809.11]]

 [[       1572      363.65]
  [     1583.4      352.91]
  [     1563.9      352.96]
  [     1604.4      357.71]
  [     1554.1      359.31]
  [     1630.2      420.75]
  [     1534.7      425.19]
  [     1645.8      497.72]
  [     1511.5      500.32]
  [     1612.9       566.6]
  [     1509.6      561.99]
  [     1600.6      578.95]
  [     1539.1       578.1]
  [       1604      688.17]
  [     1547.7      683.14]
  [       1614      787.72]
  [     1561.5      770.56]]

 [[       1368      407.14]
  [     1367.6      397.95]
  [     1359.6      398.85]
  [          0           0]
  [     1331.8      405.59]
  [     1366.9      461.07]
  [       1303      463.97]
  [       1384      529.13]
  [     1295.4      538.09]
  [     1391.5      586.81]
  [     1313.9       601.9]
  [     1363.8       603.9]
  [     1320.1      604.86]
  [     1354.3      701.13]
  [     1307.7      701.29]
  [       1346      782.33]
  [     1292.5      789.27]]]