[[[     1434.4      218.41]
  [     1455.1      197.35]
  [       1431      199.42]
  [     1519.2      206.96]
  [          0           0]
  [     1574.3      340.49]
  [     1419.9      346.22]
  [       1620      504.66]
  [     1379.4      503.44]
  [     1556.6      649.62]
  [     1359.9      630.04]
  [     1518.5      655.36]
  [     1415.3      653.79]
  [     1544.4      851.67]
  [     1447.4      845.29]
  [     1577.8      1038.6]
  [     1472.4      1019.6]]

 [[     1209.9      266.87]
  [     1223.2      247.03]
  [     1203.7      253.46]
  [     1276.4      250.19]
  [          0           0]
  [     1334.7      365.01]
  [     1186.7      364.15]
  [     1354.7      499.47]
  [     1145.7      483.32]
  [     1308.1      604.36]
  [     1135.6      583.49]
  [     1278.5      614.93]
  [     1179.5      608.93]
  [     1277.7      790.83]
  [     1169.4      779.48]
  [     1274.4      951.77]
  [     1174.4      929.12]]

 [[     915.48      303.36]
  [     917.34      289.95]
  [     897.03      287.93]
  [          0           0]
  [     846.06      301.95]
  [     926.54      415.81]
  [     795.61      407.37]
  [     947.71      540.77]
  [     781.87      548.91]
  [     957.77      643.03]
  [     817.81      665.47]
  [     911.15      669.16]
  [        824      669.49]
  [     896.15      838.85]
  [     811.78      849.05]
  [     885.13      984.69]
  [      787.1      1016.2]]]