[[[     1416.3      236.07]
  [     1435.6      216.03]
  [     1412.1      218.32]
  [     1494.9      224.77]
  [          0           0]
  [     1544.6      354.57]
  [     1402.6       357.6]
  [     1581.6      509.14]
  [     1365.9      503.44]
  [     1522.9      645.56]
  [     1346.1      621.53]
  [     1494.9      649.12]
  [     1400.7       644.9]
  [     1518.2       846.5]
  [     1424.2      829.77]
  [     1538.3      1023.1]
  [     1444.9      1002.2]]

 [[     1231.8       283.7]
  [       1245      265.21]
  [     1225.5      269.86]
  [     1293.9      269.33]
  [          0           0]
  [     1350.6      376.21]
  [     1202.7      372.56]
  [     1370.9      503.65]
  [       1160      489.02]
  [     1328.6      603.41]
  [     1153.2       586.3]
  [     1295.9       619.6]
  [     1197.1      612.67]
  [     1283.1      791.31]
  [     1171.6      778.55]
  [     1259.1      939.02]
  [     1169.1      912.77]]

 [[     923.32      319.15]
  [     925.83      306.55]
  [     906.74       303.6]
  [          0           0]
  [     858.08       314.3]
  [     930.42       422.6]
  [     809.35      412.85]
  [     947.82      542.25]
  [     796.78      546.03]
  [     953.84      639.54]
  [     833.45      653.96]
  [     918.21      663.32]
  [     837.14      662.59]
  [     899.66      825.29]
  [     823.09      832.47]
  [      888.7      960.19]
  [     798.03      991.46]]]