[[[     1168.4      334.51]
  [     1181.4      322.68]
  [     1160.4      323.74]
  [     1205.7      330.98]
  [          0           0]
  [     1233.4      406.82]
  [     1132.9      410.98]
  [     1246.6      505.69]
  [     1106.2      501.58]
  [     1212.5      584.13]
  [     1100.1      576.52]
  [     1196.9      593.22]
  [     1129.2       593.3]
  [     1199.7      724.92]
  [     1136.8      719.65]
  [     1205.1       846.4]
  [     1148.2      827.74]]

 [[     1304.4      320.67]
  [     1317.6      306.36]
  [          0           0]
  [     1361.4      312.57]
  [          0           0]
  [     1403.6      400.01]
  [     1306.5      405.59]
  [     1411.6      522.32]
  [     1285.9      517.97]
  [     1369.3      614.67]
  [       1266      606.27]
  [     1365.8      615.27]
  [     1298.7      615.42]
  [     1376.2      759.51]
  [     1323.3      756.04]
  [     1393.1      892.84]
  [     1333.2      878.06]]

 [[     947.23      378.05]
  [     948.65      368.74]
  [     938.62      365.53]
  [          0           0]
  [     902.02      369.01]
  [     946.97      448.59]
  [     857.84      448.17]
  [     966.94      531.88]
  [     850.74      546.15]
  [     973.25      601.75]
  [     878.47      627.49]
  [     942.04      629.58]
  [     882.35      631.35]
  [     928.51      753.99]
  [     871.19      758.98]
  [     919.79      859.13]
  [     855.22      874.57]]]