[[[     1318.3      351.11]
  [       1331      338.93]
  [       1312      339.65]
  [     1361.5      345.13]
  [          0           0]
  [     1390.3      416.79]
  [     1295.1      422.38]
  [     1411.5      518.19]
  [     1272.3      514.79]
  [     1381.3      602.35]
  [     1262.8      592.54]
  [     1357.2      598.63]
  [     1293.9       600.5]
  [     1364.7      721.59]
  [     1312.3      719.64]
  [     1375.8      836.99]
  [       1320      824.01]]

 [[     1158.1      361.42]
  [       1168      349.97]
  [       1156      352.26]
  [     1201.1      353.41]
  [          0           0]
  [     1234.2       420.9]
  [     1149.4      426.86]
  [     1244.4      507.05]
  [     1129.1      503.31]
  [     1218.2       576.9]
  [       1127      566.53]
  [     1207.7      584.33]
  [     1149.6      585.72]
  [     1209.4      698.46]
  [     1155.3      697.73]
  [     1219.5      804.61]
  [     1172.1         789]]

 [[     980.63      391.96]
  [     984.96      383.86]
  [     968.73      384.53]
  [          0           0]
  [      943.2      396.62]
  [     999.45       456.1]
  [     923.34      458.17]
  [     1015.6      523.21]
  [     911.43      539.97]
  [     1019.8      571.88]
  [     923.31      612.92]
  [     988.26      610.13]
  [     936.46      609.94]
  [     980.26       719.5]
  [     929.01      723.77]
  [     970.51      814.83]
  [      915.3      823.49]]]