[[[     1307.4      352.05]
  [     1319.1      338.36]
  [       1304      339.42]
  [     1356.9      341.17]
  [          0           0]
  [     1392.7       417.8]
  [     1303.9      422.31]
  [     1404.9       525.3]
  [     1279.3      519.31]
  [       1371      611.56]
  [       1266      596.61]
  [       1353      606.36]
  [     1292.7      606.34]
  [       1361      732.55]
  [     1312.9      728.16]
  [       1371      850.87]
  [     1318.6       837.7]]

 [[     1155.4      358.96]
  [     1165.6      347.33]
  [     1152.2      349.76]
  [     1197.8      350.63]
  [          0           0]
  [     1228.5      418.98]
  [     1143.2      423.69]
  [     1242.4      507.61]
  [     1120.5       502.1]
  [     1211.8       580.6]
  [     1118.1      567.72]
  [     1201.2      586.48]
  [     1142.8      587.51]
  [     1203.9      703.95]
  [     1147.3      702.63]
  [     1218.2       815.2]
  [     1164.3      801.66]]

 [[     977.88      396.08]
  [      982.6      387.14]
  [     967.59      386.12]
  [          0           0]
  [     938.91      393.41]
  [     984.37      462.78]
  [      911.3      454.33]
  [     996.85      535.16]
  [     904.89      529.04]
  [     1007.4      593.05]
  [     942.73       581.3]
  [     969.99      617.77]
  [     921.38       615.8]
  [     962.58      730.12]
  [     912.75      730.62]
  [     953.54      825.07]
  [     898.61      832.92]]]