[[[     1324.6      328.99]
  [     1339.1      316.43]
  [     1322.4      315.45]
  [     1377.6      325.48]
  [          0           0]
  [     1406.4      409.52]
  [     1313.1      409.29]
  [     1424.7      520.46]
  [     1291.2      515.38]
  [     1387.2      611.19]
  [     1274.3      602.07]
  [       1367      611.09]
  [     1303.1       610.3]
  [     1376.8      744.51]
  [     1325.2      741.65]
  [     1384.5      874.79]
  [       1327      859.23]]

 [[     1169.6      355.01]
  [     1181.9      344.77]
  [     1161.4      342.85]
  [     1199.3       352.8]
  [       1149      348.43]
  [       1219      422.21]
  [     1125.8      419.93]
  [     1237.6      505.29]
  [     1104.8      504.97]
  [     1206.4      581.53]
  [     1101.7      574.06]
  [     1192.3       593.4]
  [     1132.2      590.33]
  [     1197.9      717.23]
  [     1141.2       714.4]
  [     1214.4      834.28]
  [     1154.7      818.67]]

 [[     955.87      382.47]
  [     958.16      372.53]
  [     943.88       373.2]
  [          0           0]
  [     911.09      382.02]
  [     969.08       450.8]
  [     877.61      452.77]
  [     986.23      529.37]
  [     865.42         543]
  [     992.36      589.31]
  [     884.59      617.13]
  [      960.5      618.55]
  [     899.83      620.84]
  [     947.74      738.73]
  [     888.56      743.25]
  [     937.72      840.78]
  [     876.76      853.51]]]