[[[     899.51      417.57]
  [      906.6      410.64]
  [     892.81      410.63]
  [     916.47      415.34]
  [      882.4      415.08]
  [     934.82      464.72]
  [     861.99       463.2]
  [     944.38      525.05]
  [     848.26      521.19]
  [      938.3      578.13]
  [     844.82      574.24]
  [     915.67      576.35]
  [     868.95      574.74]
  [     910.39      656.39]
  [     861.76         653]
  [     903.82      731.17]
  [      852.4      727.21]]

 [[          0           0]
  [          0           0]
  [          0           0]
  [     1000.8      355.37]
  [          0           0]
  [     1022.9      418.57]
  [     1054.7      407.18]
  [     1006.3      510.71]
  [          0           0]
  [     988.38      580.39]
  [          0           0]
  [     1029.9      582.17]
  [     1050.1      575.78]
  [     1031.7      696.22]
  [     1043.2      687.08]
  [     1040.8      801.89]
  [     1043.5      790.19]]]