[[[     1264.9       385.4]
  [     1273.6       376.9]
  [     1256.3      377.23]
  [       1284       384.3]
  [     1242.2      385.19]
  [     1308.3      443.34]
  [     1219.9      442.85]
  [     1321.9      517.95]
  [     1200.6       515.4]
  [       1314      580.56]
  [       1198      578.16]
  [     1284.6      580.77]
  [     1225.4       577.6]
  [     1276.7      674.64]
  [     1217.3      674.72]
  [     1269.4      762.46]
  [     1203.1      754.49]]

 [[     1405.6      304.04]
  [     1412.2      289.12]
  [          0           0]
  [     1449.8       287.3]
  [          0           0]
  [     1468.5      367.85]
  [     1474.7      361.87]
  [     1447.1      490.82]
  [          0           0]
  [     1413.5      582.31]
  [          0           0]
  [       1461      589.61]
  [     1461.4      583.27]
  [     1463.9      744.36]
  [     1452.4       733.7]
  [     1481.4      891.39]
  [     1457.8      868.03]]]