[[[     1252.5         347]
  [     1263.3       337.4]
  [     1241.4      336.49]
  [     1275.9       348.8]
  [     1221.2      346.64]
  [     1304.9      422.39]
  [     1189.2      420.68]
  [     1320.3      517.86]
  [     1165.1       514.7]
  [     1314.9      597.63]
  [     1162.4      596.33]
  [     1276.9       596.8]
  [       1200      594.78]
  [     1267.8      715.21]
  [       1190      715.56]
  [       1263      830.86]
  [     1176.5      822.22]]

 [[     1508.9       200.7]
  [       1521      178.37]
  [          0           0]
  [       1581      172.54]
  [          0           0]
  [     1621.5       283.9]
  [     1606.1      280.32]
  [     1613.2      454.77]
  [          0           0]
  [     1531.4      578.85]
  [          0           0]
  [     1604.8      617.17]
  [     1589.3      608.07]
  [     1607.1      850.99]
  [     1572.1       838.7]
  [     1641.2      1054.7]
  [     1582.9      1023.7]]

 [[     1479.8      357.66]
  [       1494      344.03]
  [     1469.6      346.98]
  [     1524.7      352.34]
  [          0           0]
  [     1543.1      432.77]
  [     1470.3      442.05]
  [          0           0]
  [     1456.9      543.53]
  [          0           0]
  [     1442.5      616.55]
  [     1519.1      627.36]
  [     1472.9      628.26]
  [       1527       767.5]
  [     1493.7      765.54]
  [     1545.7      887.85]
  [       1515      882.48]]]