[[[     1249.7      387.94]
  [     1258.5      379.12]
  [     1241.5      379.39]
  [     1269.7      386.74]
  [     1228.2      387.31]
  [     1291.7      446.39]
  [     1205.3      445.28]
  [       1305      519.81]
  [     1185.9      514.02]
  [     1297.7      579.73]
  [       1183       575.2]
  [     1269.1      582.83]
  [     1212.1         580]
  [     1260.2      673.29]
  [     1205.5      669.74]
  [     1253.1       755.5]
  [     1189.7      747.09]]

 [[     1380.5      312.02]
  [     1386.7      296.17]
  [          0           0]
  [       1423       293.9]
  [          0           0]
  [     1444.7      374.01]
  [     1443.8      366.67]
  [     1423.5      493.28]
  [          0           0]
  [     1393.3      579.69]
  [          0           0]
  [     1437.6      588.81]
  [     1432.9      582.85]
  [     1440.5      738.16]
  [     1421.6      731.66]
  [       1457      881.44]
  [     1423.9      857.98]]]