[[[     1329.5      347.25]
  [     1341.6       336.6]
  [     1318.2      335.79]
  [       1357      348.63]
  [     1297.7      346.46]
  [       1383      427.29]
  [     1267.6      424.86]
  [     1399.2      522.45]
  [     1237.6      520.36]
  [     1392.4      603.88]
  [     1237.1      599.93]
  [     1354.1      604.71]
  [     1277.6      602.43]
  [     1342.4      722.42]
  [     1264.2      720.62]
  [     1330.8      837.09]
  [     1245.8      824.64]]

 [[       1596      193.48]
  [     1609.7      170.35]
  [          0           0]
  [     1675.3      165.19]
  [          0           0]
  [     1722.9      283.86]
  [     1689.8       279.7]
  [       1709      462.66]
  [          0           0]
  [     1622.3      577.07]
  [          0           0]
  [     1698.4      624.52]
  [     1670.4      614.88]
  [     1704.6      856.53]
  [     1661.9      847.18]
  [     1735.3      1056.8]
  [     1668.7      1031.5]]

 [[     1562.6       357.1]
  [     1576.2       342.1]
  [     1553.1      345.59]
  [       1610      348.49]
  [          0           0]
  [     1631.1      434.86]
  [     1556.8      440.22]
  [          0           0]
  [     1542.3      545.07]
  [     1587.1      611.73]
  [     1526.9      617.81]
  [     1602.7      633.41]
  [     1555.6      633.12]
  [     1608.5      774.57]
  [     1581.3      774.02]
  [     1623.1      895.83]
  [       1602      894.05]]]