[[[     1478.1      433.47]
  [     1488.1      424.07]
  [     1472.4      423.88]
  [     1507.4      430.93]
  [          0           0]
  [       1534      505.01]
  [     1453.8      496.59]
  [     1546.6      586.33]
  [          0           0]
  [     1484.6      589.32]
  [          0           0]
  [     1504.1      634.52]
  [          0           0]
  [          0           0]
  [          0           0]
  [          0           0]
  [          0           0]]

 [[          0           0]
  [          0           0]
  [          0           0]
  [          0           0]
  [          0           0]
  [     1063.5      437.95]
  [     968.64      437.53]
  [     1088.4      499.01]
  [     936.18      504.08]
  [     1093.4      526.68]
  [     964.55      540.86]
  [     1047.2      573.75]
  [     986.18      574.14]
  [          0           0]
  [          0           0]
  [          0           0]
  [          0           0]]]