[[[     88.497      397.36]
  [     97.279      389.37]
  [     79.556      390.16]
  [     110.75      396.15]
  [     66.738      398.11]
  [     136.33      450.79]
  [     41.817      450.84]
  [     150.27      517.96]
  [     21.371       512.6]
  [     141.55      575.55]
  [     22.004       572.6]
  [     114.38      573.59]
  [     53.714      573.89]
  [     120.54      657.59]
  [     57.534      657.59]
  [     125.19      736.18]
  [     55.702      740.42]]

 [[     172.87      351.77]
  [     182.99      341.62]
  [          0           0]
  [     219.01      348.19]
  [          0           0]
  [     212.02      410.78]
  [     250.99       405.7]
  [      188.9      503.49]
  [          0           0]
  [      165.1      570.27]
  [          0           0]
  [     216.57      577.58]
  [     240.33      574.06]
  [      217.7      693.32]
  [     236.42      689.34]
  [     232.68      797.67]
  [     241.09       789.4]]

 [[          0           0]
  [          0           0]
  [          0           0]
  [          0           0]
  [          0           0]
  [     289.88      468.87]
  [     291.78      466.43]
  [      289.7      535.26]
  [          0           0]
  [          0           0]
  [          0           0]
  [     286.69      583.16]
  [      285.8       580.6]
  [     285.14      662.43]
  [     279.72      664.33]
  [     294.62       745.9]
  [     286.33      742.63]]]