[[[     1279.2      368.73]
  [     1289.3      359.08]
  [       1270      358.88]
  [     1302.8      369.27]
  [     1254.1      368.36]
  [     1325.1      438.41]
  [     1229.7      435.44]
  [     1341.5      520.88]
  [     1206.2      517.93]
  [     1333.7       591.6]
  [     1204.6      586.29]
  [     1300.7      593.17]
  [     1237.6      590.81]
  [     1293.8      695.97]
  [     1226.7      693.83]
  [     1284.5      795.49]
  [     1214.4      785.42]]

 [[     1464.4      261.18]
  [     1475.2      244.34]
  [          0           0]
  [     1524.8      247.68]
  [          0           0]
  [     1540.2      343.37]
  [     1543.9      335.89]
  [     1519.5      485.45]
  [          0           0]
  [     1469.3      590.12]
  [          0           0]
  [     1534.9      602.56]
  [     1532.7      594.99]
  [     1537.3       785.4]
  [     1519.8       775.8]
  [     1565.2      965.09]
  [     1521.7      930.59]]]