[[[     1239.7      390.89]
  [     1248.3      382.93]
  [     1231.8      383.21]
  [     1260.8      389.44]
  [     1219.7      390.52]
  [     1282.1      444.08]
  [     1197.3      445.67]
  [     1295.1      516.27]
  [       1178      514.38]
  [     1289.7      576.42]
  [     1176.6      573.96]
  [     1259.9       574.4]
  [     1203.5      574.04]
  [     1251.2      667.12]
  [     1196.3      665.04]
  [     1241.3      753.57]
  [     1183.7      748.74]]

 [[     1364.1      320.46]
  [       1369      304.96]
  [          0           0]
  [     1402.6       301.6]
  [          0           0]
  [     1422.3      378.58]
  [     1424.9      371.18]
  [     1404.6      493.89]
  [          0           0]
  [     1373.3       579.3]
  [     1358.2      520.66]
  [     1414.2      586.86]
  [     1413.5       582.1]
  [     1419.4      729.34]
  [     1414.1      723.82]
  [     1430.1      864.73]
  [     1412.8      851.67]]]