[[[       1305      357.19]
  [     1315.1      347.49]
  [     1294.5      347.37]
  [     1327.9      356.89]
  [     1276.8      356.57]
  [     1355.9      426.55]
  [     1247.7       425.6]
  [     1371.4      515.74]
  [     1223.8      512.97]
  [     1364.5      589.57]
  [     1220.8      589.02]
  [     1327.8      592.75]
  [     1255.7      590.76]
  [     1319.1       704.7]
  [     1244.7      704.76]
  [     1311.9      812.47]
  [     1230.5      805.25]]

 [[     1529.9      225.63]
  [       1543      208.24]
  [          0           0]
  [     1594.1      209.94]
  [          0           0]
  [     1616.6      303.06]
  [     1608.1      309.94]
  [     1616.2      439.87]
  [          0           0]
  [     1548.1      560.22]
  [          0           0]
  [     1609.1       595.4]
  [       1601      592.48]
  [     1608.5      802.98]
  [     1586.8      803.86]
  [       1635      1009.7]
  [     1586.1      973.37]]

 [[     1509.3      366.98]
  [     1524.9      353.04]
  [     1502.8      354.61]
  [     1562.4      359.83]
  [          0           0]
  [     1576.4      435.14]
  [     1514.7      447.63]
  [          0           0]
  [          0           0]
  [          0           0]
  [          0           0]
  [     1553.1      612.94]
  [     1514.3      614.66]
  [     1550.9      744.12]
  [     1516.1      743.57]
  [     1555.5      870.48]
  [     1525.1       860.4]]]