[[[     567.42      426.17]
  [     573.87      419.48]
  [     560.88      420.12]
  [     583.75      423.22]
  [     551.94      424.78]
  [     602.87      467.35]
  [     533.17      467.79]
  [      610.1      524.22]
  [      520.8      521.64]
  [     609.16      575.46]
  [     520.72      571.05]
  [     589.07      571.83]
  [     544.31      571.98]
  [     587.78      645.19]
  [      545.5      644.27]
  [     592.99      712.25]
  [     541.97      712.37]]

 [[     630.58      388.56]
  [     632.98      379.25]
  [          0           0]
  [      644.5      379.86]
  [          0           0]
  [     653.92      430.62]
  [     688.87      425.77]
  [     639.57      505.43]
  [          0           0]
  [      619.7      568.34]
  [          0           0]
  [     656.67      572.64]
  [     681.21      568.64]
  [     660.48       677.5]
  [     673.41      672.15]
  [     672.44      770.13]
  [     677.63      759.86]]

 [[     697.24      448.75]
  [     703.18      442.22]
  [          0           0]
  [      718.5      446.45]
  [          0           0]
  [     725.89      486.04]
  [          0           0]
  [     716.23      541.59]
  [          0           0]
  [     697.08      577.51]
  [          0           0]
  [     717.14      582.41]
  [     705.56      580.15]
  [     713.06       653.6]
  [     705.03      652.37]
  [     717.65      723.54]
  [     712.64      719.94]]]