[[[          0           0]
  [          0           0]
  [          0           0]
  [    0.53101      330.83]
  [          0           0]
  [     12.638      394.77]
  [     60.816      397.59]
  [          0           0]
  [       66.4      487.28]
  [          0           0]
  [          0           0]
  [     18.024      569.87]
  [     50.813      567.74]
  [      11.11      694.08]
  [     30.212      691.84]
  [     29.621      813.35]
  [     40.362      812.46]]

 [[          0           0]
  [          0           0]
  [          0           0]
  [     77.528      419.49]
  [          0           0]
  [      98.88      463.25]
  [     95.268      461.21]
  [     94.725      531.53]
  [          0           0]
  [          0           0]
  [          0           0]
  [     96.712      588.11]
  [     92.193      585.32]
  [     96.167      676.83]
  [      84.39      676.96]
  [     106.49      767.08]
  [      91.23      761.25]]]