[[[     562.84      425.92]
  [     569.38      419.13]
  [     556.47       419.9]
  [     580.28      422.68]
  [     548.36      424.73]
  [     600.03       466.9]
  [     530.33      468.08]
  [     607.86      522.66]
  [     518.08      521.84]
  [     605.09      572.57]
  [      516.9       570.9]
  [     585.88      571.41]
  [     541.24      571.76]
  [     584.08       644.9]
  [      543.1      644.01]
  [     589.81      712.11]
  [     539.68      712.79]]

 [[          0           0]
  [          0           0]
  [          0           0]
  [     640.93      382.47]
  [          0           0]
  [      648.9      435.02]
  [     687.08      429.78]
  [     633.04       509.4]
  [          0           0]
  [     613.01      570.86]
  [          0           0]
  [      647.1      576.53]
  [     676.54      572.32]
  [     656.57      676.22]
  [     670.81      672.43]
  [     667.41      770.74]
  [     673.28      764.16]]

 [[     695.43      449.52]
  [      701.4       443.2]
  [          0           0]
  [     715.91      447.53]
  [          0           0]
  [     723.45      486.69]
  [          0           0]
  [     712.22      541.86]
  [          0           0]
  [     691.96      573.65]
  [          0           0]
  [     715.07       582.8]
  [     700.96      580.25]
  [      710.6      654.08]
  [     700.33      652.13]
  [     715.94      724.01]
  [     707.86      720.38]]]