[[[          0           0]
  [      867.2       374.1]
  [          0           0]
  [     878.35      379.16]
  [          0           0]
  [     876.98      432.72]
  [     920.07      429.63]
  [     859.32      506.36]
  [          0           0]
  [     835.54      566.64]
  [          0           0]
  [     879.71      577.68]
  [     908.82      574.92]
  [      886.1      679.72]
  [     901.22      674.43]
  [     895.26      775.67]
  [     905.46      768.08]]

 [[     799.37      430.97]
  [     806.28      424.44]
  [      794.5       424.4]
  [     819.11      427.41]
  [          0           0]
  [     834.93      469.26]
  [     771.06      469.81]
  [     842.37      522.98]
  [     759.69      522.55]
  [     835.55      572.02]
  [      756.6      571.51]
  [     822.36      572.27]
  [     781.03      572.31]
  [     821.98      645.15]
  [     782.41       644.8]
  [     827.02      714.28]
  [     777.14      712.95]]

 [[          0           0]
  [          0           0]
  [          0           0]
  [     938.13      444.55]
  [          0           0]
  [     954.21      482.88]
  [     944.26      480.03]
  [     946.93      538.36]
  [          0           0]
  [     930.71      579.37]
  [          0           0]
  [     947.47      583.14]
  [     940.21       580.5]
  [      943.7      655.02]
  [     936.35      655.01]
  [     951.02      728.82]
  [     943.94      726.43]]]