[[[          0           0]
  [     961.93      373.24]
  [          0           0]
  [     974.76      378.31]
  [          0           0]
  [     972.76      431.94]
  [     1018.8      426.94]
  [     955.77      506.64]
  [          0           0]
  [      939.6      567.47]
  [          0           0]
  [     978.29      574.74]
  [     1011.6       571.2]
  [     985.81      680.51]
  [     1002.7       675.9]
  [     992.42      778.98]
  [       1004       772.5]]

 [[     906.87      426.11]
  [     913.68      420.39]
  [      900.8      420.38]
  [     923.84      426.05]
  [     891.74      426.15]
  [     940.38      468.17]
  [      873.2      468.89]
  [     949.34      520.15]
  [     859.66      520.75]
  [     941.85      569.49]
  [     860.75      568.16]
  [     924.33       570.7]
  [     880.99      570.69]
  [     922.32      643.27]
  [     877.73      642.95]
  [     920.37      714.66]
  [     871.95      713.86]]

 [[     1032.5      442.22]
  [       1040      436.15]
  [          0           0]
  [       1060      441.24]
  [          0           0]
  [     1071.5      480.45]
  [     1039.4      479.74]
  [     1069.4      537.85]
  [          0           0]
  [     1042.4      576.58]
  [          0           0]
  [     1060.5      587.12]
  [       1037      585.11]
  [     1057.6      662.57]
  [     1038.9      661.92]
  [     1065.3      735.86]
  [       1048      730.65]]]