[[[      953.6      374.35]
  [      956.4      365.71]
  [          0           0]
  [     970.33      370.02]
  [          0           0]
  [     971.83      424.31]
  [     1014.7      419.57]
  [     957.03      504.74]
  [          0           0]
  [     936.09      570.54]
  [          0           0]
  [     976.62      575.68]
  [       1008      571.85]
  [     980.57      685.37]
  [     996.22      679.42]
  [     989.48      785.39]
  [     999.78      776.14]]

 [[      899.2      423.19]
  [     906.65      416.77]
  [     893.68       416.6]
  [     918.87      422.67]
  [     886.25       422.4]
  [     933.05      467.56]
  [      868.5       467.3]
  [     945.61      516.31]
  [      854.3      521.77]
  [     938.14      537.61]
  [     853.18      569.62]
  [     919.37      571.89]
  [     876.97      571.06]
  [     916.09      645.19]
  [     874.96      643.76]
  [     913.06      715.12]
  [      867.4      713.43]]

 [[       1035      440.26]
  [     1043.4      433.99]
  [       1032      433.71]
  [     1061.3      439.34]
  [          0           0]
  [     1068.8       479.4]
  [       1037       478.7]
  [     1066.7      537.08]
  [          0           0]
  [     1039.9      578.75]
  [          0           0]
  [     1058.2      587.69]
  [     1034.8      585.89]
  [     1056.8      663.32]
  [     1038.6      662.19]
  [     1064.5      738.88]
  [     1044.5      733.12]]]