[[[     862.82      340.97]
  [      874.3      330.56]
  [     852.22      330.43]
  [     887.76      342.67]
  [     834.74      341.58]
  [     915.78       423.3]
  [     802.49      417.25]
  [      932.2      518.84]
  [     778.23      513.52]
  [     927.47      596.69]
  [     774.52      595.74]
  [     886.71      603.05]
  [     810.72      597.87]
  [     877.85      722.12]
  [     805.71      722.63]
  [     875.24      838.03]
  [     788.75      832.24]]

 [[     1169.6      182.24]
  [     1195.7      166.61]
  [       1160      161.92]
  [     1234.4       188.2]
  [          0           0]
  [     1242.9      302.71]
  [     1161.8      298.57]
  [     1238.4      465.93]
  [          0           0]
  [     1164.5      580.21]
  [          0           0]
  [       1195      612.12]
  [       1140      604.94]
  [     1209.6      843.29]
  [     1164.4      834.03]
  [     1235.9      1050.3]
  [     1181.8      1007.7]]

 [[       1012       374.4]
  [     1024.8      360.44]
  [     1001.4      363.46]
  [     1053.8      363.48]
  [          0           0]
  [       1083      434.08]
  [     1002.9      447.97]
  [     1116.7      512.31]
  [     994.25      542.91]
  [     1108.3      591.62]
  [     981.24      618.98]
  [     1070.4      627.89]
  [     1027.3      628.82]
  [     1052.4       774.8]
  [     1067.9      758.44]
  [     1053.4      903.71]
  [     1107.4      860.84]]]