[[[       1023      353.66]
  [     1033.3      344.18]
  [     1012.5      343.16]
  [     1045.1      354.38]
  [     993.08      351.95]
  [     1072.3      426.62]
  [     962.63      424.18]
  [     1088.5      519.79]
  [     938.86      515.57]
  [       1082         597]
  [     936.84      597.53]
  [     1046.3      597.94]
  [     973.06      595.56]
  [     1038.2       712.1]
  [     961.31      713.36]
  [     1033.4      824.82]
  [     946.94      819.35]]

 [[     1257.9      221.27]
  [     1269.9      201.92]
  [          0           0]
  [     1321.2      200.82]
  [          0           0]
  [     1339.8       302.8]
  [     1339.8      300.98]
  [       1327      458.81]
  [          0           0]
  [     1267.6      573.85]
  [          0           0]
  [     1333.4      606.84]
  [     1328.8      601.42]
  [     1339.2      821.65]
  [     1313.2      818.73]
  [       1370      1034.1]
  [     1329.9      997.31]]

 [[     1233.9      371.13]
  [     1247.1      358.19]
  [       1225      359.82]
  [     1274.4      364.73]
  [          0           0]
  [     1290.3      438.85]
  [     1226.9      446.68]
  [          0           0]
  [       1213      543.39]
  [          0           0]
  [     1198.6      615.15]
  [       1266      617.32]
  [     1225.3      618.04]
  [     1271.1      753.17]
  [     1242.6      753.74]
  [     1292.5      874.48]
  [     1264.8      865.77]]]