[[[     894.02      418.01]
  [     901.65      411.27]
  [     887.92       410.9]
  [     913.21      416.53]
  [     878.95      415.64]
  [     931.95      465.39]
  [     858.04      463.99]
  [      942.1      525.44]
  [     844.57      523.24]
  [     936.71      579.59]
  [     840.23      577.29]
  [     912.84      578.39]
  [     865.47      576.87]
  [     907.39       657.8]
  [     859.84      654.93]
  [     900.82      732.56]
  [     849.67      728.99]]

 [[          0           0]
  [          0           0]
  [          0           0]
  [     1003.5      352.73]
  [          0           0]
  [     1025.7      416.87]
  [     1049.1      409.22]
  [     1011.5      507.48]
  [          0           0]
  [     993.71      578.88]
  [          0           0]
  [     1028.2      582.06]
  [     1042.3      576.86]
  [     1031.3      699.78]
  [     1039.1      690.29]
  [     1039.3         806]
  [       1041       794.8]]]