[[[     900.28      440.33]
  [     908.93      431.13]
  [     896.04      431.24]
  [     926.46      436.74]
  [          0           0]
  [     946.27      507.56]
  [     887.66      496.94]
  [     955.53      584.64]
  [          0           0]
  [     906.68      582.77]
  [          0           0]
  [          0           0]
  [          0           0]
  [          0           0]
  [          0           0]
  [          0           0]
  [          0           0]]

 [[          0           0]
  [          0           0]
  [          0           0]
  [          0           0]
  [          0           0]
  [     335.04       476.1]
  [     281.44      473.47]
  [     347.79      519.74]
  [     267.65      517.49]
  [     343.42      552.45]
  [     272.12       551.8]
  [     323.87      558.64]
  [     288.65      557.33]
  [          0           0]
  [          0           0]
  [          0           0]
  [          0           0]]]