[[[      996.2      359.82]
  [     1011.2      345.21]
  [     985.48      346.86]
  [     1041.3      350.71]
  [          0           0]
  [     1073.4      433.47]
  [        976      441.18]
  [       1104      536.41]
  [     964.29      539.81]
  [     1082.7      622.46]
  [     949.51      617.24]
  [     1053.6      638.64]
  [     995.16       639.5]
  [     1049.1      784.64]
  [     1042.4      770.56]
  [     1051.3      920.63]
  [     1095.2      876.24]]

 [[     862.92      341.09]
  [     874.45      330.54]
  [     852.27      330.65]
  [     888.57      342.15]
  [     835.22      341.66]
  [        917      422.71]
  [     803.33      417.08]
  [     933.75      519.57]
  [     778.71      513.63]
  [     928.31      599.09]
  [     774.77       595.7]
  [     887.68      603.02]
  [     811.66      598.01]
  [     877.28      721.52]
  [     805.71      722.63]
  [     873.62      838.62]
  [     788.69      833.12]]

 [[     1124.5      176.57]
  [       1145      158.82]
  [          0           0]
  [     1207.1      176.33]
  [          0           0]
  [     1238.3      298.51]
  [     1167.9      296.97]
  [     1229.5      472.02]
  [          0           0]
  [       1160      581.93]
  [          0           0]
  [     1191.9      614.12]
  [     1140.7      607.78]
  [     1206.9      843.16]
  [     1162.2      834.77]
  [     1234.6      1051.1]
  [     1179.9      1007.2]]]