[[[     1441.6      280.73]
  [     1451.1      264.37]
  [          0           0]
  [     1493.8      266.99]
  [          0           0]
  [     1513.5      358.78]
  [     1507.8      349.71]
  [     1494.5      494.57]
  [          0           0]
  [     1457.8      591.83]
  [          0           0]
  [     1505.5      602.86]
  [     1496.9      595.66]
  [       1508      770.79]
  [     1488.6      765.77]
  [     1531.3      935.54]
  [     1494.4      910.08]]

 [[     1276.7      380.01]
  [     1286.5      370.55]
  [     1267.9      370.58]
  [       1300       379.4]
  [       1253      379.15]
  [     1321.1      446.16]
  [     1229.4      443.55]
  [     1335.4      526.87]
  [     1206.4      522.26]
  [     1326.7      592.03]
  [     1203.6      587.12]
  [     1295.8      593.75]
  [     1234.9      591.86]
  [     1289.3      690.09]
  [     1223.6      689.48]
  [       1279      787.17]
  [     1210.4      780.97]]]