[[[     1273.3      379.11]
  [     1283.1      369.86]
  [     1264.4      369.79]
  [     1295.7      378.71]
  [     1249.9      378.12]
  [     1320.1      444.99]
  [     1225.6      440.63]
  [     1333.4      522.74]
  [     1204.4      518.52]
  [     1325.7      587.33]
  [     1201.4      584.04]
  [     1293.2      592.44]
  [     1230.2      587.92]
  [     1284.9      686.06]
  [     1222.6      685.68]
  [     1277.4       778.3]
  [     1209.5      770.72]]

 [[     1432.8      284.33]
  [     1442.1      268.67]
  [          0           0]
  [     1485.3      269.95]
  [          0           0]
  [     1503.7      360.12]
  [       1503      350.72]
  [     1483.6      493.46]
  [          0           0]
  [     1442.6      589.21]
  [          0           0]
  [     1497.5      601.93]
  [     1492.6      594.19]
  [     1500.6      768.81]
  [     1481.3      758.58]
  [     1521.6      927.85]
  [     1489.1      901.76]]]