[[[     869.25      345.99]
  [     880.04      336.05]
  [     858.26      335.89]
  [     893.85      347.04]
  [     839.86      346.39]
  [     923.05      421.98]
  [      809.9      418.65]
  [     938.21      518.46]
  [     785.94      513.48]
  [     932.64      597.33]
  [      782.1      596.13]
  [     895.23      597.67]
  [     819.63      595.26]
  [     888.39      716.15]
  [     809.68         718]
  [     884.48      832.04]
  [     797.14      829.04]]

 [[     1118.3      209.48]
  [     1128.2      189.04]
  [          0           0]
  [     1172.5      188.11]
  [          0           0]
  [     1206.5      297.47]
  [     1189.8      298.29]
  [     1200.3      465.17]
  [          0           0]
  [     1133.1      581.14]
  [          0           0]
  [     1197.9      610.62]
  [     1182.2      605.61]
  [     1201.8      827.97]
  [     1167.9      824.64]
  [       1228      1041.2]
  [     1179.9        1004]]

 [[     1088.9      369.04]
  [     1101.4      355.78]
  [     1080.9      357.28]
  [     1130.1       360.7]
  [          0           0]
  [     1146.7      436.23]
  [     1085.9      440.96]
  [          0           0]
  [     1070.8      536.41]
  [          0           0]
  [     1055.7       610.6]
  [     1121.4      618.04]
  [     1082.5       617.6]
  [     1125.9      754.97]
  [     1099.3         754]
  [     1143.5      876.31]
  [     1117.2      867.85]]]