[[[     895.02      421.79]
  [     902.39      415.09]
  [     889.35      414.89]
  [     914.22      420.55]
  [      881.5      420.15]
  [     929.82      466.29]
  [     862.73      465.83]
  [          0           0]
  [     849.55      521.45]
  [          0           0]
  [     847.67      571.22]
  [     915.16      573.06]
  [     871.23      572.25]
  [     911.83      649.56]
  [     867.75      647.27]
  [     909.15      721.15]
  [     857.94      719.01]]

 [[     943.66      368.41]
  [     949.05      358.68]
  [          0           0]
  [     969.19      361.51]
  [          0           0]
  [     970.06      418.49]
  [     1005.6      413.56]
  [     950.14      499.88]
  [          0           0]
  [     925.47      568.88]
  [          0           0]
  [     967.96      574.63]
  [     996.86       570.5]
  [     974.51      686.65]
  [     984.92      683.81]
  [      984.5      792.37]
  [     991.09      787.28]]

 [[     1022.9      439.98]
  [     1031.6      433.39]
  [     1020.4      433.39]
  [     1052.2      438.43]
  [          0           0]
  [     1060.4      478.74]
  [     1028.7         479]
  [     1057.2      538.15]
  [          0           0]
  [     1031.4      579.27]
  [          0           0]
  [     1050.8      589.71]
  [     1027.3       588.5]
  [     1050.8      666.09]
  [     1032.6      666.59]
  [     1059.2      742.15]
  [     1040.1      736.82]]]