[[[     1271.5       383.2]
  [     1280.6      374.32]
  [     1262.6      374.67]
  [     1292.1      382.34]
  [     1248.6      383.06]
  [     1318.3      445.01]
  [     1225.7      442.15]
  [     1330.7      521.86]
  [     1206.9      517.07]
  [     1322.3      585.32]
  [     1202.9      579.87]
  [     1292.9      587.01]
  [     1230.7      583.07]
  [     1285.3      677.88]
  [     1222.6      679.66]
  [     1274.9      767.37]
  [     1209.9      761.19]]

 [[     1418.6      297.23]
  [       1426      281.48]
  [          0           0]
  [     1466.8      280.31]
  [          0           0]
  [     1487.9      366.13]
  [     1485.2       357.5]
  [     1464.4      493.92]
  [          0           0]
  [     1427.6       587.4]
  [          0           0]
  [     1477.1       597.6]
  [       1472      591.36]
  [     1478.3      754.01]
  [     1467.3      748.08]
  [     1498.7      906.12]
  [     1472.1      882.97]]]