[[[     1222.6      403.34]
  [     1230.7      396.06]
  [     1214.8      396.13]
  [       1242      402.54]
  [     1202.9      402.56]
  [     1261.9      456.83]
  [       1181      456.22]
  [     1274.5      524.97]
  [     1163.4      521.77]
  [     1268.3      584.79]
  [     1160.3      582.47]
  [     1239.8      584.71]
  [     1188.1      583.49]
  [     1233.4      671.72]
  [       1180      669.37]
  [     1228.2      754.88]
  [     1166.9       750.5]]

 [[     1338.7      337.97]
  [     1343.8      323.21]
  [          0           0]
  [     1374.9      320.99]
  [          0           0]
  [       1392      395.48]
  [     1400.8      387.09]
  [     1371.9      504.44]
  [          0           0]
  [     1344.8      584.98]
  [          0           0]
  [     1387.8      591.57]
  [     1392.8      586.81]
  [     1386.5      726.23]
  [     1394.8      724.81]
  [     1396.6      851.29]
  [     1398.8      845.72]]]