[[[     1301.7      358.33]
  [     1312.2      348.82]
  [     1291.3      348.31]
  [     1325.1      358.76]
  [     1273.4      357.47]
  [     1351.7      427.87]
  [     1245.2      426.44]
  [       1368      516.15]
  [     1220.8      512.58]
  [     1361.4      590.52]
  [       1216      587.64]
  [       1324      591.09]
  [     1253.3      588.93]
  [     1314.2      703.78]
  [     1242.5      703.49]
  [     1306.9      811.43]
  [     1228.3      804.59]]

 [[       1521      230.69]
  [     1534.4      213.46]
  [          0           0]
  [     1587.1      213.98]
  [          0           0]
  [       1609      304.83]
  [     1602.3      309.62]
  [       1605       443.3]
  [          0           0]
  [     1533.2       565.3]
  [          0           0]
  [     1602.3      595.31]
  [     1595.3      591.82]
  [     1602.7      800.92]
  [     1580.8      801.49]
  [     1630.3      1006.1]
  [     1583.4      970.49]]

 [[     1501.9       371.7]
  [     1517.6      358.68]
  [     1495.9      359.09]
  [     1552.4      366.19]
  [          0           0]
  [     1564.2      435.69]
  [     1508.2      445.44]
  [          0           0]
  [          0           0]
  [          0           0]
  [          0           0]
  [     1542.7      612.44]
  [     1506.7      612.97]
  [     1541.4      746.32]
  [     1506.6      744.74]
  [     1546.1      877.51]
  [     1513.6      864.86]]]