[[[     1266.1      385.72]
  [       1275      377.17]
  [     1257.4      377.35]
  [     1285.7      384.51]
  [     1243.3         385]
  [     1309.7      443.72]
  [     1221.3      442.73]
  [       1323      518.53]
  [     1201.8       515.9]
  [     1315.5      581.69]
  [     1198.9       579.4]
  [     1285.8       581.3]
  [     1226.7      577.88]
  [     1278.3      675.16]
  [     1218.1      675.08]
  [     1270.6      763.55]
  [     1204.4      755.75]]

 [[       1407      304.08]
  [     1413.7      288.95]
  [          0           0]
  [     1451.9      286.74]
  [          0           0]
  [     1472.1      368.38]
  [     1475.8      362.26]
  [     1450.8       493.4]
  [          0           0]
  [       1417      584.23]
  [          0           0]
  [     1462.2      591.45]
  [     1461.1      585.02]
  [     1464.7      746.91]
  [     1452.7      737.02]
  [     1483.7      894.08]
  [     1458.6      870.63]]]