[[[          0           0]
  [     955.75      364.76]
  [          0           0]
  [     969.19      369.31]
  [          0           0]
  [     971.47      423.79]
  [     1014.1      419.02]
  [     957.23      503.87]
  [          0           0]
  [     936.31      569.53]
  [          0           0]
  [     976.19      574.32]
  [       1007       570.5]
  [     980.73      682.67]
  [     995.43      676.61]
  [     989.95      782.82]
  [     998.83      773.41]]

 [[     898.55      421.81]
  [      905.7      415.35]
  [     892.96      415.16]
  [     917.07      420.84]
  [     885.26      420.47]
  [     932.04      465.42]
  [     867.02      465.11]
  [     945.45      514.55]
  [     853.47      519.68]
  [     938.63      537.62]
  [     852.46      567.57]
  [     918.83      568.66]
  [     876.24      567.88]
  [     915.99      642.66]
  [     874.69      641.29]
  [     912.51      713.58]
  [     865.63      711.15]]

 [[     1035.3      438.85]
  [     1043.9      432.59]
  [     1031.9      432.42]
  [     1061.3      438.41]
  [          0           0]
  [     1068.5      478.84]
  [     1035.7       478.3]
  [     1066.2      535.94]
  [          0           0]
  [     1040.7      578.28]
  [          0           0]
  [     1057.5      585.97]
  [     1033.4      584.33]
  [     1055.9      660.57]
  [     1037.7      659.49]
  [     1063.6      735.55]
  [     1044.3      729.64]]]