[[[     1279.2      368.33]
  [     1289.3      358.88]
  [     1270.1      358.85]
  [       1303      368.73]
  [     1254.5      368.25]
  [     1324.4      436.32]
  [     1230.8      433.74]
  [     1340.3      518.21]
  [     1207.2      515.35]
  [     1332.7      588.56]
  [     1205.4      584.21]
  [     1299.6      588.32]
  [     1237.7      586.36]
  [     1293.8      688.35]
  [     1226.9      687.51]
  [     1284.2      787.18]
  [     1214.9      779.71]]

 [[     1451.9      262.02]
  [     1462.6      245.29]
  [          0           0]
  [       1511      248.85]
  [          0           0]
  [     1526.7      340.58]
  [       1530      332.93]
  [     1505.9      483.06]
  [          0           0]
  [     1469.6      587.19]
  [          0           0]
  [     1528.9      598.15]
  [       1526      591.95]
  [     1528.4      778.87]
  [     1510.9      773.22]
  [     1551.5      954.57]
  [     1515.4      922.82]]]