[[[     718.37      430.46]
  [     725.38      423.79]
  [     712.91      423.91]
  [      737.7      427.97]
  [     705.92      428.49]
  [     754.45      472.49]
  [      688.9      471.94]
  [     765.01      526.48]
  [     676.32      524.63]
  [     761.53      571.99]
  [     673.91      572.91]
  [     740.57      574.23]
  [     698.15      573.79]
  [     741.18       647.1]
  [     700.59      645.94]
  [     744.74      716.44]
  [     693.57      715.99]]

 [[          0           0]
  [     787.21      371.35]
  [          0           0]
  [     798.43      377.14]
  [          0           0]
  [     800.92      431.27]
  [     837.17      427.59]
  [     786.32      508.56]
  [          0           0]
  [     763.24      572.93]
  [          0           0]
  [      801.2      577.92]
  [     826.69      574.84]
  [      805.3      680.32]
  [     818.44      675.32]
  [     817.42      777.94]
  [     822.48      770.16]]

 [[          0           0]
  [          0           0]
  [          0           0]
  [     856.43      446.45]
  [          0           0]
  [     870.22      484.11]
  [      865.7      481.61]
  [     863.48      541.18]
  [          0           0]
  [     846.11      583.89]
  [          0           0]
  [     866.62      587.03]
  [     863.47      584.78]
  [     861.01       660.1]
  [      857.1      660.94]
  [     866.18      735.05]
  [     863.41      731.02]]]