[[[          0           0]
  [          0           0]
  [          0           0]
  [     953.13      363.52]
  [          0           0]
  [     971.02      419.07]
  [     1016.5      412.98]
  [      953.9      503.24]
  [          0           0]
  [     931.26      568.96]
  [          0           0]
  [     985.17      580.33]
  [     1016.9      575.67]
  [     983.03      693.18]
  [     1017.5      687.95]
  [     984.19      799.88]
  [     1029.2      785.32]]

 [[     901.26      416.24]
  [     907.06      409.14]
  [     894.04      409.43]
  [          0           0]
  [     880.88      414.12]
  [     928.77      460.86]
  [     858.83      460.85]
  [     939.65      518.21]
  [     846.41      518.82]
  [     935.23      573.32]
  [     845.36      570.88]
  [     915.39      572.92]
  [      869.8       572.5]
  [     907.74       651.6]
  [     862.01      649.62]
  [     902.95      722.56]
  [     850.12      722.12]]

 [[          0           0]
  [     1034.3      434.11]
  [          0           0]
  [     1051.5      434.88]
  [          0           0]
  [     1060.2      470.94]
  [          0           0]
  [     1030.5      498.97]
  [          0           0]
  [          0           0]
  [          0           0]
  [     1051.7       585.8]
  [     1037.7       584.1]
  [     1051.2      667.68]
  [          0           0]
  [     1055.3       748.4]
  [          0           0]]]