[[[     1267.8      388.03]
  [     1276.8      379.19]
  [     1259.2      379.34]
  [       1288      386.54]
  [     1245.2      386.95]
  [     1313.4      447.51]
  [     1222.3      445.75]
  [     1325.7      523.64]
  [       1204       519.9]
  [     1317.7      585.28]
  [     1200.7      582.39]
  [     1288.5      587.47]
  [     1227.3      583.98]
  [     1280.5      678.24]
  [     1219.4      679.25]
  [       1271      765.92]
  [     1205.8      759.93]]

 [[     1411.4      304.82]
  [     1418.2      289.76]
  [          0           0]
  [     1456.6      288.26]
  [          0           0]
  [     1475.5      370.48]
  [     1481.6      363.84]
  [     1452.7      495.57]
  [          0           0]
  [     1419.6      586.49]
  [          0           0]
  [     1466.3      596.48]
  [     1466.9      589.76]
  [     1468.8      753.75]
  [     1457.1      743.16]
  [     1486.5      901.38]
  [     1463.1      877.07]]]