[[[     628.93      378.67]
  [     639.19      370.13]
  [     629.93      368.78]
  [     668.06      377.16]
  [          0           0]
  [     659.53      430.97]
  [     687.58      423.34]
  [     637.75      511.62]
  [          0           0]
  [     615.46      569.61]
  [          0           0]
  [     657.29      579.16]
  [     675.87      575.08]
  [     659.39       685.8]
  [     672.34      680.09]
  [     671.12         777]
  [     676.22      768.29]]

 [[      567.8      425.22]
  [      574.6      418.62]
  [      561.1      419.09]
  [     584.93      423.34]
  [     551.88      424.57]
  [      603.8      467.82]
  [      532.7      468.54]
  [     613.77      523.46]
  [     518.84      523.41]
  [     608.09      572.57]
  [     518.25      573.13]
  [     589.77      575.07]
  [     543.89      575.26]
  [     587.99      650.68]
  [     545.26      649.68]
  [      594.1      717.95]
  [     541.12      719.45]]

 [[          0           0]
  [     702.86       443.1]
  [          0           0]
  [     717.16      447.63]
  [          0           0]
  [     724.87      488.18]
  [          0           0]
  [     716.19      544.12]
  [          0           0]
  [     698.27       580.3]
  [          0           0]
  [     715.88      586.72]
  [     707.42      584.07]
  [     714.02      660.95]
  [     706.17      660.07]
  [     719.37      733.36]
  [     714.92      730.38]]]