[[[     1659.1      360.88]
  [       1669      349.67]
  [          0           0]
  [     1704.3      355.49]
  [          0           0]
  [     1743.1       420.5]
  [     1668.4      424.44]
  [     1753.5      511.35]
  [     1645.9       507.1]
  [     1724.2      586.01]
  [     1625.7      571.26]
  [     1704.8      583.32]
  [     1652.2      582.96]
  [     1718.7      693.52]
  [       1672      688.25]
  [     1722.5       801.6]
  [     1670.1      786.52]]

 [[     1546.1      373.54]
  [     1555.6      363.74]
  [     1537.8      365.98]
  [     1574.6      368.91]
  [       1529       375.8]
  [     1599.1      424.14]
  [     1515.5      433.29]
  [       1612      495.17]
  [     1492.2      499.55]
  [     1582.8      558.86]
  [     1493.2      555.15]
  [     1572.5      570.06]
  [     1516.9       572.2]
  [     1578.3      671.38]
  [     1525.7      669.41]
  [     1582.4      766.73]
  [     1531.4      755.55]]

 [[     1359.2      416.52]
  [     1357.4      409.65]
  [     1351.2       410.3]
  [          0           0]
  [     1325.3      418.09]
  [     1359.8      466.43]
  [     1295.8      469.45]
  [       1372      526.29]
  [     1287.2      539.52]
  [     1377.6       580.7]
  [     1303.7      594.81]
  [     1352.9      595.77]
  [     1309.7      598.38]
  [       1345      684.45]
  [     1300.7      686.37]
  [     1336.6       763.6]
  [     1286.8      768.78]]]