[[[     1300.5      272.93]
  [     1308.9       247.7]
  [     1277.9      263.35]
  [       1339      238.17]
  [     1262.5       275.5]
  [     1406.6      358.32]
  [     1241.3      352.47]
  [     1437.8      493.94]
  [     1165.4      421.63]
  [     1399.9      608.85]
  [     1230.6       315.4]
  [       1345      619.98]
  [     1234.5      611.96]
  [     1337.5      817.63]
  [     1202.2       797.8]
  [       1311      967.07]
  [     1212.1      941.92]]

 [[          0           0]
  [          0           0]
  [          0           0]
  [          0           0]
  [     1824.1      26.239]
  [          0           0]
  [     1706.7      229.04]
  [          0           0]
  [     1629.6      475.04]
  [          0           0]
  [       1647      651.67]
  [          0           0]
  [     1794.3      696.98]
  [          0           0]
  [       1773      1020.4]
  [          0           0]
  [          0           0]]]