[[[     1491.4      204.55]
  [     1514.9      182.52]
  [     1483.3      185.56]
  [     1577.5      195.36]
  [          0           0]
  [     1632.1      331.94]
  [     1461.8      339.45]
  [       1680      497.61]
  [     1421.7      501.65]
  [     1615.6      649.79]
  [     1400.3      629.15]
  [     1577.7       654.9]
  [     1467.1      652.26]
  [     1601.5      865.23]
  [     1492.4      855.12]
  [       1634      1044.6]
  [     1522.6      1031.3]]

 [[     1220.4      254.22]
  [     1235.8      235.39]
  [     1212.6      241.58]
  [     1285.1      242.63]
  [          0           0]
  [       1336      356.44]
  [     1191.3      359.06]
  [     1352.3      495.67]
  [     1155.6      482.18]
  [     1301.5      605.54]
  [     1143.9      582.83]
  [     1283.5      616.18]
  [     1183.6      613.89]
  [     1296.1      798.28]
  [     1197.4      783.04]
  [     1305.7      960.53]
  [     1204.4      932.06]]

 [[     945.23      297.26]
  [     947.96      282.57]
  [     926.98      281.19]
  [          0           0]
  [     875.67      294.33]
  [     948.04      407.34]
  [     822.86      403.79]
  [     971.13      539.95]
  [     810.29      549.19]
  [     985.28      648.22]
  [     853.66      670.78]
  [     943.01      674.25]
  [     857.08      675.41]
  [     921.73      851.03]
  [     837.77      859.15]
  [     906.96      997.71]
  [     817.04      1026.9]]]