[[[     1458.9      226.02]
  [     1479.1      204.92]
  [     1453.7       207.7]
  [     1541.3      212.77]
  [          0           0]
  [     1595.2      344.93]
  [     1445.1      350.54]
  [     1639.6      503.05]
  [     1406.3      502.13]
  [     1581.7      646.59]
  [     1386.2      627.72]
  [     1544.8      651.61]
  [     1445.8      648.36]
  [     1568.2      854.47]
  [     1469.2      839.91]
  [     1589.9      1033.5]
  [       1491      1017.6]]

 [[     1254.8      274.23]
  [     1267.7      253.96]
  [     1247.5      261.28]
  [     1319.2      256.93]
  [          0           0]
  [     1380.6      372.51]
  [     1222.3      367.99]
  [     1399.3      504.86]
  [     1178.2      485.69]
  [     1357.7      601.04]
  [     1173.2      584.38]
  [     1322.8      622.02]
  [     1215.6      614.98]
  [     1310.1      797.25]
  [       1195      782.27]
  [     1290.1      951.87]
  [     1189.9      918.28]]

 [[     947.41       309.1]
  [     949.23      296.09]
  [     930.39      293.99]
  [          0           0]
  [      880.3       306.4]
  [     955.25      418.04]
  [     829.67      407.55]
  [     973.17       537.2]
  [     819.57      539.84]
  [     986.72      631.62]
  [     860.02      644.31]
  [     942.06       663.3]
  [     858.83      662.27]
  [     923.42      832.75]
  [     847.01      835.81]
  [     908.63      976.33]
  [     819.65      999.28]]]