[[[     1698.3      356.81]
  [     1711.9      346.27]
  [     1691.2      346.48]
  [     1740.1      354.48]
  [          0           0]
  [     1768.1      418.91]
  [     1672.1      425.56]
  [     1785.8      512.23]
  [     1641.2      507.93]
  [     1753.5      592.93]
  [     1624.7       576.6]
  [       1729      588.16]
  [     1665.7       589.3]
  [     1736.6      703.72]
  [     1684.1      699.57]
  [     1739.6      815.19]
  [     1691.3      800.39]]

 [[     1553.8      373.02]
  [     1564.8      362.98]
  [     1546.7      363.79]
  [     1585.5      368.76]
  [     1537.7         372]
  [     1607.8       427.5]
  [     1521.8      433.95]
  [     1616.6      501.76]
  [     1499.6      505.19]
  [     1590.7      565.35]
  [     1499.5      560.73]
  [     1581.1      577.39]
  [     1522.4      579.11]
  [     1587.7      679.49]
  [     1531.6      676.39]
  [     1594.6      776.69]
  [     1541.9      763.53]]

 [[     1366.1      416.97]
  [          0           0]
  [     1357.9      410.02]
  [          0           0]
  [       1330      417.39]
  [     1365.9       468.5]
  [     1299.5      469.94]
  [     1378.1       530.7]
  [     1291.1      542.13]
  [     1384.6      587.33]
  [     1307.4      601.04]
  [     1359.9      600.94]
  [     1314.1      603.01]
  [     1350.1      692.78]
  [     1305.6       694.6]
  [     1340.9      773.09]
  [     1289.3      780.23]]]