[[[     1713.4       349.5]
  [     1725.1      337.57]
  [          0           0]
  [     1764.7      343.73]
  [          0           0]
  [     1807.9      413.75]
  [     1715.5      419.55]
  [     1811.9      514.41]
  [     1687.3      509.47]
  [     1766.7      589.57]
  [       1671      580.29]
  [     1764.2      590.81]
  [     1699.8      590.78]
  [     1773.5       707.8]
  [     1721.9      702.25]
  [     1781.2      822.27]
  [       1722      803.33]]

 [[     1580.8       364.3]
  [       1592      353.61]
  [     1572.5      353.65]
  [       1612      358.32]
  [     1562.7      359.93]
  [     1637.9       419.7]
  [     1542.6      423.83]
  [     1652.8      498.35]
  [     1520.5      499.07]
  [     1617.4      563.36]
  [     1519.8      557.45]
  [     1608.5      576.89]
  [     1546.6      575.91]
  [     1612.7      683.41]
  [     1555.4      680.12]
  [     1619.2      784.33]
  [       1565      767.32]]

 [[     1382.2         406]
  [       1382      396.89]
  [     1373.8      397.73]
  [          0           0]
  [     1346.1      404.32]
  [     1378.8      459.77]
  [     1315.7      460.75]
  [     1395.1      526.45]
  [     1307.6      535.14]
  [       1401      584.08]
  [     1324.5      598.24]
  [     1373.2      601.04]
  [     1329.6      601.25]
  [     1366.6      696.02]
  [     1318.3      696.66]
  [     1356.1      778.17]
  [     1304.5      783.82]]]