[[[     1340.9      356.59]
  [     1353.3      344.54]
  [       1334      345.46]
  [     1380.9      350.87]
  [          0           0]
  [     1411.2      424.04]
  [     1316.6      428.18]
  [       1432      521.89]
  [     1291.9      518.51]
  [     1404.6      604.51]
  [     1284.1       593.9]
  [     1377.1      598.26]
  [     1313.1      599.38]
  [     1387.6       719.3]
  [     1331.6       716.2]
  [     1398.6      832.04]
  [     1336.6       815.9]]

 [[     1193.3      364.06]
  [     1205.5      355.16]
  [     1188.9      354.21]
  [     1229.5      364.26]
  [          0           0]
  [     1255.2      426.07]
  [     1166.6      428.75]
  [     1268.3      507.75]
  [     1145.7      505.89]
  [     1240.6      578.29]
  [     1145.5      567.21]
  [     1229.7      584.52]
  [     1171.3      582.82]
  [     1233.6      700.25]
  [     1174.7      694.73]
  [       1243      798.28]
  [     1188.3      788.04]]

 [[     995.09       399.3]
  [      995.5      389.65]
  [      985.9      389.69]
  [          0           0]
  [     954.88      395.07]
  [     999.58      456.44]
  [     924.93      463.81]
  [     1015.1       519.1]
  [     908.88      546.56]
  [       1024      561.06]
  [     940.03      607.88]
  [     996.14      610.38]
  [     945.57      614.65]
  [     1000.4      714.71]
  [     948.32      721.31]
  [     992.63      808.77]
  [     941.99      815.65]]]