[[[       1327      350.42]
  [     1339.2      336.78]
  [     1322.9      337.79]
  [     1375.8      339.87]
  [          0           0]
  [     1409.7      417.34]
  [     1320.6       421.4]
  [     1425.3      523.87]
  [     1296.9      519.13]
  [     1391.2      611.76]
  [     1282.9      597.33]
  [     1369.1      607.18]
  [     1307.6      606.94]
  [       1383      733.33]
  [       1330      726.85]
  [     1392.4       852.8]
  [     1329.9         832]]

 [[     1172.1      359.21]
  [     1182.2      346.85]
  [     1167.7      349.09]
  [     1214.2      349.95]
  [          0           0]
  [     1246.3      420.63]
  [     1158.4      423.99]
  [     1260.6      508.81]
  [     1135.9      502.44]
  [       1232       578.7]
  [     1132.9      566.79]
  [     1216.5       586.8]
  [       1157      587.71]
  [     1221.5      702.27]
  [     1164.9      701.86]
  [     1229.7      813.65]
  [     1176.7       799.6]]

 [[     994.78       394.1]
  [     999.48      384.78]
  [     983.84      383.84]
  [          0           0]
  [     955.63      391.41]
  [     1001.2      462.37]
  [     930.26      451.26]
  [     1013.6         537]
  [     924.99      528.42]
  [     1022.8      592.74]
  [      963.5      583.53]
  [     986.67      618.29]
  [     937.82       614.5]
  [      980.9      729.33]
  [     929.62      730.07]
  [     971.64      822.27]
  [     916.12      833.24]]]