[[[     1466.2       219.5]
  [     1487.8      198.39]
  [     1461.2      200.41]
  [     1551.4      208.37]
  [          0           0]
  [     1606.2       339.5]
  [     1448.7      345.08]
  [     1650.9      501.41]
  [     1409.7      501.99]
  [     1589.8      649.82]
  [     1387.9      628.83]
  [     1555.3      652.69]
  [       1452      649.92]
  [     1577.7      854.08]
  [     1474.5      844.41]
  [     1607.8      1036.2]
  [     1504.5      1019.7]]

 [[     1244.9      268.85]
  [     1257.9      248.74]
  [     1237.4      255.82]
  [     1308.3      251.42]
  [          0           0]
  [     1370.2      367.65]
  [     1213.7      365.09]
  [     1384.3      500.09]
  [     1171.6      482.92]
  [     1348.2      601.24]
  [     1163.8      584.82]
  [     1312.1      620.09]
  [     1205.5      613.79]
  [     1306.6      798.73]
  [     1191.5      780.51]
  [     1294.1      954.41]
  [     1193.1      923.11]]

 [[     945.64      304.92]
  [     947.25      291.74]
  [     928.47      290.03]
  [          0           0]
  [     878.42      303.77]
  [     951.65      415.49]
  [     827.44      408.14]
  [     973.02      537.35]
  [     813.97         546]
  [     988.86      637.67]
  [     845.91      663.06]
  [     939.72      668.41]
  [      857.5      668.64]
  [     922.21      841.35]
  [     843.18      845.15]
  [     908.81      983.43]
  [     817.73      1006.6]]]