[[[     1301.1      272.94]
  [     1309.5      248.02]
  [     1278.6      263.32]
  [     1338.7      238.83]
  [     1262.5      275.32]
  [     1405.8      358.07]
  [     1240.7      352.59]
  [     1438.1       494.3]
  [     1165.5      422.45]
  [     1400.9      609.21]
  [     1230.1      315.22]
  [     1344.8      619.45]
  [     1234.5      611.47]
  [     1337.8      817.14]
  [     1201.6      796.13]
  [     1311.3      966.28]
  [     1212.4      941.52]]

 [[          0           0]
  [          0           0]
  [          0           0]
  [          0           0]
  [     1845.4      15.438]
  [          0           0]
  [     1729.4       227.1]
  [          0           0]
  [     1653.5      483.67]
  [          0           0]
  [     1661.5      667.62]
  [          0           0]
  [       1823      696.26]
  [          0           0]
  [     1829.8      1018.2]
  [          0           0]
  [          0           0]]]