[[[     1337.3      361.98]
  [       1349       350.9]
  [     1330.6      351.46]
  [     1374.5       357.6]
  [          0           0]
  [     1405.9      427.55]
  [     1311.3      430.46]
  [     1422.9      515.55]
  [     1289.8      513.38]
  [       1397      592.24]
  [       1281      587.35]
  [     1377.2       592.1]
  [     1314.4      592.33]
  [     1384.9      700.02]
  [     1332.9      699.12]
  [     1398.2      808.97]
  [     1343.3      794.78]]

 [[     1027.3      408.63]
  [     1028.6      399.03]
  [     1019.5      399.21]
  [          0           0]
  [     992.23      403.38]
  [     1026.3      461.31]
  [     963.32      463.59]
  [     1043.1      531.06]
  [     957.44      541.25]
  [     1049.6      589.08]
  [     976.66      604.46]
  [     1023.6      606.75]
  [        981      607.87]
  [     1016.9      705.43]
  [     973.28      707.26]
  [     1010.1      788.14]
  [     959.83      796.02]]

 [[     1216.8      370.67]
  [       1228      362.49]
  [     1210.2      360.13]
  [     1241.6      371.09]
  [     1198.1      366.21]
  [       1261      428.99]
  [     1175.3      429.96]
  [     1275.8      502.29]
  [       1158      503.81]
  [     1252.8      568.28]
  [     1158.8      562.98]
  [     1238.6      579.13]
  [     1182.3      577.16]
  [     1243.3      682.55]
  [     1192.1      680.23]
  [     1253.4      780.51]
  [     1199.7      766.26]]]