[[[     1337.2      323.08]
  [     1352.8      309.74]
  [     1333.7      309.02]
  [     1393.7      319.89]
  [          0           0]
  [     1426.7      409.15]
  [     1321.9      404.68]
  [     1455.3      517.61]
  [     1298.1      515.35]
  [     1418.1      614.41]
  [     1283.9      604.13]
  [     1388.4       615.4]
  [     1318.4      612.56]
  [     1399.3      749.72]
  [     1343.1      748.62]
  [       1414      885.63]
  [     1351.5      870.63]]

 [[     1190.9      335.65]
  [     1203.7      326.07]
  [     1181.4      326.13]
  [     1222.9      337.62]
  [     1168.1      338.51]
  [     1246.7      407.09]
  [     1146.3      413.21]
  [     1261.6      498.28]
  [     1121.1      500.31]
  [     1234.6       579.1]
  [       1120      573.63]
  [       1216      589.96]
  [     1149.5      591.15]
  [     1219.9      720.19]
  [     1155.3      716.91]
  [     1224.8      837.72]
  [     1171.4      824.97]]

 [[     969.31      378.61]
  [     971.18      369.03]
  [     960.41       366.9]
  [          0           0]
  [     925.34      370.91]
  [     972.55      446.45]
  [     882.17      448.98]
  [     990.27      528.39]
  [     874.86      546.58]
  [     996.13      595.36]
  [     900.82      623.62]
  [     967.89      624.97]
  [     907.42       627.9]
  [     955.18      749.92]
  [     895.68      754.08]
  [     942.98      853.15]
  [     881.38      863.88]]]