[[[     1608.8      131.33]
  [     1626.7      109.84]
  [     1577.3      116.97]
  [     1659.7      144.26]
  [     1538.7      161.53]
  [     1762.3      285.53]
  [     1488.2       317.3]
  [     1883.1      432.28]
  [     1456.2      514.79]
  [     1906.6      616.28]
  [     1428.9      667.42]
  [     1716.4      665.71]
  [     1544.8      673.24]
  [       1690      924.62]
  [     1542.7      935.01]
  [          0           0]
  [          0           0]]

 [[       1314      259.12]
  [     1330.1      238.31]
  [     1297.6      245.17]
  [     1367.5      245.62]
  [     1284.9      260.99]
  [     1413.6      366.19]
  [     1245.4      361.96]
  [     1440.6      506.68]
  [     1175.2      466.56]
  [     1398.7      608.89]
  [     1198.5       404.4]
  [     1349.5      623.75]
  [     1238.9      616.55]
  [     1337.4      813.03]
  [     1204.4      798.72]
  [     1313.7      970.09]
  [     1212.6      947.77]]

 [[          0           0]
  [          0           0]
  [          0           0]
  [          0           0]
  [          0           0]
  [     114.68      157.57]
  [          0           0]
  [     239.22       551.3]
  [          0           0]
  [     22.243      405.21]
  [          0           0]
  [     79.293      926.29]
  [          0           0]
  [          0           0]
  [          0           0]
  [          0           0]
  [          0           0]]]