[[[     1338.6      355.74]
  [     1351.3      343.74]
  [     1331.9       344.5]
  [     1379.9      350.35]
  [          0           0]
  [       1409      423.27]
  [       1314      427.56]
  [     1431.6      521.62]
  [     1289.8      519.92]
  [     1403.6      605.47]
  [     1281.4      596.73]
  [     1374.9      600.22]
  [     1310.6      601.38]
  [     1386.5      721.34]
  [     1329.5       717.7]
  [     1397.8      835.48]
  [     1332.5      817.41]]

 [[       1180      365.06]
  [     1190.1      353.85]
  [     1176.4       355.1]
  [     1219.7      358.66]
  [          0           0]
  [     1254.7      427.38]
  [     1165.1       429.4]
  [       1267      510.15]
  [     1144.4      503.96]
  [     1236.3      578.74]
  [     1141.2      567.64]
  [     1226.7       589.4]
  [     1167.6       587.3]
  [     1227.9      701.33]
  [     1174.7      696.01]
  [     1240.3      801.62]
  [     1186.8      788.23]]

 [[     989.31      401.15]
  [     989.95      390.53]
  [     979.73      390.96]
  [          0           0]
  [     949.03      397.45]
  [      990.5       456.3]
  [     922.02      465.34]
  [     1013.1      517.21]
  [     908.65      552.72]
  [     1015.2      541.36]
  [     927.69      621.65]
  [      992.6      617.26]
  [     945.88      621.33]
  [     998.11       720.4]
  [     941.09       728.7]
  [     989.35      810.14]
  [     934.67      819.81]]]