[[[     1527.5      192.87]
  [     1552.4      171.41]
  [     1516.1      174.98]
  [       1611      187.06]
  [          0           0]
  [     1660.7      325.33]
  [     1482.5      334.11]
  [       1711       494.8]
  [     1434.1      499.52]
  [     1644.6      652.66]
  [       1417      630.45]
  [     1600.3      659.71]
  [     1483.6      658.14]
  [     1625.4      878.71]
  [     1508.9      868.33]
  [     1654.3      1060.4]
  [       1536      1048.5]]

 [[     1208.7       247.5]
  [     1223.5      227.95]
  [       1200      234.57]
  [     1271.9       236.4]
  [          0           0]
  [     1330.1      355.28]
  [     1180.3      358.78]
  [     1359.1      492.15]
  [     1143.7      485.28]
  [     1308.9      603.04]
  [     1136.8      585.36]
  [     1287.5       617.8]
  [     1187.8      614.67]
  [     1297.8      801.88]
  [     1194.2      792.54]
  [       1316      961.07]
  [     1210.2      941.35]]

 [[     946.39      285.11]
  [     949.68      270.62]
  [     928.09      269.06]
  [          0           0]
  [     877.15      285.81]
  [      955.1      406.62]
  [     825.38      392.45]
  [      969.7      541.62]
  [     823.09      527.96]
  [     980.98      647.55]
  [     947.12      517.07]
  [     938.06      670.71]
  [     848.66      669.77]
  [     920.26      857.21]
  [     834.89      861.81]
  [     907.69      1006.2]
  [     809.14      1038.5]]]