[[[       1345      359.52]
  [     1357.3       347.6]
  [     1337.4      348.69]
  [     1383.5      353.92]
  [          0           0]
  [     1415.3      426.46]
  [     1317.3      430.49]
  [     1435.3      522.18]
  [     1293.2      519.26]
  [     1410.2      601.17]
  [     1284.6      594.66]
  [     1381.4      597.17]
  [     1315.7      598.53]
  [     1390.4      714.46]
  [     1334.4      713.33]
  [     1399.7      826.01]
  [       1343      811.62]]

 [[     1212.5         370]
  [     1224.6      362.03]
  [     1206.3       359.2]
  [     1240.6      370.44]
  [     1195.8      364.75]
  [     1260.2      428.71]
  [     1172.8       429.7]
  [     1273.3       505.1]
  [     1154.1      505.73]
  [     1246.6      576.76]
  [     1153.1      567.43]
  [     1233.9      583.07]
  [     1176.4      580.58]
  [     1237.7       695.5]
  [     1181.3      690.12]
  [     1249.5      794.11]
  [     1194.2      782.79]]

 [[       1048      412.64]
  [     1049.2      403.93]
  [     1039.9      403.22]
  [          0           0]
  [     1012.3      406.97]
  [     1023.3      464.18]
  [     986.88       459.2]
  [     1018.5      530.13]
  [     988.12      540.67]
  [     1021.6      563.19]
  [     1013.6      605.35]
  [       1007      608.89]
  [     979.05      607.33]
  [     1002.3      711.08]
  [     973.57      712.91]
  [     993.66      802.43]
  [      948.6      807.07]]]