[[[     1334.8      335.73]
  [     1348.4      323.42]
  [     1334.4      321.77]
  [     1387.1      333.55]
  [          0           0]
  [     1419.5      419.27]
  [       1332      412.96]
  [     1435.8      528.02]
  [       1311      517.53]
  [     1401.8      616.13]
  [     1293.7      599.63]
  [     1381.5      612.08]
  [     1321.4      607.82]
  [       1390      738.35]
  [       1338      733.85]
  [     1398.2      863.77]
  [     1340.5      850.59]]

 [[     1203.8      355.69]
  [     1215.9      346.61]
  [     1194.9      344.55]
  [     1230.4      354.89]
  [     1178.7      351.01]
  [     1248.3      418.55]
  [     1154.4      421.83]
  [     1262.1      501.93]
  [     1131.4      502.35]
  [     1234.5      578.23]
  [     1128.5      572.35]
  [     1218.1      588.67]
  [       1156      588.55]
  [     1223.3      711.53]
  [     1162.7       707.4]
  [     1229.8      825.71]
  [       1177      808.45]]

 [[     990.96      396.66]
  [      997.1      386.64]
  [     979.89      386.26]
  [          0           0]
  [     952.71      392.46]
  [     1000.4      465.19]
  [     933.22      443.45]
  [     1011.3      544.62]
  [     928.33       417.1]
  [     1019.4      607.21]
  [     937.97      364.75]
  [     985.16      620.32]
  [      935.4      615.81]
  [     973.37      733.95]
  [     921.39      733.38]
  [     962.63      833.73]
  [     906.63      844.37]]]