[[[     1722.7      347.59]
  [     1735.8      335.72]
  [     1721.2      335.14]
  [     1774.8      342.51]
  [          0           0]
  [     1818.3      413.33]
  [     1712.2      419.19]
  [     1839.7      512.52]
  [     1684.5      508.55]
  [     1806.2       594.3]
  [     1671.2      579.45]
  [       1779      592.01]
  [     1707.7      593.07]
  [     1789.1      712.99]
  [     1731.6      709.68]
  [       1798      829.96]
  [     1741.1      811.75]]

 [[       1590      362.67]
  [     1601.5      352.03]
  [     1581.3      352.31]
  [     1621.8      357.45]
  [     1571.1      359.41]
  [     1647.8      419.66]
  [       1551      424.05]
  [     1658.6      500.69]
  [     1528.1      499.24]
  [     1628.2      566.57]
  [     1527.5      558.99]
  [     1618.6      578.66]
  [     1555.4      577.56]
  [     1622.6      687.79]
  [     1564.1      683.15]
  [     1632.9      789.91]
  [     1573.5      773.77]]

 [[       1385      406.93]
  [     1384.9      397.89]
  [     1376.7      398.25]
  [          0           0]
  [     1347.4      404.73]
  [     1386.3      461.11]
  [     1315.8      464.16]
  [     1400.9      528.84]
  [       1308      538.58]
  [     1406.8      587.56]
  [     1328.8      601.13]
  [     1380.9       603.5]
  [     1333.6      605.08]
  [     1369.9      700.43]
  [     1325.2      700.52]
  [     1362.2      781.07]
  [     1309.5      787.81]]]