[[[     1348.4      426.02]
  [          0           0]
  [       1341      419.26]
  [          0           0]
  [     1314.8      425.19]
  [     1348.8      473.63]
  [       1285      473.41]
  [       1360      531.69]
  [     1276.1      538.87]
  [     1364.2      583.62]
  [       1294      593.12]
  [     1342.2       595.6]
  [     1298.8      596.73]
  [     1332.1      680.82]
  [     1291.1      680.94]
  [     1323.8      757.91]
  [     1275.4      762.91]]

 [[     1625.1      375.26]
  [     1633.6      364.36]
  [          0           0]
  [     1665.8      367.82]
  [          0           0]
  [     1699.3      426.94]
  [     1639.4      431.85]
  [     1713.4      515.84]
  [     1617.4      515.44]
  [     1695.9       590.6]
  [     1588.4      579.02]
  [       1664      583.06]
  [     1622.7      582.93]
  [     1674.2      687.98]
  [     1636.7      685.86]
  [     1679.4         793]
  [     1642.7      780.17]]

 [[     1524.6      385.35]
  [     1534.3      375.84]
  [       1518      376.45]
  [     1553.7      380.77]
  [          0           0]
  [     1577.6         437]
  [     1494.2      439.37]
  [     1589.2      508.06]
  [     1478.7      505.14]
  [     1555.8      560.26]
  [       1475      555.13]
  [     1549.2      576.01]
  [     1494.5      574.89]
  [     1550.3      671.23]
  [     1502.5      669.41]
  [     1559.9      757.29]
  [     1512.4      746.71]]]