[[[     1205.9      308.18]
  [     1213.7      296.03]
  [     1191.2       298.8]
  [          0           0]
  [     1163.6      315.35]
  [       1251      394.03]
  [     1129.2      394.89]
  [     1272.9      495.54]
  [     1100.8      495.41]
  [       1249      585.55]
  [     1102.6      580.92]
  [     1218.4      597.98]
  [     1137.7      595.26]
  [     1232.5      745.51]
  [     1147.5      739.67]
  [     1239.8      870.08]
  [     1163.6      861.01]]

 [[       1374      290.12]
  [     1388.4      273.19]
  [     1372.9      274.41]
  [     1438.3      279.83]
  [          0           0]
  [       1477      382.81]
  [     1383.6      382.15]
  [     1483.2      514.78]
  [     1365.5      512.15]
  [       1432      615.86]
  [     1338.2      607.47]
  [     1438.6      619.71]
  [     1371.7      615.71]
  [     1447.9       778.9]
  [     1382.9      769.63]
  [       1465      934.93]
  [     1386.6      915.78]]

 [[     959.74      363.35]
  [     960.71      350.34]
  [     949.68      349.86]
  [          0           0]
  [     907.42      353.34]
  [     952.88      437.03]
  [     857.21      434.83]
  [     971.35      533.72]
  [     846.63      543.56]
  [     981.56      612.09]
  [      876.3       633.1]
  [     947.36       641.8]
  [     881.18      642.65]
  [     933.93      775.14]
  [     873.29      780.21]
  [     926.66      893.45]
  [     855.26       910.9]]]