[[[     1525.2      383.77]
  [     1535.2      375.54]
  [     1517.1      375.52]
  [     1551.4       381.4]
  [     1506.5      381.88]
  [     1570.6      436.32]
  [     1490.1      435.93]
  [     1585.5      506.05]
  [     1473.5      498.38]
  [     1553.4      557.91]
  [     1469.5      549.38]
  [     1544.1      570.39]
  [     1492.8      568.48]
  [       1545      667.47]
  [       1500      664.58]
  [     1554.4      760.69]
  [     1505.7      744.65]]

 [[     1631.4      376.31]
  [     1642.9      366.42]
  [     1625.2      366.84]
  [     1668.4       371.8]
  [          0           0]
  [     1695.8      429.79]
  [     1611.6      437.23]
  [     1703.9      510.55]
  [     1586.3      512.24]
  [     1665.7      570.84]
  [     1566.5      573.24]
  [     1660.6      581.87]
  [     1604.3      583.21]
  [     1667.5      685.95]
  [     1624.1      681.36]
  [       1666         788]
  [       1629      770.49]]

 [[     1340.9      426.42]
  [     1339.9      419.55]
  [     1333.1      419.87]
  [          0           0]
  [     1307.9      426.13]
  [     1344.7      474.16]
  [     1282.4      474.34]
  [     1355.3      532.11]
  [     1273.8      539.08]
  [     1359.5      582.82]
  [     1289.3      592.14]
  [     1336.5      595.41]
  [     1294.5      596.45]
  [     1328.8      679.26]
  [     1288.1      678.86]
  [     1319.8      753.08]
  [     1272.3       758.4]]]