[[[     1520.5         197]
  [     1543.1      173.92]
  [     1514.7      177.37]
  [     1612.5      183.69]
  [          0           0]
  [       1682       324.7]
  [     1495.8      332.97]
  [     1737.1      496.75]
  [       1454      498.22]
  [     1676.8      654.21]
  [     1436.7      631.94]
  [     1623.2      653.89]
  [     1502.1      650.07]
  [     1636.8       874.5]
  [     1517.3      860.98]
  [     1653.8      1055.5]
  [     1535.5      1038.6]]

 [[     936.85      319.44]
  [     935.51      305.07]
  [     927.11      301.83]
  [          0           0]
  [     876.02      303.63]
  [     923.69      411.87]
  [     805.87      394.48]
  [     944.49      537.29]
  [     731.03      424.83]
  [     965.04      643.29]
  [     774.02      303.69]
  [     917.22      672.75]
  [     838.61      676.43]
  [     909.27      850.31]
  [     832.36      865.69]
  [     911.08        1004]
  [     811.13      1035.5]]

 [[     1260.1      247.59]
  [     1278.3      233.08]
  [     1246.3      232.74]
  [     1304.1      250.21]
  [     1226.1      249.59]
  [     1345.4      356.85]
  [     1183.4      357.46]
  [     1368.6      488.03]
  [     1144.9      481.86]
  [     1326.9      602.27]
  [     1142.2      588.84]
  [     1298.4      615.51]
  [     1191.9      613.15]
  [     1304.1      795.01]
  [     1198.2       787.8]
  [     1313.8      963.92]
  [     1209.8      938.95]]]