[[[     1744.4      343.98]
  [       1758      330.96]
  [     1741.2      330.62]
  [     1797.3      336.11]
  [          0           0]
  [     1840.6       411.8]
  [     1725.5      417.03]
  [     1865.1      511.65]
  [     1698.2      509.38]
  [       1827       596.6]
  [     1687.8      589.16]
  [     1800.9      598.61]
  [       1724      599.74]
  [     1815.4       720.8]
  [     1751.5      720.24]
  [     1832.8       840.3]
  [     1764.6      822.16]]

 [[     1605.7       360.1]
  [     1616.9      349.46]
  [     1596.7         351]
  [     1638.6      354.36]
  [       1586      359.56]
  [     1666.3      414.53]
  [     1566.4      423.29]
  [     1677.6      497.93]
  [     1542.4      500.36]
  [     1651.3       566.9]
  [     1542.5      565.52]
  [       1638      577.74]
  [     1571.6      580.52]
  [       1644      692.57]
  [     1579.7      688.97]
  [     1649.9      798.11]
  [     1596.6      782.26]]

 [[     1400.4      404.54]
  [     1399.1      395.48]
  [     1392.5      395.76]
  [          0           0]
  [     1362.5      402.33]
  [     1400.8      459.18]
  [     1327.2      463.77]
  [     1415.1      531.29]
  [     1320.3      542.23]
  [     1420.6      591.15]
  [     1339.9      605.16]
  [     1395.5      605.17]
  [     1344.8      606.62]
  [     1382.2      707.25]
  [     1338.3      704.37]
  [     1373.3       790.5]
  [     1320.6      796.56]]]