[[[     1520.7       194.6]
  [       1544      171.99]
  [     1513.8      175.95]
  [     1611.4      184.54]
  [          0           0]
  [     1673.9       325.3]
  [     1494.8      334.44]
  [     1727.7      495.65]
  [     1452.7      498.82]
  [     1663.2      652.59]
  [     1433.6      630.44]
  [     1615.2      655.28]
  [     1498.5      651.89]
  [     1632.6      873.43]
  [     1515.7      858.82]
  [     1654.5      1054.9]
  [     1538.3      1037.9]]

 [[     944.27      303.17]
  [     943.56      288.13]
  [     933.44       286.1]
  [          0           0]
  [     881.49      290.53]
  [     935.64      406.34]
  [     806.92      396.19]
  [     959.62      532.78]
  [     756.49      524.32]
  [     989.37      628.24]
  [     857.92      575.08]
  [     929.45      669.91]
  [     843.93      673.18]
  [     920.11      848.65]
  [     838.87      861.81]
  [     908.75      1007.9]
  [     815.31      1030.2]]

 [[     1226.6      253.11]
  [     1246.4      237.47]
  [     1220.4       236.4]
  [     1292.7      249.85]
  [          0           0]
  [       1341      354.03]
  [     1185.7      355.22]
  [     1368.7      485.21]
  [     1149.7      481.11]
  [     1323.7      601.43]
  [     1144.1      585.04]
  [     1294.1       616.4]
  [     1192.3      612.09]
  [     1302.4      799.86]
  [     1198.7      788.74]
  [     1314.1      963.31]
  [     1212.1      937.63]]]