[[[     1546.5      379.43]
  [     1556.2      369.91]
  [     1538.2      371.07]
  [     1573.8      375.15]
  [     1528.3      379.51]
  [     1596.7      430.05]
  [     1513.4      437.44]
  [     1609.7      498.73]
  [     1490.5      505.28]
  [     1578.7      557.69]
  [     1490.6      558.38]
  [     1567.2      574.61]
  [       1512      576.33]
  [     1574.3      671.36]
  [     1521.4      672.37]
  [     1577.6      767.32]
  [     1528.2       756.8]]

 [[     1358.4      421.82]
  [     1356.5      415.09]
  [     1350.5      415.86]
  [          0           0]
  [     1324.4      423.57]
  [     1358.5      469.79]
  [     1295.3      473.29]
  [     1370.8      528.91]
  [       1286      542.54]
  [     1376.6      583.42]
  [     1303.8      597.29]
  [     1350.9      597.56]
  [     1308.3      600.31]
  [     1343.6      685.47]
  [     1299.9      687.45]
  [     1335.2      764.63]
  [     1286.1      768.57]]

 [[     1656.7      368.28]
  [     1666.7      356.95]
  [          0           0]
  [     1702.2      361.68]
  [          0           0]
  [     1739.6      426.67]
  [     1669.1      428.94]
  [     1735.8      518.43]
  [     1645.4       509.9]
  [     1675.6      577.21]
  [     1609.4      553.87]
  [       1704      588.02]
  [     1653.7      586.54]
  [     1709.1      694.49]
  [     1668.9      690.34]
  [     1715.8      801.75]
  [     1668.6      786.69]]]