[[[     1706.6      351.74]
  [     1720.1      341.07]
  [     1700.4       341.7]
  [     1750.4      349.33]
  [          0           0]
  [     1780.9      413.51]
  [     1683.8      423.78]
  [     1795.6      510.41]
  [     1657.2      509.28]
  [     1758.1      590.05]
  [     1641.2      578.27]
  [     1739.4      585.98]
  [       1675      588.42]
  [     1745.9       702.2]
  [     1692.1      701.04]
  [     1750.1      814.97]
  [       1699      801.77]]

 [[     1563.3      369.38]
  [     1574.3      359.53]
  [     1555.7      360.08]
  [     1594.3      364.94]
  [     1545.4      367.61]
  [     1617.1      422.24]
  [     1527.5      428.35]
  [     1630.9      496.91]
  [     1502.6      499.78]
  [     1601.4      560.04]
  [     1503.5      556.77]
  [     1590.8      572.84]
  [     1531.1      574.76]
  [     1594.6      675.54]
  [     1537.5      674.66]
  [     1602.6       773.1]
  [     1552.1      761.43]]

 [[     1370.2      412.71]
  [          0           0]
  [     1362.5      405.72]
  [          0           0]
  [     1335.5      412.52]
  [     1371.4       464.1]
  [     1302.6      466.05]
  [     1382.7      526.69]
  [     1294.2      539.03]
  [       1388      582.39]
  [     1310.7      598.73]
  [     1364.2      598.82]
  [     1317.5      601.03]
  [     1353.4      690.66]
  [     1308.5       692.4]
  [     1344.2      772.46]
  [     1290.4      777.83]]]