[[[     1341.3      361.21]
  [     1352.9      349.67]
  [     1333.7      350.61]
  [     1377.3      355.71]
  [          0           0]
  [     1409.3      425.65]
  [     1313.5      429.77]
  [     1428.2      516.78]
  [     1290.4      514.32]
  [     1404.1      593.83]
  [     1283.1      586.63]
  [     1379.5      591.75]
  [       1315      593.47]
  [     1389.8      705.39]
  [     1334.8      704.84]
  [     1401.2      813.93]
  [     1342.8      800.92]]

 [[     1216.8      371.51]
  [     1228.3      363.34]
  [     1210.4      360.47]
  [     1242.1      371.53]
  [     1198.5       365.6]
  [     1261.3       429.2]
  [     1174.9      429.78]
  [     1275.9      504.08]
  [     1157.7      504.27]
  [       1251      570.85]
  [     1157.3      562.83]
  [     1238.4       580.4]
  [     1181.5      578.16]
  [       1242       685.8]
  [     1189.4      682.46]
  [     1252.7      784.81]
  [     1198.8       771.7]]

 [[     1026.5      405.21]
  [     1028.4      396.56]
  [     1017.5      395.64]
  [          0           0]
  [     988.72      400.38]
  [       1030      462.22]
  [     961.74      461.46]
  [     1042.7      533.64]
  [      954.2      541.05]
  [     1046.3      590.49]
  [     973.52      604.64]
  [     1024.3       607.2]
  [     978.32      607.78]
  [       1013       707.6]
  [      968.4      711.22]
  [     1005.1       791.2]
  [     953.85      800.58]]]