[[[     1352.3      367.17]
  [       1364      356.75]
  [     1345.3      356.75]
  [     1386.5       364.2]
  [          0           0]
  [     1414.6      430.61]
  [     1324.1      433.79]
  [     1433.5      520.09]
  [       1301      516.67]
  [     1410.2      595.25]
  [     1292.7      585.97]
  [     1386.6      590.51]
  [       1326      592.17]
  [     1397.5      698.98]
  [     1346.3      699.52]
  [     1407.1      805.16]
  [       1355      795.02]]

 [[     1047.7      415.45]
  [     1049.1      406.57]
  [     1040.2       406.1]
  [          0           0]
  [     1012.7      409.84]
  [     1047.4      466.94]
  [     982.83      467.33]
  [     1060.9      533.67]
  [      974.6      542.28]
  [     1066.7      591.06]
  [     992.79       605.9]
  [     1042.6      607.48]
  [     999.09      608.31]
  [     1033.9      702.55]
  [     990.37      704.16]
  [     1026.9      782.54]
  [     979.68      790.47]]

 [[     1232.8      375.54]
  [     1243.3      367.17]
  [     1226.4      366.02]
  [     1257.5      375.18]
  [     1215.1      373.53]
  [     1276.1      432.32]
  [     1197.5       435.3]
  [     1282.8      507.84]
  [     1178.7      506.28]
  [     1261.7      569.18]
  [       1180      562.16]
  [     1253.8      578.14]
  [     1200.6      578.48]
  [     1257.2       681.1]
  [     1206.7      677.81]
  [       1264      774.62]
  [     1219.1      763.99]]]