[[[     1546.6      378.31]
  [     1556.2       368.5]
  [     1538.3      370.07]
  [     1575.2      373.38]
  [     1529.2      378.81]
  [       1599      429.03]
  [     1515.7      436.55]
  [     1611.2      499.32]
  [     1493.3      503.49]
  [     1583.2      558.06]
  [     1492.9      557.24]
  [     1570.3       573.4]
  [     1515.2      575.29]
  [     1576.2       670.4]
  [     1525.1      671.17]
  [     1580.4      766.73]
  [     1530.4      756.39]]

 [[     1659.2      366.58]
  [     1668.9      355.43]
  [          0           0]
  [     1703.2      360.29]
  [          0           0]
  [     1741.8       423.9]
  [     1670.5      427.92]
  [     1742.6       516.5]
  [     1643.4      508.15]
  [       1698      585.29]
  [     1611.8      560.67]
  [     1703.8      586.12]
  [       1653      585.25]
  [     1713.6       694.6]
  [     1670.9      688.15]
  [     1719.8      801.55]
  [       1668      787.43]]

 [[     1360.1      420.18]
  [     1358.1      413.47]
  [     1351.9      414.13]
  [          0           0]
  [     1325.5      422.15]
  [     1360.3      469.54]
  [     1296.7       472.4]
  [     1372.4      528.66]
  [     1287.8      541.23]
  [     1378.3      582.41]
  [     1303.6      596.18]
  [     1352.4      596.89]
  [     1309.5      599.36]
  [       1345      685.42]
  [       1301      687.31]
  [     1336.4      765.01]
  [     1287.2      769.55]]]