[[[       1433       241.4]
  [     1452.7      221.99]
  [     1428.6      223.87]
  [     1511.2      231.83]
  [          0           0]
  [       1561      353.19]
  [     1412.7      357.86]
  [     1598.1      501.06]
  [     1373.8      501.18]
  [     1540.4      635.04]
  [     1354.7      620.32]
  [     1510.7      640.81]
  [     1413.6      637.65]
  [     1529.1      825.09]
  [     1433.5       814.2]
  [       1556      1003.9]
  [     1462.8      973.55]]

 [[     1233.6      281.11]
  [     1250.9      266.95]
  [     1229.1      266.63]
  [     1295.9      279.44]
  [          0           0]
  [     1339.5      379.77]
  [     1197.6      372.89]
  [       1358      499.75]
  [     1159.8      485.45]
  [     1321.8      599.29]
  [     1155.7      581.88]
  [     1290.7      613.55]
  [     1196.1      605.54]
  [     1290.6         777]
  [     1177.7      763.32]
  [     1279.7      923.22]
  [     1183.7      899.23]]

 [[     950.17      327.46]
  [      953.3      314.36]
  [     935.93      311.99]
  [          0           0]
  [     888.94      318.76]
  [     957.41      421.46]
  [     839.13      415.57]
  [     977.05      534.85]
  [     830.37      544.18]
  [     985.75      625.73]
  [     866.01      649.97]
  [     947.79      653.88]
  [     869.64      654.31]
  [     930.66      811.96]
  [     859.17      815.57]
  [     917.68      945.23]
  [      836.1      971.01]]]