[[[     1515.9      194.52]
  [     1539.1      171.88]
  [     1510.3      175.16]
  [     1608.3       183.6]
  [          0           0]
  [     1671.5      325.06]
  [     1488.9      331.25]
  [     1722.5       495.8]
  [     1442.4       498.3]
  [     1653.7      654.43]
  [     1421.3      628.65]
  [     1609.8      658.46]
  [     1490.7      653.94]
  [     1625.6      879.21]
  [     1512.9       863.3]
  [       1649      1058.3]
  [       1537      1039.8]]

 [[     890.18      306.07]
  [          0           0]
  [     878.35      289.41]
  [          0           0]
  [     824.12      297.08]
  [     889.47      405.23]
  [     759.32      392.88]
  [     930.56      500.83]
  [     682.93      411.95]
  [     976.18      513.23]
  [     741.17      298.97]
  [     883.08      667.42]
  [     800.94      674.46]
  [      893.1      839.74]
  [     804.95      865.66]
  [     856.84      982.77]
  [     800.17      1030.4]]

 [[       1225      252.08]
  [     1243.4      235.12]
  [     1219.1      236.27]
  [     1291.8      246.22]
  [          0           0]
  [     1344.1      353.55]
  [     1184.8      357.49]
  [     1368.3      489.85]
  [     1148.8       482.6]
  [     1323.2      601.93]
  [     1141.7       587.5]
  [     1295.8      615.62]
  [     1189.8       614.4]
  [     1301.6       797.9]
  [     1198.9      789.19]
  [     1313.6      960.32]
  [     1209.3      939.85]]]