[[[     1223.5      281.51]
  [     1240.5      267.45]
  [     1218.9      266.82]
  [     1284.4      279.41]
  [          0           0]
  [     1329.5       377.6]
  [     1187.3       371.2]
  [     1348.6      496.03]
  [     1152.2       483.2]
  [     1312.3       598.2]
  [     1148.3      581.05]
  [     1283.6      610.21]
  [       1189      602.91]
  [     1284.1      774.85]
  [       1174      761.93]
  [       1274      920.06]
  [     1183.3      894.69]]

 [[     1429.6      242.01]
  [       1450      222.92]
  [     1424.7      224.49]
  [     1508.3      233.63]
  [          0           0]
  [     1554.6      353.66]
  [     1409.4      358.07]
  [     1593.9      499.95]
  [     1370.5      499.22]
  [     1536.1      635.56]
  [     1350.9      619.12]
  [     1505.4      639.39]
  [     1410.2      636.54]
  [     1526.9      821.72]
  [       1428         812]
  [     1552.7      1001.4]
  [     1458.1      971.92]]

 [[     948.52      328.01]
  [     953.25      314.55]
  [     935.21      312.66]
  [          0           0]
  [     889.15      319.63]
  [     951.63      418.93]
  [     838.97      417.53]
  [     972.41      530.25]
  [     828.33         541]
  [     984.18      623.69]
  [      863.9      647.81]
  [     941.98      656.01]
  [     867.95      658.23]
  [     926.02      814.04]
  [      856.7      817.53]
  [     916.69      948.62]
  [     835.18      969.04]]]