[[[     1704.4      354.63]
  [     1715.1      341.91]
  [          0           0]
  [     1755.8      345.01]
  [          0           0]
  [     1799.5      416.87]
  [     1709.5      421.71]
  [     1810.9      515.83]
  [       1681      508.91]
  [     1763.5      590.78]
  [     1649.5      569.19]
  [     1756.8      593.37]
  [     1695.6      591.59]
  [     1760.9      708.66]
  [     1707.4      704.08]
  [     1769.3      823.22]
  [     1714.3      806.39]]

 [[     1375.6      412.12]
  [     1375.9      403.06]
  [     1367.7      403.82]
  [          0           0]
  [     1340.9      409.39]
  [     1373.2      463.52]
  [     1310.5      464.85]
  [     1389.8      528.43]
  [       1302      537.97]
  [     1395.9       584.4]
  [     1316.8      600.45]
  [     1367.3      603.44]
  [     1324.2      603.64]
  [     1360.8      696.75]
  [     1312.7      696.78]
  [     1350.9      777.57]
  [     1298.3      782.07]]

 [[     1574.2      367.87]
  [     1585.7      358.07]
  [     1566.2      357.88]
  [     1606.5      363.61]
  [     1555.6      364.95]
  [       1629         422]
  [     1536.6      427.06]
  [     1645.2      498.75]
  [     1513.5         502]
  [     1616.6      563.61]
  [     1512.6      559.41]
  [     1599.5      576.51]
  [     1538.3      577.95]
  [     1604.3      681.17]
  [     1547.6      678.47]
  [     1612.3      782.12]
  [     1558.8      767.65]]]