[[[     1343.4      330.47]
  [     1357.3      317.76]
  [     1341.2      317.32]
  [     1396.4      327.13]
  [          0           0]
  [     1429.1      414.51]
  [     1330.9      408.83]
  [     1442.3      521.86]
  [     1306.7      512.67]
  [     1402.6      612.57]
  [     1290.3      597.76]
  [     1388.1      611.63]
  [     1322.4      606.76]
  [     1394.8      741.04]
  [     1339.6      736.56]
  [       1405      871.35]
  [     1345.2      857.77]]

 [[     1196.2      351.97]
  [     1209.2      343.16]
  [     1187.7      340.43]
  [     1225.2      352.38]
  [     1172.1      346.87]
  [     1242.2      417.91]
  [     1147.5      419.72]
  [     1256.9      505.66]
  [     1124.4      502.26]
  [     1229.5      579.04]
  [     1121.6      571.36]
  [     1213.9      589.73]
  [     1151.2       589.7]
  [     1218.4      713.82]
  [       1157      710.93]
  [     1229.6      829.45]
  [     1175.2      814.21]]

 [[     977.91      382.59]
  [     981.41      371.59]
  [     966.46      372.08]
  [          0           0]
  [     934.24      380.11]
  [        983      450.64]
  [     902.34      450.44]
  [     1001.4      526.48]
  [     884.13      537.49]
  [     1006.9       584.7]
  [     894.27      615.09]
  [     972.44      621.71]
  [     920.41      622.77]
  [     964.67       740.6]
  [     911.37      743.47]
  [     952.57      842.75]
  [     897.35      852.15]]]