[[[     1519.1      195.24]
  [     1542.6      172.63]
  [     1512.8      176.02]
  [     1610.6       184.9]
  [          0           0]
  [     1670.4      327.21]
  [     1495.7      333.14]
  [     1720.3      500.12]
  [     1452.2      497.72]
  [     1651.9      655.27]
  [     1430.8       628.9]
  [       1611      656.58]
  [     1496.6      652.35]
  [     1628.9      873.44]
  [     1515.1      860.13]
  [     1655.7      1054.7]
  [     1538.9      1039.6]]

 [[     947.95      298.48]
  [     948.17      283.66]
  [     935.22      280.64]
  [          0           0]
  [     880.42      285.81]
  [     942.73      407.77]
  [     813.23      393.93]
  [      965.2      537.18]
  [     762.21       521.6]
  [     994.08      633.62]
  [     862.92       575.5]
  [     932.62      672.07]
  [      846.8      673.61]
  [     921.65       849.9]
  [        841      863.44]
  [     909.37      1009.7]
  [     816.99      1032.3]]

 [[     1227.5      255.99]
  [     1246.8      239.71]
  [     1221.4      238.74]
  [     1293.4      250.48]
  [          0           0]
  [     1342.2      353.69]
  [     1185.1      357.13]
  [     1367.3      487.32]
  [     1149.1      482.28]
  [     1321.8      601.17]
  [     1141.4      586.66]
  [       1295      615.88]
  [     1190.6      614.47]
  [     1301.3      796.65]
  [     1197.8      788.24]
  [     1314.5      961.31]
  [     1212.1      938.78]]]