[[[          0           0]
  [          0           0]
  [          0           0]
  [          0           0]
  [          0           0]
  [          0           0]
  [     1818.4      209.99]
  [          0           0]
  [     1720.8      470.44]
  [          0           0]
  [     1709.2      677.08]
  [          0           0]
  [     1854.5      707.84]
  [          0           0]
  [          0           0]
  [          0           0]
  [          0           0]]

 [[     1325.7      262.01]
  [     1339.3      241.45]
  [     1305.3      247.29]
  [     1361.2      245.61]
  [       1278      259.05]
  [       1408      365.34]
  [     1234.1      360.56]
  [       1439      491.61]
  [     1182.6      477.96]
  [     1403.8      607.19]
  [     1201.8      573.04]
  [     1350.4       624.6]
  [     1237.3      617.67]
  [       1337      804.34]
  [     1205.7      798.31]
  [       1317      963.87]
  [     1214.1      940.69]]]