[[[     891.46      302.52]
  [     888.05      287.79]
  [     880.85      285.43]
  [          0           0]
  [     829.38      291.08]
  [     886.52      396.83]
  [     752.38      387.98]
  [     919.94      517.59]
  [     666.99       435.6]
  [     949.88      620.42]
  [     698.05      308.21]
  [      888.5       665.3]
  [     800.01      673.63]
  [     901.79      844.67]
  [      806.3      869.73]
  [     889.32      1010.8]
  [     803.06      1039.3]]

 [[     1517.5      195.42]
  [     1540.3      172.44]
  [       1512       175.8]
  [     1610.4      182.88]
  [          0           0]
  [     1675.5      324.39]
  [     1495.6      330.82]
  [     1725.2      496.26]
  [     1449.2      495.11]
  [     1658.3      654.99]
  [     1428.5      628.27]
  [     1614.1      657.24]
  [     1496.5      652.79]
  [     1632.4       875.2]
  [     1515.4      861.61]
  [     1651.5      1056.2]
  [     1535.9      1039.6]]

 [[     1224.8      252.61]
  [     1243.1      235.75]
  [     1218.5      237.08]
  [     1290.8      247.47]
  [          0           0]
  [     1341.7      355.19]
  [     1184.5      358.32]
  [     1365.1      490.91]
  [     1147.6      481.94]
  [     1320.7      602.47]
  [     1141.6      585.94]
  [     1294.4      615.88]
  [     1189.6      614.62]
  [     1300.1      797.23]
  [     1198.4      789.08]
  [     1313.4      959.89]
  [     1209.6      939.26]]]