[[[     1453.8      229.77]
  [     1473.9      209.11]
  [     1449.4      211.58]
  [     1536.3      217.55]
  [          0           0]
  [     1590.5      349.36]
  [     1439.6      354.19]
  [       1633      504.39]
  [     1403.4      503.84]
  [     1574.2      646.16]
  [       1383      628.81]
  [     1540.2      653.02]
  [     1440.3      649.63]
  [     1561.4      851.53]
  [     1465.2      836.78]
  [     1582.2      1030.1]
  [     1485.3      1014.3]]

 [[     1257.6      276.57]
  [     1271.1      256.91]
  [     1250.7      263.34]
  [       1322      261.18]
  [          0           0]
  [     1381.9      375.37]
  [     1223.2      371.01]
  [       1402      506.92]
  [       1180      488.12]
  [     1358.7      603.08]
  [     1175.9      586.47]
  [     1325.4      624.28]
  [     1218.5       617.2]
  [     1310.1      798.92]
  [     1197.3      782.76]
  [     1287.5      950.74]
  [     1189.4      917.62]]

 [[     947.91      312.45]
  [     949.86      299.46]
  [     931.44      297.29]
  [          0           0]
  [     882.15      308.78]
  [     954.84      419.48]
  [     832.12      409.32]
  [      973.2      537.96]
  [     820.44      543.95]
  [     987.12      630.78]
  [     860.96      654.28]
  [     942.56      666.24]
  [     860.97       665.1]
  [     923.18      834.54]
  [     847.13      837.15]
  [     910.02      974.99]
  [     820.86      997.57]]]