[[[     1700.9      354.76]
  [     1714.1      343.93]
  [     1693.5      344.57]
  [     1742.3      351.63]
  [          0           0]
  [     1772.8      416.29]
  [     1674.3      423.95]
  [     1787.9      510.95]
  [     1643.6      506.49]
  [     1753.9         592]
  [     1629.1      574.87]
  [     1732.7      586.33]
  [     1667.7      587.89]
  [       1739      701.33]
  [     1686.2      698.15]
  [     1742.5      813.16]
  [     1694.9      798.96]]

 [[       1556      371.02]
  [     1566.9      360.83]
  [     1548.8      361.73]
  [     1587.7      366.08]
  [     1539.7       369.6]
  [     1610.4      425.17]
  [     1523.3      431.53]
  [     1619.5      500.95]
  [     1500.7      503.61]
  [     1591.8      564.36]
  [     1501.3      558.54]
  [       1584      575.46]
  [       1525       577.3]
  [       1589      677.35]
  [     1533.3      675.02]
  [     1597.6       774.9]
  [     1546.3      761.18]]

 [[     1367.1      414.59]
  [          0           0]
  [     1358.9       407.8]
  [          0           0]
  [     1331.5      415.04]
  [     1367.6      465.69]
  [     1300.2      468.59]
  [     1379.7       527.1]
  [     1291.6      541.81]
  [     1385.5      583.62]
  [     1309.2      599.91]
  [     1359.7      599.69]
  [     1314.1      602.22]
  [     1350.7      691.55]
  [     1305.5      693.23]
  [     1340.8      772.31]
  [       1289      777.92]]]