[[[     1711.5      350.96]
  [     1722.9      338.99]
  [          0           0]
  [       1762      344.76]
  [          0           0]
  [     1802.8      414.71]
  [       1716      420.33]
  [     1808.9      514.26]
  [       1686      508.24]
  [     1768.9      592.36]
  [     1661.9      571.34]
  [     1759.3      588.69]
  [     1698.6       588.6]
  [     1769.9      706.53]
  [     1718.8      701.43]
  [     1778.5      821.37]
  [     1718.8      804.19]]

 [[     1578.3      365.64]
  [     1589.5      355.17]
  [     1570.1      355.17]
  [     1609.1      360.46]
  [     1560.2      361.89]
  [       1635      421.88]
  [     1540.7      425.46]
  [       1650         500]
  [     1519.2      499.72]
  [     1615.5      564.08]
  [     1517.4      557.82]
  [     1605.6      577.75]
  [     1544.1      576.64]
  [     1610.5      683.43]
  [     1551.6      680.84]
  [     1617.3       783.5]
  [     1560.7      767.12]]

 [[     1380.7      408.93]
  [       1381      399.82]
  [     1372.6      400.55]
  [          0           0]
  [     1345.4      406.36]
  [     1377.2      461.62]
  [       1315      462.09]
  [     1393.7      528.37]
  [     1306.4      535.42]
  [     1400.5      585.17]
  [     1323.5      599.94]
  [     1371.9      602.28]
  [     1329.1      602.47]
  [     1364.6      698.05]
  [     1317.2      698.72]
  [     1355.2       779.9]
  [     1304.2      786.13]]]