[[[          0           0]
  [          0           0]
  [          0           0]
  [          0           0]
  [     403.42       343.9]
  [     285.17       442.7]
  [     407.64      449.08]
  [          0           0]
  [     434.01      590.68]
  [          0           0]
  [      472.9      677.65]
  [     299.95      718.44]
  [     386.78      726.19]
  [     310.72      918.16]
  [     395.21      919.54]
  [          0           0]
  [     379.28      1077.1]]

 [[     739.78      365.02]
  [     756.75      355.43]
  [     736.59      352.46]
  [     793.99      367.95]
  [          0           0]
  [     824.51      436.32]
  [     732.45      437.12]
  [     852.97      542.26]
  [     721.93      539.87]
  [     785.44      620.72]
  [     705.46      619.42]
  [      791.4      644.47]
  [     728.14      642.63]
  [     797.05      796.04]
  [     728.01      790.84]
  [     804.21      941.06]
  [     737.38      925.83]]

 [[     460.14      398.23]
  [     464.91      387.52]
  [     448.58      385.01]
  [          0           0]
  [     415.95      389.72]
  [     462.63      474.82]
  [          0           0]
  [     482.58      560.25]
  [          0           0]
  [      483.5      629.29]
  [          0           0]
  [     458.91      666.18]
  [     407.01      667.18]
  [     463.12      809.03]
  [     409.72      806.67]
  [     455.31      924.77]
  [     413.18      929.83]]]