[[[     401.86      474.74]
  [     409.31       468.9]
  [     394.88      468.26]
  [     417.62      476.17]
  [     383.93      473.47]
  [     420.57      519.83]
  [     364.81      508.13]
  [     428.73      566.41]
  [     325.04      537.62]
  [     443.73       579.2]
  [     339.19      572.66]
  [     398.83      623.44]
  [     364.13      619.71]
  [     394.95      695.21]
  [     377.31      693.11]
  [     371.12      769.04]
  [     371.08       775.6]]

 [[     721.52       440.7]
  [     724.11      430.29]
  [          0           0]
  [     743.39      423.74]
  [          0           0]
  [     743.72      461.85]
  [     805.91      466.62]
  [     749.52      526.43]
  [     838.54      533.89]
  [     726.67      586.52]
  [     808.29      566.32]
  [     769.11      607.02]
  [     807.73      608.11]
  [      771.8      720.01]
  [     780.15      718.53]
  [     809.59      829.32]
  [        778      813.58]]

 [[          0           0]
  [          0           0]
  [          0           0]
  [     179.97      460.65]
  [     229.44      461.29]
  [     150.28      508.05]
  [     257.54      509.54]
  [     124.66      574.23]
  [     284.12      577.08]
  [     111.41      621.58]
  [     280.24       617.6]
  [     159.99      643.67]
  [     242.85      647.24]
  [     136.96      719.77]
  [     266.05      730.33]
  [     125.74      804.16]
  [     283.95      826.35]]]