[[[       1064      316.13]
  [     1075.5      304.48]
  [     1049.1      299.33]
  [          0           0]
  [     1009.9      304.71]
  [     1097.9      406.07]
  [     949.24      391.68]
  [     1127.5       515.2]
  [     896.49      502.64]
  [     1123.1      606.61]
  [     1006.7      526.84]
  [     1074.4      639.81]
  [     975.77      637.83]
  [     1063.4      810.97]
  [     968.96      813.24]
  [     1058.3      972.03]
  [     951.62      981.56]]

 [[     1417.2      275.34]
  [     1420.8      250.07]
  [          0           0]
  [     1465.3      246.45]
  [          0           0]
  [     1520.9       374.8]
  [     1537.4      363.05]
  [     1511.4      571.02]
  [          0           0]
  [     1466.7      735.11]
  [          0           0]
  [     1507.5       750.8]
  [     1511.5      738.08]
  [     1516.4      1010.8]
  [          0           0]
  [          0           0]
  [          0           0]]

 [[     1295.1       341.6]
  [     1308.8      329.73]
  [     1280.6      327.84]
  [     1324.3      345.31]
  [     1252.1      341.07]
  [     1360.6      436.27]
  [     1212.6      436.14]
  [     1384.2      542.49]
  [       1187      544.23]
  [     1327.1      622.88]
  [     1242.5      619.75]
  [     1333.6      668.53]
  [     1234.3      667.48]
  [     1333.2       836.6]
  [     1228.7      831.46]
  [     1331.2      988.78]
  [     1228.2      980.44]]]