[[[     493.89      415.66]
  [     506.38      406.73]
  [     488.86      405.55]
  [     534.55      414.01]
  [          0           0]
  [     562.85      467.11]
  [     475.38      469.71]
  [     594.32      543.08]
  [     462.57      543.02]
  [     565.06      613.19]
  [     458.38      607.49]
  [     545.27      631.54]
  [     486.57      632.77]
  [     557.35      745.77]
  [      486.3      744.48]
  [     562.13      850.55]
  [      491.1      846.24]]

 [[          0           0]
  [          0           0]
  [          0           0]
  [          0           0]
  [     276.38      416.41]
  [     166.68      488.52]
  [     285.55      486.17]
  [     158.04      591.81]
  [     303.94       584.8]
  [          0           0]
  [     320.64      647.13]
  [     188.75      687.87]
  [     268.35      689.75]
  [      213.9      820.24]
  [     271.11      824.62]
  [     221.87      954.69]
  [     259.99      959.59]]]