[[[     1046.8      331.29]
  [     1056.6      319.53]
  [       1032      316.67]
  [          0           0]
  [     995.35      323.74]
  [     1079.6      417.28]
  [     941.16      404.12]
  [     1105.6      520.13]
  [     896.45      506.54]
  [     1105.4      603.47]
  [     990.97      528.81]
  [     1058.5      633.78]
  [     965.63      631.42]
  [     1056.6      791.85]
  [     964.91       795.9]
  [     1057.2       942.6]
  [      953.6      950.24]]

 [[     1364.2       307.7]
  [     1367.6      286.31]
  [          0           0]
  [       1401       286.9]
  [          0           0]
  [     1448.1      396.24]
  [     1462.6      390.45]
  [     1447.6      570.31]
  [          0           0]
  [     1417.3      718.84]
  [          0           0]
  [       1448      735.65]
  [       1452      727.73]
  [     1464.4      977.31]
  [          0           0]
  [          0           0]
  [          0           0]]

 [[     1292.4      351.42]
  [     1306.8      340.07]
  [     1277.8      340.43]
  [     1324.7      357.89]
  [       1254      358.12]
  [     1355.9      447.23]
  [     1221.9      442.41]
  [     1378.1      543.82]
  [     1196.7       540.9]
  [     1329.7      621.59]
  [     1248.4      614.62]
  [     1326.8      658.24]
  [     1238.9      652.89]
  [     1317.9      815.88]
  [     1234.6         811]
  [     1306.8      963.15]
  [     1234.9      956.57]]]