[[[     919.89      428.11]
  [     927.16      419.28]
  [     910.94      417.87]
  [          0           0]
  [      887.8      419.88]
  [     944.16      478.82]
  [     853.71      472.03]
  [      969.5      548.29]
  [     824.79      540.47]
  [     965.12      603.46]
  [     877.11      578.49]
  [     929.35      623.19]
  [     869.49      621.12]
  [     928.32      731.69]
  [     867.97      730.31]
  [     921.97      833.69]
  [     867.25      835.85]]

 [[     1048.5      449.06]
  [     1056.5      440.13]
  [     1038.5      441.74]
  [     1069.7      447.13]
  [     1023.8      451.45]
  [     1094.8      499.63]
  [     1010.1      505.53]
  [     1115.6      560.89]
  [     992.75      565.24]
  [     1075.2       559.7]
  [     1026.2      558.48]
  [     1085.7      642.91]
  [     1029.9      644.94]
  [     1097.3      742.49]
  [     1039.6      743.56]
  [     1106.5      830.92]
  [     1050.9      833.49]]

 [[     1105.7      430.02]
  [     1109.2      418.86]
  [          0           0]
  [     1125.2      424.43]
  [          0           0]
  [     1151.4      485.61]
  [     1162.3      485.07]
  [       1111       566.8]
  [          0           0]
  [     1063.8       559.5]
  [          0           0]
  [       1146      666.78]
  [       1150      662.68]
  [     1154.1      797.67]
  [     1150.6      789.52]
  [     1169.1      909.38]
  [     1160.6      898.89]]]