[[[     710.29      195.51]
  [     735.81      180.32]
  [     706.23      179.46]
  [     796.62      202.18]
  [          0           0]
  [     853.67      312.36]
  [     705.53      323.73]
  [     916.87      471.79]
  [     695.74      488.01]
  [     836.26      615.41]
  [     670.76      609.63]
  [     810.92      645.84]
  [     712.62      645.12]
  [     829.98      884.62]
  [      738.9      874.65]
  [          0           0]
  [          0           0]]

 [[     70.885      123.99]
  [          0           0]
  [     56.299      82.617]
  [          0           0]
  [          0           0]
  [          0      295.08]
  [          0           0]
  [      115.6      433.16]
  [          0           0]
  [     306.29      364.87]
  [     271.03      393.32]
  [          0           0]
  [          0           0]
  [          0           0]
  [          0           0]
  [          0           0]
  [          0           0]]

 [[     270.16      271.81]
  [     286.96      253.45]
  [     248.97      254.96]
  [     310.65      268.94]
  [     214.72      272.64]
  [     357.41      390.94]
  [     168.17      389.36]
  [     351.74      544.45]
  [          0           0]
  [     294.14      586.27]
  [          0           0]
  [     338.31      700.55]
  [     208.22      698.95]
  [     310.82      925.73]
  [     169.72      928.64]
  [          0           0]
  [          0           0]]]