[[[        297      468.39]
  [     306.41      462.56]
  [     293.07      461.12]
  [     325.53      467.93]
  [          0           0]
  [     348.23      510.11]
  [     275.44      507.88]
  [     373.46      562.73]
  [     261.86      557.99]
  [     348.62      608.22]
  [     257.78      601.01]
  [     328.55      623.18]
  [     281.74      621.05]
  [     327.67      702.65]
  [     285.82      703.97]
  [      328.5      788.72]
  [     290.52      785.75]]

 [[          0           0]
  [          0           0]
  [          0           0]
  [     123.08         476]
  [     162.98       476.6]
  [     89.742      526.84]
  [     178.96      525.52]
  [     67.275      596.07]
  [     200.39      597.49]
  [     96.462      628.27]
  [     206.73       640.7]
  [     97.498      659.31]
  [     158.51      657.86]
  [     105.02       734.7]
  [     156.56      726.53]
  [      109.7      823.55]
  [     145.18      814.23]]

 [[     77.522      469.44]
  [          0           0]
  [     70.003      461.62]
  [          0           0]
  [     46.859      467.23]
  [     64.601      514.93]
  [     24.151      514.12]
  [          0           0]
  [     22.629      574.38]
  [          0           0]
  [     68.616      609.55]
  [     62.192      631.25]
  [     32.311      633.42]
  [     71.628      714.16]
  [     31.108      719.64]
  [     53.755      798.05]
  [     13.235      806.75]]]