[[[     593.39      201.28]
  [     618.48      185.32]
  [     570.78      187.08]
  [     653.29      223.56]
  [     540.12      223.94]
  [     703.22      367.26]
  [     481.22      347.16]
  [     700.92      526.66]
  [     424.58       504.4]
  [      647.2      617.49]
  [     521.04      606.75]
  [     666.01      718.95]
  [     513.74      712.05]
  [     645.21      982.36]
  [     475.55      979.71]
  [          0           0]
  [          0           0]]

 [[          0           0]
  [          0           0]
  [          0           0]
  [          0           0]
  [          0           0]
  [          0           0]
  [     67.073      68.332]
  [          0           0]
  [      50.27      494.42]
  [          0           0]
  [     258.85      850.83]
  [          0           0]
  [     107.82      911.21]
  [          0           0]
  [          0           0]
  [          0           0]
  [          0           0]]

 [[     1111.3      43.742]
  [     1141.7      15.044]
  [       1099      24.257]
  [     1223.6      40.575]
  [          0           0]
  [     1317.9      197.15]
  [     1090.4      230.99]
  [     1414.4      409.45]
  [     1076.5      446.97]
  [       1395      643.93]
  [     1045.5      599.51]
  [     1253.6      664.65]
  [     1107.8      671.85]
  [     1292.3      1013.2]
  [     1148.8      1016.4]
  [          0           0]
  [          0           0]]]