[[[          0           0]
  [          0           0]
  [          0           0]
  [          0           0]
  [          0           0]
  [     1663.5      108.23]
  [     1318.4      142.31]
  [     1760.2      358.81]
  [       1260      397.91]
  [     1518.9      561.65]
  [     1327.6      546.32]
  [     1603.6      662.42]
  [     1375.2      664.14]
  [     1589.5      1027.1]
  [     1386.3        1024]
  [          0           0]
  [          0           0]]

 [[      680.6      248.79]
  [     707.44      234.46]
  [     670.55      232.56]
  [     752.43       263.3]
  [          0           0]
  [     795.26      393.79]
  [     616.48      379.08]
  [     814.34      561.44]
  [     593.17      523.45]
  [     754.57      670.56]
  [     564.52      510.53]
  [     725.73      703.56]
  [     603.93      693.37]
  [     730.29       918.8]
  [     604.94      911.44]
  [          0           0]
  [          0           0]]

 [[     924.13       157.8]
  [     949.84      132.44]
  [     917.09      137.96]
  [     1026.3      153.66]
  [          0           0]
  [     1125.7      297.76]
  [     908.81      323.95]
  [     1216.2      444.99]
  [     880.74      506.73]
  [     1185.7      623.54]
  [     847.67      656.72]
  [     1065.8      692.66]
  [     921.41      693.12]
  [     1083.7      970.28]
  [     935.21      952.99]
  [          0           0]
  [          0           0]]]