[[[     821.51      470.52]
  [     827.15      464.12]
  [     814.55      462.82]
  [          0           0]
  [     796.98      465.52]
  [     843.96       510.5]
  [     770.46      506.14]
  [     861.95      562.48]
  [     747.08      557.88]
  [     852.73      609.63]
  [     787.85      587.74]
  [     826.47      621.59]
  [      778.6      620.51]
  [     826.71      706.91]
  [     777.18      707.35]
  [     817.66      786.28]
  [     774.91      789.27]]

 [[     928.29      487.61]
  [      934.1      481.04]
  [     920.71      482.06]
  [     942.46      487.17]
  [     909.19      489.78]
  [      958.1      529.96]
  [     894.04      531.57]
  [     967.11      573.82]
  [     878.12      575.27]
  [     942.01      588.52]
  [     902.94      595.14]
  [     945.15      635.96]
  [     902.16      636.63]
  [     954.58      714.26]
  [     899.94      712.59]
  [     957.29      787.73]
  [     900.31      789.46]]

 [[          0           0]
  [     968.25      472.37]
  [          0           0]
  [     980.75       478.6]
  [          0           0]
  [     997.17      525.86]
  [     996.31      522.89]
  [     989.59      588.35]
  [          0           0]
  [     972.14      645.62]
  [          0           0]
  [      992.3      648.91]
  [     991.96      646.34]
  [     992.38      735.88]
  [     988.61      736.02]
  [      995.3      825.32]
  [     989.47      819.43]]]