[[[     468.89      492.28]
  [     476.24       484.2]
  [     464.23      483.85]
  [      496.5      482.36]
  [          0           0]
  [     516.84      522.81]
  [      446.5      512.75]
  [     526.35      575.83]
  [     402.58      512.75]
  [     510.39      613.76]
  [     364.99      496.49]
  [     492.46       628.9]
  [     445.98      625.63]
  [     492.74      704.56]
  [     439.36      703.47]
  [     495.11      773.03]
  [     439.75      771.53]]

 [[     571.26      470.85]
  [      576.2      463.87]
  [          0           0]
  [     597.26      466.61]
  [          0           0]
  [     632.31      505.84]
  [      577.6      508.62]
  [      649.9      557.79]
  [     571.85      556.32]
  [     627.65      600.78]
  [     566.56      595.61]
  [     619.19      618.21]
  [      580.2      616.85]
  [      619.9      699.88]
  [     573.73      697.38]
  [     623.51      777.96]
  [      576.2      774.44]]

 [[     715.98      436.68]
  [     725.46      429.01]
  [     709.77      429.09]
  [     744.25      433.04]
  [          0           0]
  [     765.64      479.22]
  [     692.74      480.54]
  [     775.11      539.58]
  [     677.68      535.59]
  [     727.47      575.85]
  [     687.96      574.24]
  [     749.55      602.85]
  [     701.54      602.66]
  [     754.44       694.6]
  [      707.2      695.83]
  [     759.18      784.46]
  [     712.41      783.01]]]