[[[     590.73       395.6]
  [     604.18      386.51]
  [     585.77      384.87]
  [     634.01      394.33]
  [          0           0]
  [      661.8      450.03]
  [     574.19      451.74]
  [     692.17      532.15]
  [     560.93      530.47]
  [     657.68      607.03]
  [     552.29      597.43]
  [     638.76      625.01]
  [      581.2       625.2]
  [     641.86      747.35]
  [     585.81      745.39]
  [     644.62      861.79]
  [     595.13      855.14]]

 [[          0           0]
  [          0           0]
  [     349.19       383.7]
  [          0           0]
  [     334.72       382.2]
  [     231.81      460.09]
  [     345.37      462.74]
  [          0           0]
  [     369.12      573.21]
  [          0           0]
  [     393.45      638.92]
  [     254.19      676.47]
  [     323.36      681.47]
  [      308.5      821.62]
  [     318.01      836.19]
  [      320.4      976.19]
  [     269.01      981.63]]]