[[[     1056.2      320.95]
  [     1067.7      308.81]
  [     1041.3      304.38]
  [          0           0]
  [     1003.2       308.6]
  [     1089.2      405.73]
  [     946.09      393.07]
  [     1116.2      514.65]
  [     895.71      500.52]
  [     1115.6      603.94]
  [      998.3      524.65]
  [     1066.9      634.91]
  [     970.73      632.11]
  [     1055.5      802.55]
  [      961.3      804.59]
  [     1047.8      958.25]
  [     944.21      967.39]]

 [[     1386.9      285.39]
  [     1389.3      261.81]
  [          0           0]
  [     1427.1      260.87]
  [          0           0]
  [       1499      389.06]
  [     1477.6      382.42]
  [     1482.7      573.63]
  [          0           0]
  [     1379.5      694.82]
  [          0           0]
  [     1485.1      742.91]
  [     1463.1      731.98]
  [     1496.4      995.02]
  [          0           0]
  [          0           0]
  [          0           0]]

 [[     1289.4      348.24]
  [     1301.9      335.22]
  [     1273.5      335.56]
  [     1317.7      349.84]
  [       1247       351.2]
  [     1356.6      439.39]
  [     1213.9      439.53]
  [     1379.3      542.47]
  [     1187.3      542.48]
  [     1313.7      623.52]
  [     1233.2      614.13]
  [     1325.5      661.22]
  [     1230.3      657.82]
  [       1319      824.77]
  [     1221.4      820.01]
  [       1312      981.17]
  [       1216      966.18]]]