[[[     902.32      391.75]
  [     910.28      382.05]
  [     891.27      380.45]
  [          0           0]
  [     863.22      385.31]
  [     927.42      454.16]
  [     821.07      444.01]
  [     947.44      534.76]
  [     786.66      526.99]
  [      934.8      590.84]
  [     852.34      569.21]
  [     910.27      625.27]
  [     838.82      621.68]
  [     902.26      749.09]
  [     835.11      748.77]
  [     889.18      861.69]
  [     826.51      868.68]]

 [[     1105.1      400.07]
  [     1109.6      387.23]
  [          0           0]
  [     1134.5      390.82]
  [          0           0]
  [     1166.4      462.56]
  [     1167.1      457.51]
  [     1143.6      571.88]
  [          0           0]
  [       1110      660.95]
  [          0           0]
  [     1170.5      677.16]
  [     1167.1      672.21]
  [     1170.9      830.38]
  [     1160.3      823.99]
  [     1186.3      976.93]
  [       1165      950.15]]

 [[     1040.6      421.47]
  [     1049.1      411.02]
  [     1028.8      414.81]
  [     1063.8      417.89]
  [     1012.6      427.06]
  [     1098.2      481.26]
  [     999.65      483.44]
  [     1114.1      555.14]
  [     979.14      555.92]
  [     1071.1      615.08]
  [     1015.5      612.75]
  [     1079.8      642.75]
  [     1013.1      641.91]
  [     1092.9      763.45]
  [     1021.9      764.31]
  [       1108      878.27]
  [     1034.6      873.56]]]