[[[     1012.2      364.51]
  [       1021      354.35]
  [      999.8       352.1]
  [          0           0]
  [     968.46      358.86]
  [     1040.6      436.82]
  [     921.77      426.48]
  [     1063.8       524.5]
  [     883.08      517.69]
  [     1045.9      571.23]
  [     961.02      537.45]
  [       1022      627.39]
  [     941.92      623.56]
  [     1010.7      767.61]
  [     938.11      768.45]
  [     1000.7      897.44]
  [     927.69      903.18]]

 [[     1263.7      363.87]
  [     1266.6      346.57]
  [          0           0]
  [     1293.7      342.47]
  [          0           0]
  [     1331.2      432.79]
  [       1335      425.13]
  [       1308      569.12]
  [          0           0]
  [     1275.9      675.91]
  [          0           0]
  [     1333.2      696.17]
  [     1330.9      688.88]
  [     1337.2      880.27]
  [     1321.1      870.99]
  [     1356.4        1047]
  [     1322.1        1019]]

 [[     1173.2      394.66]
  [     1181.8      382.57]
  [       1160      386.45]
  [     1196.9      392.37]
  [       1141      401.82]
  [     1232.8      468.57]
  [     1118.5      472.62]
  [     1251.8      554.38]
  [     1096.7      553.49]
  [     1206.8      622.47]
  [     1138.8      615.52]
  [     1217.6      646.74]
  [     1140.2      648.61]
  [     1230.2      783.94]
  [     1149.2      786.28]
  [     1249.7      914.45]
  [     1161.9      905.66]]]