[[[     966.09      464.76]
  [     971.14      457.86]
  [     958.84      457.09]
  [          0           0]
  [     939.61      459.35]
  [      988.4      504.13]
  [     911.72      502.16]
  [     1005.5      557.47]
  [     888.74      555.49]
  [     997.01      606.13]
  [     930.05      587.41]
  [     972.33      620.32]
  [     922.88      620.38]
  [     971.64      707.91]
  [     922.68      709.03]
  [     965.47       790.5]
  [     920.55      793.15]]

 [[     1069.5      483.21]
  [     1076.6      476.28]
  [     1061.6      477.64]
  [       1089      481.07]
  [     1052.5      484.56]
  [     1108.6      521.32]
  [     1039.9      525.38]
  [     1119.3      564.93]
  [     1015.8      571.52]
  [     1097.1      566.83]
  [     1048.4      568.22]
  [     1095.9       633.2]
  [     1050.2      634.65]
  [     1104.5      716.32]
  [     1046.7      714.62]
  [     1108.2      792.07]
  [     1050.1      794.56]]

 [[     1106.8      474.37]
  [     1109.7      466.36]
  [          0           0]
  [       1124      470.85]
  [          0           0]
  [     1136.2       520.2]
  [     1149.8      514.67]
  [     1130.3      591.74]
  [          0           0]
  [     1114.8      652.22]
  [          0           0]
  [     1138.3      652.91]
  [     1149.9      649.45]
  [     1144.3      747.32]
  [     1147.9      743.83]
  [     1151.9      841.79]
  [     1154.4      834.98]]]