[[[     38.926      482.92]
  [     42.771      472.95]
  [          0           0]
  [      67.97      462.93]
  [          0           0]
  [     81.996      506.24]
  [     121.69      504.28]
  [     80.538      572.47]
  [          0           0]
  [     46.868      622.55]
  [          0           0]
  [     83.435       652.5]
  [     114.51      648.52]
  [     78.279      762.23]
  [          0           0]
  [          0           0]
  [          0           0]]

 [[     452.12      447.03]
  [     452.64      435.43]
  [          0           0]
  [     468.03      424.94]
  [          0           0]
  [     483.33       462.9]
  [     549.52      467.19]
  [     478.93      543.81]
  [     585.38      555.41]
  [     432.16      614.49]
  [     577.85      623.61]
  [     509.72      626.66]
  [     546.79      625.25]
  [     517.41      743.17]
  [     505.67      741.37]
  [     550.67      853.55]
  [     487.97      853.45]]]