[[[     842.88      472.51]
  [      845.9      467.34]
  [     837.35      466.64]
  [          0           0]
  [     820.51      468.43]
  [      854.8       503.8]
  [     797.27      501.18]
  [     868.12      547.43]
  [     780.12      543.41]
  [     864.15      584.15]
  [      814.3      564.35]
  [     845.67      596.49]
  [     807.78      596.22]
  [     845.32       666.7]
  [     806.11      666.89]
  [     842.02      733.16]
  [     805.67       732.9]]

 [[          0           0]
  [          0           0]
  [          0           0]
  [      946.9      483.98]
  [          0           0]
  [     958.67      519.39]
  [     977.42      517.05]
  [     951.17       570.3]
  [          0           0]
  [     937.46      606.38]
  [          0           0]
  [     957.86      618.54]
  [     970.33      616.36]
  [     962.93      688.43]
  [     962.53      689.48]
  [     974.26      757.82]
  [     965.38      753.94]]

 [[     929.39      486.72]
  [     934.58      480.59]
  [     923.79      481.23]
  [          0           0]
  [      915.6      484.49]
  [     951.28       517.3]
  [     904.87      518.05]
  [          0           0]
  [     894.38      559.39]
  [          0           0]
  [     911.13      589.32]
  [     944.82      603.72]
  [     913.56      603.85]
  [     944.15      670.15]
  [      908.8       669.8]
  [     943.07      729.59]
  [     905.28      726.81]]]