[[[     850.07      496.55]
  [     854.58      491.25]
  [     844.62      490.68]
  [          0           0]
  [     831.09      491.83]
  [     868.62      526.81]
  [     809.63      524.83]
  [     880.97      570.11]
  [     789.85      564.61]
  [     875.74      605.37]
  [     821.85      574.69]
  [     858.15      617.73]
  [      820.1       617.6]
  [     856.21      684.44]
  [      816.3      684.54]
  [     851.46      747.11]
  [     814.33      748.65]]

 [[          0           0]
  [          0           0]
  [          0           0]
  [     949.77      510.23]
  [          0           0]
  [     962.45       543.2]
  [     980.37      540.11]
  [     960.68      591.34]
  [          0           0]
  [     946.29      626.48]
  [          0           0]
  [     965.95      639.44]
  [     978.36      637.14]
  [     968.01      707.03]
  [     969.17      707.26]
  [     977.52      773.28]
  [      972.6      769.37]]

 [[     930.83       511.5]
  [     935.84      506.25]
  [     925.99      506.56]
  [     943.72      509.91]
  [     919.57       510.5]
  [     957.03      541.72]
  [     911.64      543.16]
  [          0           0]
  [     902.32      583.19]
  [          0           0]
  [      917.6      612.01]
  [     948.89      624.56]
  [     918.38      624.97]
  [     953.87      686.54]
  [     916.42      686.36]
  [     956.78      743.56]
  [     920.13      742.58]]]