[[[     346.87      478.44]
  [     354.07      472.17]
  [     341.85      471.64]
  [     369.85      471.74]
  [          0           0]
  [     397.13      502.29]
  [     328.68      503.93]
  [     434.16      541.45]
  [      320.4      545.18]
  [     425.68      589.07]
  [     325.94      584.97]
  [      389.1      607.82]
  [     345.74      607.79]
  [     386.86      680.04]
  [     349.67      680.96]
  [     385.29      759.59]
  [     359.56      755.41]]

 [[          0           0]
  [          0           0]
  [          0           0]
  [     216.85      476.38]
  [     253.46      475.91]
  [     190.93      521.77]
  [     273.08      519.98]
  [     170.86      586.41]
  [     293.23       586.7]
  [     202.45      614.78]
  [     301.73      629.73]
  [     204.12      648.31]
  [     259.33      647.62]
  [     208.11      716.41]
  [     267.78      711.37]
  [     204.34      796.46]
  [     253.41      795.33]]

 [[     177.22      474.75]
  [     179.04      466.96]
  [     167.74      468.22]
  [          0           0]
  [     144.97      474.02]
  [     174.18      515.63]
  [     130.92      514.65]
  [          0           0]
  [     100.54      560.84]
  [          0           0]
  [     125.97      607.16]
  [     166.35      621.75]
  [     136.25      622.95]
  [     170.05      698.22]
  [     127.28      702.42]
  [     155.52      773.87]
  [     107.63      781.25]]]