[[[      479.1      454.48]
  [     489.76      447.32]
  [     474.88       445.8]
  [     510.85       452.5]
  [          0           0]
  [     530.83      500.19]
  [     456.15      497.29]
  [     554.59       560.9]
  [     446.67      554.62]
  [        524      616.43]
  [     443.15      609.54]
  [      506.3      629.17]
  [     457.48      626.35]
  [     511.56      719.31]
  [     453.33      719.14]
  [     506.25       811.7]
  [     464.27      807.55]]

 [[     234.13      465.62]
  [          0           0]
  [      224.4       457.1]
  [          0           0]
  [     195.13      462.22]
  [     224.83      513.62]
  [     169.49      509.35]
  [          0           0]
  [     163.81      574.45]
  [          0           0]
  [     221.75      618.58]
  [     222.83      644.15]
  [      184.9      645.12]
  [          0           0]
  [      194.9      743.56]
  [          0           0]
  [          0           0]]

 [[          0           0]
  [          0           0]
  [          0           0]
  [          0           0]
  [     302.01      459.19]
  [      225.4      515.44]
  [     321.88      513.03]
  [     214.13      598.92]
  [     342.02      594.82]
  [      240.3      638.51]
  [     353.52      642.23]
  [     240.37      667.23]
  [     307.46         666]
  [          0           0]
  [          0           0]
  [          0           0]
  [          0           0]]]