[[[     829.06      485.03]
  [     832.53      480.06]
  [      823.5      479.03]
  [          0           0]
  [      807.3      480.89]
  [     841.79      518.09]
  [     784.94      514.62]
  [        855      562.11]
  [     765.43      556.26]
  [     849.55      597.86]
  [     801.38      569.25]
  [     831.66      610.58]
  [      794.5      609.93]
  [     829.61      677.94]
  [     792.06      677.88]
  [     823.42      742.86]
  [     787.42      743.69]]

 [[          0           0]
  [          0           0]
  [          0           0]
  [     927.57      498.77]
  [          0           0]
  [     941.14      535.34]
  [     959.04      532.85]
  [     935.48         584]
  [          0           0]
  [     920.03      618.58]
  [          0           0]
  [     940.16      634.14]
  [     952.27      631.99]
  [     944.38       701.4]
  [     944.37       702.6]
  [      955.5      770.88]
  [     948.74      767.01]]

 [[     901.79      500.17]
  [     907.29      494.98]
  [     900.24      494.81]
  [     920.97      498.84]
  [          0           0]
  [     936.99      532.38]
  [     894.89      531.75]
  [          0           0]
  [     885.09      572.22]
  [          0           0]
  [     890.65      605.31]
  [      926.2       619.2]
  [     897.01      617.97]
  [     928.65      681.21]
  [      893.7      679.76]
  [     928.99      739.79]
  [     894.72      737.77]]]