[[[     85.538      479.84]
  [     89.175      469.62]
  [          0           0]
  [      114.1      458.86]
  [          0           0]
  [     127.62      502.86]
  [     169.01      500.71]
  [     128.41      568.92]
  [          0           0]
  [     94.039      618.28]
  [          0           0]
  [     135.63         649]
  [     168.33       645.1]
  [     123.61      758.77]
  [          0           0]
  [          0           0]
  [          0           0]]

 [[     503.73       439.5]
  [     504.92      427.23]
  [          0           0]
  [     521.02       415.9]
  [          0           0]
  [     541.01      457.13]
  [     599.91      461.17]
  [     547.09      541.08]
  [     625.69      546.21]
  [     514.87      626.52]
  [     599.03      597.11]
  [     556.67      629.58]
  [     600.67      626.93]
  [     538.64      754.42]
  [     584.86      748.09]
  [     557.83      867.51]
  [     619.85      847.09]]]