[[[          0           0]
  [          0           0]
  [          0           0]
  [          0           0]
  [     253.13      479.03]
  [     189.18      527.61]
  [     270.87      524.35]
  [     170.22      591.61]
  [     287.86      589.37]
  [          0           0]
  [          0           0]
  [     199.45      651.61]
  [        257      650.15]
  [     205.05      719.35]
  [     268.46      714.42]
  [     206.14      798.55]
  [     252.71      793.72]]

 [[     354.66      485.94]
  [     362.11      479.37]
  [     349.36      478.93]
  [     379.32      476.74]
  [          0           0]
  [     405.61      505.18]
  [     337.13      505.85]
  [     442.79      543.68]
  [     330.08      543.19]
  [     432.27      592.59]
  [     332.95      586.59]
  [     395.05      612.95]
  [     351.68      612.24]
  [     392.88       685.5]
  [     352.52      686.11]
  [     388.66      764.66]
  [     362.01      761.09]]

 [[     176.56      476.97]
  [     178.37      469.54]
  [     168.57      469.88]
  [          0           0]
  [     147.06      474.26]
  [        171      517.62]
  [     128.99       515.9]
  [          0           0]
  [      110.8      566.94]
  [          0           0]
  [     144.64      607.93]
  [     164.78      621.96]
  [     134.86      623.09]
  [      165.5      700.79]
  [     128.01      704.78]
  [     154.14      777.69]
  [     106.57      786.12]]]