[[[     1444.5      368.68]
  [     1441.2      348.97]
  [          0           0]
  [       1460       317.4]
  [          0           0]
  [       1501      370.73]
  [     1623.3      364.63]
  [     1534.2      512.15]
  [     1695.4      485.34]
  [     1506.2      643.42]
  [     1636.8      573.86]
  [     1560.7      648.83]
  [     1660.2      643.46]
  [     1488.8      852.45]
  [     1674.7      857.12]
  [     1485.6      1040.4]
  [     1788.8      1046.9]]

 [[     1002.8      437.63]
  [     1012.6      426.88]
  [          0           0]
  [     1043.2      430.95]
  [          0           0]
  [     1054.6      488.13]
  [     1044.3      484.93]
  [       1073      563.14]
  [     982.62      527.25]
  [     1017.1      616.95]
  [     921.89      508.21]
  [     1059.5      651.18]
  [     1070.7      649.97]
  [     1011.1      762.31]
  [     1098.9      766.81]
  [     979.91      877.42]
  [     1147.8      879.37]]

 [[     789.74      437.88]
  [     791.17      423.47]
  [          0           0]
  [     802.28      417.53]
  [          0           0]
  [     811.63      482.33]
  [     907.04      476.36]
  [     807.56      591.38]
  [     907.09      578.95]
  [     777.26       623.8]
  [          0           0]
  [     839.28      694.73]
  [     917.21      692.45]
  [     825.09       848.3]
  [     927.66      844.52]
  [     835.05      994.97]
  [     964.96      979.93]]]