[[[     918.36      185.62]
  [     942.38      163.93]
  [     914.12      167.39]
  [     1012.6      181.71]
  [          0           0]
  [     1107.1      317.63]
  [     912.72      334.37]
  [     1205.4      472.26]
  [      887.7      519.94]
  [     1173.2      635.12]
  [     852.65      670.72]
  [     1058.4      701.91]
  [     930.43      699.51]
  [     1070.1      966.72]
  [     935.64      962.83]
  [          0           0]
  [          0           0]]

 [[     680.68      272.56]
  [     707.06      257.31]
  [     671.58      256.28]
  [     755.65      283.67]
  [          0           0]
  [     795.47      412.57]
  [     618.92       391.7]
  [     813.65       577.5]
  [     544.25       514.6]
  [     754.59      686.25]
  [     516.01      454.39]
  [     725.57      720.17]
  [      606.7      708.91]
  [     732.16      930.48]
  [     607.33      921.26]
  [          0           0]
  [          0           0]]

 [[          0           0]
  [          0           0]
  [          0           0]
  [          0           0]
  [          0           0]
  [       1629      134.69]
  [     1302.2      164.47]
  [     1716.7      379.66]
  [     1247.3      414.31]
  [     1486.1      576.98]
  [     1304.6      558.69]
  [     1574.4      670.78]
  [     1357.2      672.86]
  [     1564.2      1023.4]
  [     1370.7      1026.5]
  [          0           0]
  [          0           0]]]