[[[     794.39       451.6]
  [     799.16      446.28]
  [     788.54       444.9]
  [          0           0]
  [     772.83      446.56]
  [     811.42      486.96]
  [     749.25      482.66]
  [     828.42      533.74]
  [     730.03      526.58]
  [     822.06      571.84]
  [     763.21      554.61]
  [     799.35      584.47]
  [     759.41      583.69]
  [     799.17      657.16]
  [     757.33      659.13]
  [     793.96      729.26]
  [     754.02      731.16]]

 [[     888.31      466.21]
  [     893.88      460.26]
  [     881.96      460.76]
  [          0           0]
  [     872.59      466.11]
  [     911.49      502.21]
  [     860.72      503.46]
  [          0           0]
  [     849.29      547.02]
  [          0           0]
  [     851.58      588.55]
  [     903.78      594.23]
  [     869.96      594.55]
  [     905.73      660.48]
  [        866      660.51]
  [     906.16      725.35]
  [     862.07      722.53]]

 [[     895.22      466.49]
  [     899.13      459.57]
  [          0           0]
  [     915.68      462.34]
  [          0           0]
  [     929.01      501.82]
  [     932.45      498.36]
  [     917.03      557.97]
  [          0           0]
  [     901.22      601.82]
  [          0           0]
  [     925.94      608.72]
  [     928.45      605.89]
  [     927.35      683.62]
  [     923.43      683.29]
  [     935.97      757.67]
  [     927.42      753.29]]]