[[[     732.74      479.45]
  [     738.25      468.61]
  [     720.97      471.25]
  [          0           0]
  [     695.87      475.45]
  [     765.96      521.94]
  [     670.55      518.35]
  [     783.35      589.81]
  [     606.07      539.81]
  [     758.57      630.31]
  [     601.73      501.22]
  [     744.32      675.36]
  [     681.83      674.09]
  [     742.08      783.67]
  [     679.52      782.12]
  [     747.88       878.3]
  [     681.04      873.49]]

 [[     889.84      430.92]
  [     895.14      422.57]
  [     876.78      423.95]
  [          0           0]
  [     853.17      439.16]
  [     931.41       496.5]
  [     838.27      506.15]
  [     971.62      564.11]
  [     823.82      586.18]
  [     958.71      631.06]
  [     813.54      652.55]
  [     912.73         662]
  [     851.92      662.95]
  [     918.24      780.04]
  [     849.73      780.12]
  [     922.23      892.05]
  [     860.72      884.57]]

 [[     1019.3      391.18]
  [     1029.3      377.98]
  [          0           0]
  [     1066.4      379.03]
  [          0           0]
  [     1120.8      442.25]
  [       1019      455.43]
  [     1136.8      539.92]
  [     997.66      546.84]
  [       1059      601.26]
  [     1006.1      601.72]
  [     1099.2       641.6]
  [     1028.7      646.42]
  [     1109.5      788.23]
  [     1045.4      786.86]
  [     1126.6      923.36]
  [     1052.7      915.21]]]