[[[     147.79      487.08]
  [          0           0]
  [     141.84      477.59]
  [          0           0]
  [     116.51      473.84]
  [     131.51       516.1]
  [     86.016      511.71]
  [          0           0]
  [     54.924      562.81]
  [          0           0]
  [     96.261       605.3]
  [     123.09      629.99]
  [     91.963      631.21]
  [     128.46      694.79]
  [     88.451      698.93]
  [     120.88      779.14]
  [     77.361      785.93]]

 [[          0           0]
  [          0           0]
  [          0           0]
  [     169.49      470.21]
  [     210.56      472.25]
  [     140.57       514.2]
  [     223.53      519.44]
  [          0           0]
  [     237.19      594.01]
  [          0           0]
  [          0           0]
  [     148.62      647.29]
  [     204.39      649.48]
  [     171.62      702.34]
  [     199.45      700.35]
  [      186.5      805.99]
  [     192.35       800.8]]

 [[     332.53      497.16]
  [     336.61      489.45]
  [     328.09      491.42]
  [     355.02      480.76]
  [          0           0]
  [     385.96      506.74]
  [     341.79      512.67]
  [      414.3      553.16]
  [     345.13      557.73]
  [     402.03      607.04]
  [      340.2      591.66]
  [     384.49      610.46]
  [     357.83      610.74]
  [     375.81      686.41]
  [     365.88      682.67]
  [     383.86       759.6]
  [     386.72      756.82]]]