[[[     454.95      483.12]
  [     462.54       474.2]
  [      447.5      473.91]
  [      473.7      473.33]
  [     435.43      473.53]
  [     490.92      517.53]
  [      418.9      506.85]
  [     501.16      571.97]
  [      376.9      506.64]
  [     487.84      610.78]
  [     336.55      490.38]
  [     465.08      628.18]
  [     417.72      622.44]
  [     464.73      706.96]
  [        411      702.04]
  [     466.44      776.63]
  [     411.31      775.26]]

 [[     550.28      456.84]
  [     558.36      450.03]
  [     549.08      450.46]
  [     581.89      455.61]
  [          0           0]
  [     609.97      499.09]
  [     549.85      501.73]
  [     637.69      548.43]
  [     547.45      545.27]
  [     613.33      586.48]
  [     535.35       576.1]
  [     594.68      612.42]
  [     552.84      611.66]
  [     596.79      695.94]
  [     548.19      695.25]
  [     602.29      776.72]
  [     551.59      775.27]]

 [[     698.32      431.18]
  [     707.49      423.09]
  [     693.03      423.24]
  [     727.32      426.32]
  [          0           0]
  [      747.3       472.7]
  [     678.43      473.66]
  [     756.56      536.55]
  [     660.96      530.06]
  [     703.57      571.44]
  [     666.24      571.99]
  [     730.21      599.55]
  [     684.13       598.9]
  [     731.64      693.75]
  [     690.04      694.92]
  [     740.62      786.77]
  [      691.9      784.87]]]