[[[     810.45      480.73]
  [     815.48      476.32]
  [     805.16      475.26]
  [          0           0]
  [     793.09       478.3]
  [      829.1      513.47]
  [     772.12      509.58]
  [     842.49      553.51]
  [      751.4      547.09]
  [     830.31      582.79]
  [     779.92      557.54]
  [     814.11      601.65]
  [     777.16      599.99]
  [     810.04      668.54]
  [     775.76      666.72]
  [     802.55      731.51]
  [     776.76      732.03]]

 [[     902.72       494.5]
  [     906.12         489]
  [          0           0]
  [     917.66       493.2]
  [          0           0]
  [     927.13      528.28]
  [     934.65       526.2]
  [     919.64      578.36]
  [          0           0]
  [     906.26      615.68]
  [          0           0]
  [      927.4      621.31]
  [     932.76      619.58]
  [     927.87      685.94]
  [     927.77      686.59]
  [     937.68      751.91]
  [     933.19      747.91]]

 [[      883.5      496.32]
  [     888.47      491.42]
  [     878.04         492]
  [     896.28      495.68]
  [     870.45      496.92]
  [     908.71      527.25]
  [     861.78       528.3]
  [     916.07      566.36]
  [     853.88      566.64]
  [     906.27       600.7]
  [     871.18      593.79]
  [     902.85       608.6]
  [     871.48      609.48]
  [     909.79      668.83]
  [     874.82      668.84]
  [     916.73      724.09]
  [     876.65      726.81]]]