[[[      675.9      483.72]
  [     683.23      473.91]
  [     669.39      476.08]
  [     701.33      473.94]
  [          0           0]
  [     722.55       523.3]
  [     648.84      513.65]
  [     733.73      580.77]
  [     602.84      513.08]
  [     718.47      626.45]
  [     556.82      492.62]
  [     697.48      645.85]
  [     649.84      641.24]
  [     697.29      728.47]
  [     647.04      723.24]
  [     702.88      803.68]
  [      652.2      802.13]]

 [[     780.51      455.06]
  [     788.59      447.07]
  [     779.06      447.87]
  [     814.64      450.88]
  [          0           0]
  [     846.08      496.93]
  [     777.63         505]
  [     881.23      546.43]
  [     767.36      564.04]
  [     872.22      597.14]
  [     755.68      616.79]
  [     829.59      629.24]
  [     784.07      630.18]
  [     831.19       718.9]
  [     785.93      718.86]
  [     842.64      811.83]
  [     792.11      807.55]]

 [[     924.27      420.14]
  [     933.25      410.15]
  [     921.62      410.52]
  [     960.87      412.38]
  [          0           0]
  [     989.52      464.92]
  [     924.04      469.26]
  [     992.31      534.84]
  [      910.4      533.38]
  [     932.68      585.35]
  [      903.9      581.03]
  [     976.33      612.08]
  [     930.68      612.12]
  [     985.12      722.02]
  [     930.42      722.61]
  [      997.2      823.86]
  [     929.59      815.57]]]