[[[     620.46      428.35]
  [     633.05      419.79]
  [     616.12      418.15]
  [      660.7      426.86]
  [          0           0]
  [     687.66      478.21]
  [     605.33      481.03]
  [     714.87      555.12]
  [     591.07      553.39]
  [     678.66      626.97]
  [     582.94      618.47]
  [     665.22       642.2]
  [     610.22      642.92]
  [     668.56      759.26]
  [     617.06      757.22]
  [     678.29      866.21]
  [     628.18      861.78]]

 [[          0           0]
  [          0           0]
  [          0           0]
  [          0           0]
  [     406.52      428.55]
  [     306.01      500.41]
  [     412.37      500.36]
  [          0           0]
  [     432.21      600.14]
  [          0           0]
  [      449.4      661.96]
  [     325.64      699.55]
  [     396.69      703.83]
  [     351.59      836.28]
  [        404      841.24]
  [      367.8      970.09]
  [      392.8      974.48]]]