[[[     556.56      451.94]
  [     557.33      438.77]
  [          0           0]
  [      575.7         424]
  [          0           0]
  [     602.93      463.88]
  [     646.57      463.42]
  [     624.49      548.88]
  [          0           0]
  [     601.33      637.44]
  [          0           0]
  [     620.35      639.26]
  [     665.77      635.19]
  [     563.66      755.78]
  [     675.34       752.2]
  [     559.55      873.32]
  [     735.69      861.95]]

 [[     137.65      476.74]
  [     141.98       466.4]
  [          0           0]
  [     168.23      458.08]
  [          0           0]
  [      185.2       501.6]
  [     215.53      500.89]
  [      192.9      568.15]
  [          0           0]
  [     148.62      613.48]
  [          0           0]
  [     182.66       644.5]
  [     209.52      640.71]
  [     161.42      748.55]
  [          0           0]
  [          0           0]
  [          0           0]]]