[[[     388.19      504.84]
  [     394.03      499.29]
  [      383.5      498.64]
  [     408.28      492.98]
  [          0           0]
  [     429.48      513.69]
  [     370.14      512.28]
  [     452.32      559.32]
  [     346.72       550.6]
  [     431.33      595.21]
  [     365.86      538.56]
  [     416.71      608.78]
  [     377.94      607.43]
  [     420.46      680.12]
  [     377.88      678.44]
  [     424.85      747.22]
  [     375.16      748.18]]

 [[     881.91      449.53]
  [     890.64      441.75]
  [     874.33      441.15]
  [        899       450.5]
  [     859.06      448.59]
  [     912.63       502.8]
  [      834.2      501.08]
  [     922.88         562]
  [     808.36      559.73]
  [     917.18      603.19]
  [     826.38      610.22]
  [     894.94      636.25]
  [     843.54      634.15]
  [     893.92      735.23]
  [     838.57      734.86]
  [     889.33      828.19]
  [      833.8      793.38]]]