[[[     374.97      388.17]
  [      387.5      379.86]
  [     371.32      377.95]
  [     415.21      388.24]
  [          0           0]
  [     441.03      443.57]
  [      362.4      440.79]
  [      469.6      511.69]
  [     351.01      509.46]
  [     431.99      574.54]
  [      336.5      561.82]
  [     414.13      591.88]
  [      361.5      588.75]
  [     412.85      697.12]
  [     346.27      691.86]
  [     401.81       794.7]
  [     343.78       792.4]]

 [[          0           0]
  [          0           0]
  [          0           0]
  [          0           0]
  [     147.08      381.01]
  [     53.008      446.33]
  [     163.77      444.72]
  [     37.269      543.84]
  [     185.76      540.89]
  [          0           0]
  [     205.28      590.69]
  [      66.37      615.74]
  [     144.95      614.94]
  [          0           0]
  [          0           0]
  [          0           0]
  [          0           0]]

 [[     93.624      391.75]
  [          0           0]
  [     82.899      384.52]
  [          0           0]
  [     48.349      396.01]
  [     94.131      445.04]
  [      13.07      442.44]
  [          0           0]
  [     14.305      518.64]
  [          0           0]
  [          0           0]
  [          0           0]
  [          0           0]
  [          0           0]
  [          0           0]
  [          0           0]
  [          0           0]]]