[[[     625.94      210.35]
  [      647.2      194.84]
  [     602.23      194.74]
  [     673.92      229.98]
  [     566.52      227.77]
  [     715.69      368.87]
  [     503.73      346.99]
  [      705.8      526.29]
  [     444.39      499.37]
  [     640.11      608.75]
  [     531.69      595.92]
  [     677.38      708.47]
  [     531.21      700.87]
  [     661.43      961.72]
  [      494.1       959.8]
  [          0           0]
  [          0           0]]

 [[     1109.1      65.836]
  [       1137      35.654]
  [       1093      46.505]
  [     1214.4      55.221]
  [          0           0]
  [     1311.9      207.01]
  [     1082.5       237.4]
  [       1406      409.44]
  [     1062.9      443.97]
  [     1428.7       634.4]
  [     1046.1      606.65]
  [     1257.1      650.31]
  [     1106.4      657.29]
  [     1305.3      978.54]
  [     1129.4      975.94]
  [          0           0]
  [          0           0]]

 [[          0           0]
  [          0           0]
  [          0           0]
  [          0           0]
  [     230.95           0]
  [          0           0]
  [     113.82       88.75]
  [          0           0]
  [     88.487      488.25]
  [          0           0]
  [     302.82      828.19]
  [     134.95       900.1]
  [     131.51      920.21]
  [          0           0]
  [          0           0]
  [          0           0]
  [          0           0]]]