[[[     782.21      479.47]
  [     786.63      468.97]
  [     772.36      471.12]
  [          0           0]
  [     747.84      473.53]
  [     803.88      516.55]
  [     724.85       513.4]
  [     821.65      580.18]
  [     669.67      527.48]
  [     810.77      631.31]
  [     657.75      494.76]
  [     791.36      652.68]
  [     739.71      651.09]
  [     787.79      745.23]
  [        735      743.66]
  [     792.16      824.76]
  [     736.27      821.55]]

 [[     875.58      441.47]
  [     884.25      431.77]
  [     872.04      433.65]
  [     912.45      435.79]
  [          0           0]
  [        950      489.97]
  [      873.3      501.09]
  [     987.35       549.2]
  [      862.6      567.39]
  [     971.57      608.07]
  [        853      628.97]
  [     932.67      638.86]
  [     880.93      641.89]
  [     939.78      740.55]
  [     883.92      739.78]
  [     948.02      833.71]
  [     894.75      833.25]]

 [[     1041.7       395.1]
  [     1052.8      384.28]
  [     1036.6      385.14]
  [       1083      388.25]
  [          0           0]
  [     1119.4      447.09]
  [     1028.2      454.41]
  [       1136      528.78]
  [     1010.1      531.45]
  [     1067.6       586.9]
  [     1022.8       584.4]
  [     1105.2      614.84]
  [     1043.8      617.14]
  [     1114.6      739.45]
  [     1054.4      739.94]
  [     1124.3      859.46]
  [     1064.6      853.75]]]