[[[     602.84      493.05]
  [     607.99      486.84]
  [     596.53      487.61]
  [     615.32      486.12]
  [     585.73      487.84]
  [     630.26      515.14]
  [     569.39      516.55]
  [      652.6      550.02]
  [     546.94      550.75]
  [     646.94      588.46]
  [     547.83      584.92]
  [     615.42         608]
  [     577.78      608.61]
  [     612.29      677.18]
  [     581.71      678.26]
  [     606.91      742.48]
  [     581.52      744.63]]

 [[          0           0]
  [          0           0]
  [          0           0]
  [     833.93      489.07]
  [          0           0]
  [     834.45      528.36]
  [     890.14      527.56]
  [      832.3      587.49]
  [          0           0]
  [     828.36      641.01]
  [          0           0]
  [      843.9      641.23]
  [     886.59      640.33]
  [     827.95      718.17]
  [     887.87      721.07]
  [      827.1      796.82]
  [     911.58      796.15]]

 [[     715.16      517.18]
  [      720.9      511.47]
  [     711.34      511.02]
  [     734.33      509.02]
  [          0           0]
  [     752.44      537.21]
  [     699.88      536.19]
  [     763.31      578.47]
  [     688.84       573.9]
  [     760.44      617.49]
  [     685.81      612.57]
  [     737.78      622.82]
  [      703.8       621.4]
  [      736.4      683.62]
  [     697.16      683.62]
  [     733.95      743.05]
  [     694.26      741.76]]]