[[[        581      381.79]
  [     595.28      372.87]
  [     575.54       370.9]
  [     623.43      382.33]
  [          0           0]
  [     649.47      440.32]
  [      561.8      441.05]
  [     680.01      525.65]
  [     548.67      522.24]
  [     641.21      600.17]
  [     535.25      589.82]
  [     621.57      616.46]
  [     563.72      616.21]
  [     624.08       740.4]
  [     570.71      739.21]
  [     635.56      861.03]
  [     586.22      854.33]]

 [[          0           0]
  [          0           0]
  [          0           0]
  [          0           0]
  [     315.21      366.93]
  [      205.4      446.91]
  [     325.87      447.92]
  [          0           0]
  [     348.39      561.58]
  [          0           0]
  [     372.39      630.32]
  [     225.28      671.75]
  [     308.31      673.33]
  [     250.08      828.58]
  [        310      831.28]
  [     233.53      977.66]
  [     294.12      986.45]]]