[[[     388.75       504.2]
  [     394.73      498.67]
  [     384.14      497.85]
  [     408.79      492.95]
  [          0           0]
  [     429.84      514.14]
  [     370.31      512.44]
  [     452.55      559.36]
  [     346.68      550.15]
  [     430.78      596.19]
  [     365.38      538.99]
  [     416.87      609.11]
  [     377.99      607.64]
  [     420.32      680.56]
  [     377.69      679.01]
  [     425.08      748.13]
  [     375.94      748.22]]

 [[     840.62      462.69]
  [     847.62      455.16]
  [     832.39      455.56]
  [      857.1      461.21]
  [     819.27      461.99]
  [     873.33      507.86]
  [     800.53      509.88]
  [     884.71      557.43]
  [     777.28       565.8]
  [     880.15      597.68]
  [     797.34      610.52]
  [     866.16      629.82]
  [     818.87      632.38]
  [     878.62      718.98]
  [     823.37      724.35]
  [     867.97      791.48]
  [      828.7      808.17]]]