[[[      388.1      504.48]
  [     393.86      498.45]
  [      383.2      497.97]
  [     407.87      491.62]
  [          0           0]
  [     429.53      514.72]
  [        369       514.5]
  [        452      559.61]
  [     345.14      551.04]
  [     430.82      597.11]
  [     366.18      537.16]
  [     416.85      609.09]
  [     377.09      608.41]
  [     422.62      679.19]
  [     377.09      679.17]
  [     426.92      747.07]
  [     374.74      747.01]]

 [[      828.6      475.13]
  [     835.62      466.88]
  [          0           0]
  [     858.12      468.78]
  [          0           0]
  [     876.61      510.85]
  [     845.24      517.27]
  [     895.93      569.98]
  [          0           0]
  [     864.83      617.83]
  [          0           0]
  [     867.77      634.08]
  [     844.19       633.8]
  [     870.53      722.98]
  [     839.22      722.09]
  [     881.69      812.05]
  [     886.21      790.58]]]