[[[     709.22      438.27]
  [     721.84      428.43]
  [     702.18      428.85]
  [     745.93      437.41]
  [          0           0]
  [     762.75      496.68]
  [     673.64      489.59]
  [     750.11      527.24]
  [     613.58      485.92]
  [     702.24      487.02]
  [     622.51      461.29]
  [     735.47      659.76]
  [     675.62      657.82]
  [     737.79       771.8]
  [      669.3      770.14]
  [     747.14      868.38]
  [     675.14      865.42]]

 [[     858.43      404.75]
  [     871.09         395]
  [     853.59       394.7]
  [     899.78      403.85]
  [          0           0]
  [     937.76      467.79]
  [     839.15      476.16]
  [     980.87      539.45]
  [      826.9      558.85]
  [     964.07      610.01]
  [     812.87      631.66]
  [     917.37      644.23]
  [     853.07       645.2]
  [     919.57      766.75]
  [     854.62      766.09]
  [     932.18      884.82]
  [     865.51       875.2]]

 [[     1021.6       357.2]
  [     1031.5       342.6]
  [          0           0]
  [     1072.6      341.77]
  [          0           0]
  [     1131.8      410.82]
  [     1022.7      422.19]
  [     1149.6      513.37]
  [     1002.3      519.74]
  [       1069       582.1]
  [     1012.6      579.87]
  [     1113.4      621.88]
  [     1038.1      626.14]
  [       1126      774.16]
  [     1056.1      774.23]
  [     1142.1      917.16]
  [     1066.1      909.05]]]