[[[     960.58      450.93]
  [     965.49      444.11]
  [     953.09      443.14]
  [          0           0]
  [     933.53      446.03]
  [     980.64      492.61]
  [     903.98      490.22]
  [     998.84       548.1]
  [     882.73      546.88]
  [      993.6      597.33]
  [     924.36      577.15]
  [     967.87       608.7]
  [     918.32      608.88]
  [     968.95      700.64]
  [     916.74      701.02]
  [     963.34      787.26]
  [     914.77      790.33]]

 [[     1069.2      468.34]
  [     1076.4      461.16]
  [     1061.4      462.04]
  [     1087.9      465.93]
  [     1051.5      468.35]
  [     1104.9      507.56]
  [     1038.2      510.84]
  [     1113.3       552.9]
  [     1021.2      559.79]
  [     1089.6      541.05]
  [     1052.2      547.62]
  [     1093.1      624.21]
  [     1048.3      625.43]
  [     1103.5      710.37]
  [       1045      709.04]
  [     1106.6      788.89]
  [     1047.4      790.87]]

 [[          0           0]
  [     1109.3      452.16]
  [          0           0]
  [     1120.5      457.13]
  [          0           0]
  [     1136.6      508.48]
  [     1152.8      502.42]
  [     1128.1      582.84]
  [          0           0]
  [     1110.4      647.07]
  [          0           0]
  [     1141.8      647.36]
  [     1154.6      643.38]
  [     1144.3      750.95]
  [     1148.2      745.55]
  [     1153.1      846.21]
  [     1151.7      836.94]]]