[[[     341.28      484.15]
  [     349.42      478.81]
  [     337.92      477.86]
  [     366.21      484.14]
  [          0           0]
  [     388.48      519.83]
  [     323.42      520.51]
  [     425.45      562.46]
  [     312.19      565.53]
  [     408.77      606.82]
  [     303.22      607.46]
  [     377.85      626.98]
  [     335.02      626.61]
  [      381.5      700.01]
  [     337.97      700.29]
  [     391.01      775.78]
  [      351.6      774.28]]

 [[          0           0]
  [          0           0]
  [          0           0]
  [     204.63      491.85]
  [     243.99      491.38]
  [      177.8      539.35]
  [     261.42      536.35]
  [     160.83      602.73]
  [     285.55      597.56]
  [      190.8      628.23]
  [     298.35      628.17]
  [     188.44      667.03]
  [     245.31      666.01]
  [     193.29      725.23]
  [     255.45      723.65]
  [      187.6      812.37]
  [     235.47      812.28]]

 [[     164.66      491.52]
  [     167.66      484.29]
  [     155.41      484.99]
  [          0           0]
  [     133.84      490.46]
  [     166.19      531.88]
  [     119.85      528.42]
  [          0           0]
  [     82.554      574.13]
  [          0           0]
  [     98.376      616.56]
  [     155.06      641.52]
  [     123.94         641]
  [     154.68      717.86]
  [     111.06      717.28]
  [     141.08      791.52]
  [     93.917      798.91]]]