[[[     302.85      503.17]
  [        311      494.32]
  [     297.67      493.74]
  [     331.93      492.89]
  [          0           0]
  [     350.51      538.81]
  [     278.88      522.49]
  [     358.09      594.04]
  [     229.44       523.9]
  [     341.92      628.64]
  [     185.09      509.59]
  [     321.04      650.81]
  [     274.96      645.71]
  [     320.32      725.47]
  [     263.13      724.91]
  [     321.84      794.67]
  [     260.93      792.32]]

 [[     564.97      450.03]
  [     573.99      442.48]
  [     559.11      442.64]
  [     592.27      445.96]
  [          0           0]
  [      613.9      490.51]
  [     540.55      491.32]
  [     629.78      551.39]
  [     517.56      543.87]
  [     573.37      572.51]
  [     531.32      567.01]
  [     598.01      615.36]
  [     549.79      615.16]
  [     601.25      705.24]
  [     555.19      707.41]
  [     605.68      796.22]
  [     556.84      795.76]]

 [[     413.59         479]
  [     420.12      471.78]
  [          0           0]
  [     444.58      474.89]
  [          0           0]
  [     476.54      516.96]
  [     420.24      519.31]
  [     494.45      569.83]
  [     414.07      565.79]
  [     470.31      613.79]
  [     407.02      603.95]
  [     460.31      631.33]
  [     420.29      629.65]
  [     463.64      714.57]
  [     411.08      711.61]
  [     463.93       794.1]
  [     415.73      791.93]]]