[[[     948.39      276.16]
  [      967.4      258.68]
  [     945.97      260.77]
  [       1027      271.81]
  [          0           0]
  [     1103.4      379.84]
  [     942.55      397.47]
  [     1182.1      499.32]
  [     922.57      543.43]
  [       1149      631.57]
  [     894.65      661.12]
  [     1062.1      682.93]
  [     956.15      683.79]
  [     1072.1      888.49]
  [     961.69      887.45]
  [     1106.6      1061.7]
  [     988.93      1057.8]]

 [[     759.35      332.72]
  [     780.97      320.11]
  [     750.78      320.92]
  [     819.52      342.67]
  [          0           0]
  [     850.22      447.03]
  [     703.82      427.25]
  [     866.24      576.13]
  [     591.81      410.46]
  [      821.8      674.43]
  [     583.16      293.12]
  [     793.59       699.5]
  [     698.83      693.48]
  [     796.87      873.08]
  [     694.07      864.66]
  [     810.15      1031.9]
  [     701.06      1011.3]]

 [[     1302.1      128.92]
  [     1328.3      100.72]
  [     1287.7       108.3]
  [     1401.9      115.78]
  [          0           0]
  [     1495.5      259.94]
  [     1263.9      279.94]
  [     1541.1      442.65]
  [     1207.1      461.65]
  [     1377.1      590.74]
  [     1246.3      574.13]
  [     1438.5      653.59]
  [     1285.2      653.48]
  [     1442.5      942.59]
  [     1303.2      935.52]
  [          0           0]
  [          0           0]]]