[[[     1356.2      304.04]
  [     1369.1      280.63]
  [     1336.2      296.49]
  [     1412.4      284.85]
  [          0           0]
  [     1485.5      396.53]
  [       1305      420.91]
  [       1579      466.94]
  [     1270.2      542.15]
  [     1502.2      519.45]
  [     1263.3       655.6]
  [     1445.3      691.11]
  [     1329.1      692.92]
  [     1430.8       888.7]
  [     1309.4      882.23]
  [     1418.9      1061.8]
  [     1297.3      1051.4]]

 [[     1113.4      271.59]
  [     1125.3      257.99]
  [     1094.4      252.75]
  [          0           0]
  [     1046.9      262.34]
  [     1149.6      380.02]
  [     977.97      362.76]
  [     1176.1         509]
  [     918.44      493.03]
  [     1178.8      614.83]
  [     1049.8      524.51]
  [     1121.8      654.08]
  [     1006.4      650.74]
  [     1108.3      856.65]
  [     990.31      857.58]
  [     1096.9      1044.3]
  [     973.98      1047.8]]

 [[       1596      196.41]
  [     1600.4      163.39]
  [          0           0]
  [     1663.8      154.87]
  [          0           0]
  [     1759.7      314.13]
  [     1710.9      316.65]
  [     1741.1         575]
  [          0           0]
  [     1642.1      790.25]
  [          0           0]
  [     1707.1       823.7]
  [     1663.1       807.2]
  [          0           0]
  [          0           0]
  [          0           0]
  [          0           0]]]