[[[     598.14      263.84]
  [     618.49      248.64]
  [     592.29      248.58]
  [     669.24      261.49]
  [          0           0]
  [     723.11      354.96]
  [     591.14      366.16]
  [     776.46      489.32]
  [     588.96      498.87]
  [     710.08      605.75]
  [     565.62      600.24]
  [     690.03      636.28]
  [      604.3       635.2]
  [     708.14      832.78]
  [     624.17      825.77]
  [     718.55      1016.1]
  [     648.82      1003.2]]

 [[     79.343      216.61]
  [          0           0]
  [     65.477      189.77]
  [          0           0]
  [     8.0558      191.52]
  [          0           0]
  [      22.06      330.31]
  [          0           0]
  [     54.164      555.75]
  [          0           0]
  [     129.01      706.21]
  [          0           0]
  [     28.264      749.67]
  [          0           0]
  [          0           0]
  [          0           0]
  [          0           0]]

 [[     231.42      310.02]
  [     234.08      293.74]
  [     207.85      296.33]
  [          0           0]
  [     157.76      316.49]
  [     272.52      418.75]
  [     114.35      418.06]
  [          0           0]
  [          0           0]
  [          0           0]
  [          0           0]
  [     255.81      689.27]
  [     148.03      687.97]
  [     231.72      881.52]
  [     113.65      878.78]
  [     201.47      1032.9]
  [     81.466      1008.5]]]