[[[     498.34      476.35]
  [     507.48      469.69]
  [     493.96      468.84]
  [     527.02      473.32]
  [          0           0]
  [     549.43       514.8]
  [      481.9      513.87]
  [      576.1      566.58]
  [     472.31      559.79]
  [     555.83       617.4]
  [      464.6      598.76]
  [     535.16      635.02]
  [     491.63      634.29]
  [     537.89      719.58]
  [     500.45      722.06]
  [      543.8      806.66]
  [     507.72      811.27]]

 [[          0           0]
  [          0           0]
  [          0           0]
  [     344.36      484.31]
  [     387.93      487.12]
  [     310.45      533.57]
  [     392.06      534.62]
  [     285.42      604.84]
  [     406.65      606.55]
  [     315.48      632.22]
  [      413.7      656.41]
  [     315.12      670.04]
  [     371.15      672.43]
  [     325.82      756.48]
  [     382.93      756.24]
  [     329.08       847.9]
  [     369.17      859.54]]

 [[     309.65      490.47]
  [     314.44      482.73]
  [     300.53      482.67]
  [          0           0]
  [      278.4      484.88]
  [     307.88      529.76]
  [     258.23      528.93]
  [          0           0]
  [     254.17      589.37]
  [          0           0]
  [     298.42      621.14]
  [     302.15      648.24]
  [     266.72      649.52]
  [      296.3      739.77]
  [     268.04      741.45]
  [     276.93      832.87]
  [     242.56      833.31]]

 [[     309.25      489.15]
  [     311.14      482.43]
  [     299.69      482.98]
  [          0           0]
  [     277.46      490.66]
  [     309.82      532.45]
  [      261.7      530.16]
  [          0           0]
  [      251.4      587.39]
  [          0           0]
  [     293.65      622.47]
  [        298      648.06]
  [     263.82      648.07]
  [          0           0]
  [     268.44      734.87]
  [          0           0]
  [     258.73      820.89]]]