[[[     1114.6       388.8]
  [     1111.7      367.74]
  [          0           0]
  [     1126.3       347.8]
  [          0           0]
  [     1123.3      426.08]
  [     1276.7      423.63]
  [     1086.8      552.17]
  [     1325.4      572.58]
  [     1030.1       562.6]
  [       1333      659.64]
  [     1169.2         706]
  [     1268.4      704.37]
  [     1111.9      876.37]
  [     1210.7       887.4]
  [     1211.5      1046.2]
  [       1201      1060.4]]

 [[     472.19      498.88]
  [     474.77      493.67]
  [     467.56      492.14]
  [          0           0]
  [     449.53      488.82]
  [     458.54      521.29]
  [     431.57      513.13]
  [     454.76      562.59]
  [     447.16      550.54]
  [     464.48      589.53]
  [     470.26      577.08]
  [     441.56      607.43]
  [     418.17      604.63]
  [     441.68      679.45]
  [     405.65      673.86]
  [     432.18       747.2]
  [     376.75      745.17]]

 [[     711.72      501.85]
  [     717.25      496.83]
  [     706.59      496.98]
  [     725.33      501.14]
  [     699.12       501.5]
  [     739.76      534.79]
  [     686.04      536.21]
  [     754.42      570.98]
  [     671.61      574.15]
  [     747.37      603.92]
  [     674.06       608.4]
  [     730.03      622.29]
  [     694.82      622.63]
  [     731.78      684.16]
  [      692.6      683.74]
  [     733.44      743.95]
  [     691.69      743.49]]]