[[[     417.59      479.75]
  [      421.9      470.74]
  [     408.13      472.15]
  [          0           0]
  [     384.37      476.71]
  [      440.1      521.72]
  [     361.51      511.99]
  [     456.14      579.64]
  [     310.49      512.34]
  [      447.9      621.33]
  [     261.25      493.35]
  [     423.88      644.87]
  [     372.35      640.61]
  [     420.24      724.58]
  [      365.2      721.58]
  [     422.58       798.3]
  [     366.46      797.16]]

 [[     512.69      451.58]
  [      522.5      445.45]
  [     511.59      444.58]
  [     546.63       454.6]
  [          0           0]
  [     568.14      504.54]
  [     497.43      504.33]
  [     584.42      561.41]
  [     479.74       558.9]
  [     560.06      611.57]
  [     472.69      607.44]
  [     553.53      630.12]
  [     505.79      629.33]
  [      559.9      716.67]
  [     508.05      717.06]
  [      569.1      799.23]
  [     517.23      800.05]]

 [[     649.42      430.57]
  [     657.57      420.83]
  [     647.91      420.77]
  [     684.85      423.46]
  [          0           0]
  [     720.14      472.65]
  [     645.34      478.08]
  [     725.25      539.12]
  [     625.74      536.81]
  [     670.01      582.81]
  [     632.37       578.8]
  [     701.95      610.25]
  [     651.38       612.4]
  [     707.58      711.41]
  [     660.74      712.42]
  [     718.42      805.15]
  [     664.51      800.27]]]