[[[     1057.5       317.9]
  [     1068.9      305.57]
  [       1042      301.37]
  [          0           0]
  [     1002.9      306.86]
  [     1090.1       406.1]
  [     944.93      392.22]
  [     1116.4      515.12]
  [     893.27       500.5]
  [     1115.7      605.27]
  [      995.4      526.48]
  [       1065      637.73]
  [     967.49      634.65]
  [     1054.9      806.59]
  [     958.42      809.64]
  [       1046      965.58]
  [     941.41       974.9]]

 [[       1287      345.43]
  [     1299.9      332.38]
  [     1271.2      331.73]
  [     1314.4      346.27]
  [     1242.1      345.17]
  [     1351.6      438.53]
  [       1205      434.18]
  [     1377.3      542.71]
  [     1178.1      538.32]
  [     1310.6      625.55]
  [       1229      615.96]
  [     1323.1      667.45]
  [     1225.2      662.28]
  [     1318.3       830.1]
  [     1216.9      826.55]
  [     1318.4      987.12]
  [     1220.1      973.85]]

 [[     1407.4      278.52]
  [     1411.8      253.92]
  [          0           0]
  [     1455.1      251.77]
  [          0           0]
  [     1509.4      380.49]
  [     1512.3       372.6]
  [     1470.9      582.81]
  [          0           0]
  [       1409      730.48]
  [          0           0]
  [     1496.5      751.36]
  [     1490.6      740.31]
  [     1504.5      1004.6]
  [          0           0]
  [          0           0]
  [          0           0]]]