[[[     535.46      467.12]
  [     544.44      460.89]
  [     531.81      460.16]
  [     563.95       466.2]
  [          0           0]
  [      584.3      505.81]
  [     519.12      506.45]
  [     610.23      557.59]
  [     509.96      557.37]
  [     587.17      608.87]
  [     508.36      602.54]
  [      571.2      622.74]
  [     527.43       622.5]
  [     577.63      702.53]
  [     533.68      703.55]
  [     587.39      785.18]
  [     540.32      785.14]]

 [[     349.67      479.24]
  [          0           0]
  [     341.67      471.68]
  [          0           0]
  [     320.53      475.23]
  [     347.69      518.95]
  [     300.91      517.89]
  [          0           0]
  [     299.86      577.56]
  [          0           0]
  [     343.07      611.34]
  [     344.52      634.84]
  [     310.64      635.76]
  [     338.95      721.77]
  [     305.99      723.29]
  [     319.77      805.22]
  [     287.13      807.44]]

 [[          0           0]
  [          0           0]
  [          0           0]
  [          0           0]
  [     413.95      479.38]
  [     347.88      525.72]
  [      422.3      525.82]
  [     325.51      589.56]
  [     441.34      591.26]
  [     363.15      615.41]
  [     451.51      627.74]
  [     353.85      651.52]
  [     406.56      652.81]
  [     361.48       735.1]
  [     420.39      738.05]
  [     346.78      820.91]
  [     412.76      834.57]]]