[[[     581.04      386.73]
  [     595.43      378.01]
  [     575.58      376.05]
  [     623.85      387.83]
  [          0           0]
  [     649.65      445.49]
  [     560.87      445.27]
  [     679.93       530.1]
  [     546.71      526.24]
  [     640.73      604.88]
  [     535.68      594.72]
  [      621.9      621.84]
  [     563.44      621.33]
  [     622.63      746.03]
  [     569.77      744.61]
  [     632.31      865.28]
  [     584.22      858.85]]

 [[          0           0]
  [          0           0]
  [          0           0]
  [          0           0]
  [     315.14      372.02]
  [     208.31      451.65]
  [     325.17      454.15]
  [          0           0]
  [     349.29      567.34]
  [          0           0]
  [     370.63      634.47]
  [     229.08       674.7]
  [     304.51      677.74]
  [     270.37      827.63]
  [     299.77      837.96]
  [     271.17      975.44]
  [      260.1      986.81]]]