[[[     15.151      462.13]
  [     14.523      445.26]
  [          0           0]
  [     27.924      426.93]
  [          0           0]
  [     53.612      489.13]
  [     142.72      485.82]
  [     66.981       600.7]
  [          0           0]
  [     61.882      698.83]
  [          0           0]
  [     75.016      714.12]
  [     147.32      710.44]
  [          0           0]
  [          0           0]
  [          0           0]
  [          0           0]]

 [[      847.8      430.24]
  [     847.67      416.05]
  [          0           0]
  [     867.89      397.35]
  [          0           0]
  [      896.7       441.6]
  [     954.55      440.88]
  [      926.1      540.29]
  [     987.46       537.9]
  [     907.03      633.65]
  [          0           0]
  [     911.72      638.11]
  [     963.95      633.96]
  [     865.52      774.27]
  [     962.16      770.53]
  [      863.8      915.18]
  [     1050.3       894.2]]

 [[     444.89      469.06]
  [     451.16      458.22]
  [          0           0]
  [      478.9      453.81]
  [          0           0]
  [     496.06      501.37]
  [     505.13      498.58]
  [      506.2      569.36]
  [     482.74       541.9]
  [     458.33      608.22]
  [     450.23      501.79]
  [     497.65      647.28]
  [     515.46      645.78]
  [     459.34       739.7]
  [     524.27      750.21]
  [     461.06      841.97]
  [          0           0]]]