[[[     255.25      488.12]
  [     268.73      476.35]
  [     244.79      474.92]
  [     292.88      475.72]
  [     231.54      472.94]
  [      314.7      530.47]
  [     205.88      519.58]
  [      345.9      599.15]
  [     124.15      508.34]
  [     372.66      656.68]
  [     67.119      481.57]
  [     299.15      692.29]
  [     233.19      692.79]
  [      319.5      804.72]
  [     243.83      809.06]
  [     332.15      910.74]
  [     250.88       922.8]]

 [[          0           0]
  [          0           0]
  [          0           0]
  [          0           0]
  [     592.16      359.47]
  [     466.84      419.64]
  [     603.98      419.29]
  [     398.94      539.88]
  [     638.85      527.25]
  [     422.03      643.05]
  [     668.74      629.24]
  [     480.71       648.9]
  [     568.78      654.19]
  [     512.03      813.58]
  [     584.37      836.85]
  [     449.68      978.56]
  [     578.68        1020]]

 [[          0           0]
  [          0           0]
  [          0           0]
  [          0           0]
  [          0           0]
  [     675.34      524.63]
  [          0           0]
  [     698.26      585.23]
  [          0           0]
  [     689.17      619.98]
  [          0           0]
  [     661.88      651.92]
  [     613.83      651.51]
  [     654.98      746.79]
  [     608.27      746.92]
  [     648.78         836]
  [     604.32      834.33]]]