[[[     243.42      464.72]
  [     245.55      457.56]
  [     234.53      455.88]
  [          0           0]
  [     206.06      459.45]
  [     235.41      511.59]
  [     180.86      505.67]
  [          0           0]
  [     170.96      569.77]
  [          0           0]
  [     224.03      608.51]
  [        229       637.2]
  [      190.6       637.3]
  [          0           0]
  [     202.65      734.47]
  [          0           0]
  [          0           0]]

 [[          0           0]
  [          0           0]
  [          0           0]
  [          0           0]
  [      306.5      452.36]
  [     228.23      510.71]
  [     322.69      507.39]
  [     215.21      595.43]
  [     340.72      588.03]
  [     237.36      630.97]
  [     352.28      630.74]
  [     240.08      661.53]
  [     306.19      659.78]
  [          0           0]
  [          0           0]
  [          0           0]
  [          0           0]]

 [[      474.4      453.47]
  [     485.22      446.99]
  [        471      444.89]
  [     507.56       453.6]
  [          0           0]
  [     526.12      499.24]
  [     455.22      496.25]
  [     549.19      558.81]
  [     444.84      552.83]
  [     520.07      613.28]
  [     442.96       605.3]
  [     500.83      625.88]
  [     453.35      622.54]
  [     505.85      713.16]
  [     444.84      711.66]
  [     499.59      804.84]
  [     448.75      791.83]]

 [[          0           0]
  [          0           0]
  [          0           0]
  [          0           0]
  [          0           0]
  [     1583.9      801.44]
  [       1643      800.95]
  [     1568.3      853.55]
  [          0           0]
  [     1556.7      898.83]
  [          0           0]
  [     1591.8      903.38]
  [     1633.8      902.87]
  [          0           0]
  [          0           0]
  [          0           0]
  [          0           0]]]