[[[     648.95      489.12]
  [     652.71      484.14]
  [     643.47       483.4]
  [          0           0]
  [     628.67      486.23]
  [     664.85      521.36]
  [     608.08      518.78]
  [     681.01      561.51]
  [     588.73      558.34]
  [      655.9      585.26]
  [     621.09      582.43]
  [     652.32      609.97]
  [     615.86      609.18]
  [     649.65      677.08]
  [     617.53      677.41]
  [     645.36      742.97]
  [     619.03         743]]

 [[     731.46      500.85]
  [     736.91      496.07]
  [     727.07      496.46]
  [     746.85      500.32]
  [          0           0]
  [     762.04      532.93]
  [     715.68      533.73]
  [     765.71      573.66]
  [     703.31      570.81]
  [          0           0]
  [     698.55      606.37]
  [     751.57      620.21]
  [     720.98      620.39]
  [     755.75      682.73]
  [     722.45      682.67]
  [     761.99       738.7]
  [     725.78      740.26]]

 [[          0           0]
  [     753.12      497.03]
  [          0           0]
  [     761.62      502.79]
  [          0           0]
  [     776.26      537.14]
  [      778.9      534.84]
  [     771.18      585.03]
  [          0           0]
  [     757.04      624.44]
  [          0           0]
  [     774.29      632.11]
  [     775.69      630.47]
  [     775.75      699.53]
  [     775.32      700.24]
  [     783.71      765.24]
  [      782.5      762.95]]]