[[[     1638.6      421.02]
  [     1641.5       413.9]
  [     1631.2      413.36]
  [          0           0]
  [     1607.1         416]
  [     1657.2      465.25]
  [     1575.6      464.73]
  [     1674.3      518.25]
  [       1565      524.47]
  [     1672.9      565.34]
  [     1579.5      569.46]
  [     1639.9      575.05]
  [     1587.1      574.08]
  [     1629.9      650.31]
  [     1575.9      645.83]
  [     1620.9      724.46]
  [     1574.2      711.02]]

 [[     1831.4      444.04]
  [     1839.5      435.93]
  [       1823      436.73]
  [     1853.6      436.25]
  [     1811.3      438.36]
  [     1874.3      475.56]
  [     1791.3      476.55]
  [     1876.2      519.46]
  [     1781.4      522.23]
  [     1874.2      520.18]
  [     1794.8      532.03]
  [     1854.3      592.32]
  [     1799.3       592.3]
  [     1853.5      673.05]
  [     1792.4      672.32]
  [          0           0]
  [          0           0]]]