[[[     1074.2      393.67]
  [     1082.5      386.29]
  [     1066.8      386.46]
  [     1095.4      392.38]
  [     1056.5      392.96]
  [     1117.6      446.72]
  [     1033.9      446.83]
  [     1131.8      511.68]
  [     1018.9      513.16]
  [     1136.8      567.89]
  [     1015.6      573.34]
  [     1100.5      577.99]
  [     1046.5      577.91]
  [       1103      666.01]
  [     1041.4      665.96]
  [     1104.9      744.41]
  [     1047.5      746.39]]

 [[     906.74      435.47]
  [     910.74      428.04]
  [     899.13      428.04]
  [          0           0]
  [     878.92      431.11]
  [     926.41      477.04]
  [     856.33      478.27]
  [     938.91         532]
  [     844.81      538.79]
  [     929.47      578.56]
  [     853.71      588.87]
  [     917.27      590.71]
  [     871.07      591.73]
  [     916.78      670.49]
  [     867.95      671.42]
  [     919.02      744.33]
  [     862.04      745.39]]

 [[     788.59      390.55]
  [          0           0]
  [     781.19      382.25]
  [          0           0]
  [     755.34      388.41]
  [     768.18      443.43]
  [     737.61      444.45]
  [     784.73      518.41]
  [     745.31      524.29]
  [     799.52      576.43]
  [     762.68      586.52]
  [     776.93      579.91]
  [     754.45      583.15]
  [     770.32      674.17]
  [     747.16      679.08]
  [     763.28      762.21]
  [      732.8         772]]]