[[[     1060.3      414.29]
  [     1067.3      406.42]
  [     1059.6      406.97]
  [     1091.7      409.14]
  [          0           0]
  [     1124.7      458.06]
  [     1050.6      459.91]
  [       1139      521.15]
  [     1035.5      520.72]
  [     1132.4       575.5]
  [     1029.1      577.22]
  [     1105.9      583.88]
  [     1056.5         583]
  [     1107.7      667.08]
  [     1052.9      665.84]
  [     1112.9      741.87]
  [     1056.1      743.98]]

 [[     925.07      445.47]
  [     926.73       438.9]
  [     917.25      439.06]
  [          0           0]
  [     894.88      444.57]
  [     939.04      489.89]
  [     874.37      491.23]
  [     951.53      540.02]
  [      862.7      547.97]
  [     943.68      582.41]
  [     873.69      594.17]
  [     931.85      597.09]
  [     888.96      598.25]
  [     930.35      671.94]
  [     886.58       672.2]
  [     931.72      741.35]
  [     878.99      744.49]]

 [[     810.46      409.38]
  [          0           0]
  [     803.75      401.42]
  [          0           0]
  [     779.06      406.42]
  [     788.82      457.02]
  [     763.36      457.44]
  [     800.23      528.04]
  [     771.91      532.18]
  [     816.21       581.9]
  [     787.66      592.57]
  [     797.19      586.02]
  [     777.73      588.92]
  [     793.09      673.45]
  [     771.96       678.2]
  [     787.44      755.96]
  [     759.29      765.43]]]