[[[     1496.2      337.95]
  [     1506.8      322.89]
  [     1492.4      325.71]
  [     1548.7      323.03]
  [          0           0]
  [     1606.4      406.14]
  [     1476.3      412.26]
  [     1635.1      505.25]
  [     1445.5      508.25]
  [     1632.1      589.86]
  [     1434.3      589.07]
  [     1573.2      603.12]
  [     1486.7      602.04]
  [     1570.5      731.45]
  [     1473.6      726.64]
  [     1568.2      845.87]
  [     1477.4      840.41]]

 [[       1270      401.97]
  [     1276.2       391.7]
  [       1259      391.03]
  [          0           0]
  [     1229.1      394.07]
  [     1295.4      458.39]
  [     1195.4      462.61]
  [       1329      524.06]
  [     1178.3      546.82]
  [     1325.4      581.89]
  [     1193.8      614.02]
  [       1281      616.11]
  [       1215      618.06]
  [     1277.9      728.85]
  [     1209.9       730.2]
  [     1279.2       833.5]
  [       1202      826.01]]

 [[     1102.7      343.24]
  [          0           0]
  [     1094.5      330.44]
  [          0           0]
  [     1061.5      335.66]
  [     1067.9      410.76]
  [     1037.5       415.1]
  [     1082.9      515.34]
  [     1048.5       526.3]
  [     1102.8       596.4]
  [     1078.2      610.77]
  [     1078.4      600.46]
  [     1054.2      604.08]
  [     1072.2      730.29]
  [     1040.4      735.46]
  [     1061.1      841.71]
  [       1021       863.4]]]