[[[     1455.9       317.8]
  [     1465.8      301.02]
  [       1451      305.48]
  [     1510.9       299.3]
  [          0           0]
  [     1573.5       388.8]
  [     1435.3      395.82]
  [     1601.3      495.49]
  [     1405.1      498.97]
  [     1605.1      586.28]
  [     1391.7      585.97]
  [       1541      599.88]
  [     1448.4      600.91]
  [     1539.4       734.8]
  [       1438      732.14]
  [     1540.6      855.94]
  [     1441.2       849.4]]

 [[     1214.1      380.33]
  [     1221.8      370.03]
  [     1203.2      368.65]
  [          0           0]
  [     1175.3       375.8]
  [     1244.3      447.74]
  [     1140.7      450.81]
  [     1263.7      530.36]
  [     1126.2      541.28]
  [     1249.4      596.11]
  [     1144.6      609.98]
  [     1234.3         618]
  [     1164.9       620.7]
  [     1231.6      733.43]
  [     1161.7       737.5]
  [     1234.4      839.81]
  [     1152.6      840.97]]

 [[     1037.2      317.84]
  [          0           0]
  [       1027      304.88]
  [          0           0]
  [     989.79      310.85]
  [     1002.9      392.88]
  [     963.25      396.86]
  [     1017.2      509.18]
  [     974.94      513.16]
  [       1043      597.14]
  [     1010.4      607.92]
  [     1019.5       599.7]
  [     990.62      605.06]
  [     1011.6      741.82]
  [     983.06      748.41]
  [       1001      859.87]
  [     962.43      887.41]]]