[[[     1492.3      338.88]
  [       1503      323.85]
  [       1489      326.04]
  [     1544.7      325.29]
  [          0           0]
  [     1600.6      407.19]
  [     1470.6      413.41]
  [     1625.6      505.79]
  [     1440.2      509.83]
  [       1627      589.45]
  [     1427.9      589.99]
  [       1570      600.95]
  [     1482.9      602.37]
  [     1564.5       727.6]
  [       1472      724.89]
  [     1564.1       842.8]
  [     1470.6       835.6]]

 [[       1265      405.87]
  [     1270.9      394.71]
  [     1254.2      394.88]
  [          0           0]
  [     1224.8      397.55]
  [     1290.4      463.26]
  [     1191.2      463.51]
  [     1310.8      538.39]
  [     1176.9      545.47]
  [     1310.4      604.88]
  [       1190      613.74]
  [     1277.6      624.22]
  [     1211.8      624.72]
  [     1275.7      730.03]
  [     1207.5      731.38]
  [     1275.7      829.19]
  [     1199.8       827.3]]

 [[     1099.7      346.06]
  [          0           0]
  [       1092      333.22]
  [          0           0]
  [     1060.2      337.64]
  [     1064.4      411.46]
  [     1036.2      415.26]
  [       1078      515.77]
  [     1046.2      525.03]
  [          0           0]
  [       1076      609.09]
  [     1075.6      600.27]
  [     1052.7      603.68]
  [     1069.8      729.55]
  [     1038.3      734.73]
  [     1059.1      838.83]
  [     1017.7      860.86]]]