[[[     1197.2      322.22]
  [     1209.6      308.07]
  [     1189.5       310.7]
  [     1244.8      313.37]
  [          0           0]
  [       1286      401.13]
  [     1163.6      401.06]
  [     1310.1      502.41]
  [     1133.4      504.29]
  [     1313.6         589]
  [     1126.6      590.82]
  [     1258.9      600.77]
  [     1178.2       598.7]
  [     1259.2      732.41]
  [     1165.7      731.57]
  [       1254      845.64]
  [     1170.2      849.77]]

 [[     951.95      380.53]
  [     961.14      370.69]
  [      940.2      369.51]
  [          0           0]
  [     914.86      378.08]
  [     986.57      451.55]
  [        883      450.73]
  [     1006.9      534.51]
  [     866.91      542.54]
  [     991.49      597.96]
  [     881.68      616.85]
  [     973.43      623.04]
  [      904.1       624.1]
  [     973.38      740.85]
  [     901.42         746]
  [     976.07      850.34]
  [     892.97      848.71]]

 [[     778.34      309.68]
  [          0           0]
  [     768.37      295.36]
  [          0           0]
  [     727.34      300.55]
  [     738.26      385.14]
  [     698.48      388.98]
  [     750.84      509.97]
  [     713.83      514.32]
  [     779.74      601.71]
  [     750.46      616.15]
  [     755.87      606.96]
  [     728.43      612.89]
  [     745.04      759.71]
  [     715.23      764.87]
  [     738.34      881.91]
  [     691.97       910.1]]]