[[[     933.82       343.9]
  [     945.79      332.55]
  [     919.61      330.04]
  [          0           0]
  [     889.97      341.43]
  [     979.22      435.46]
  [     847.27      430.13]
  [     1006.1      537.28]
  [     800.75      533.77]
  [     1005.7      621.67]
  [     823.02       617.8]
  [     956.53      643.93]
  [     869.73      643.64]
  [     955.83      788.02]
  [     866.22      792.32]
  [     960.39      920.39]
  [     854.65      922.97]]

 [[     1217.9      280.45]
  [     1230.6      262.33]
  [     1211.1      267.26]
  [     1279.1      264.91]
  [          0           0]
  [     1339.4      370.99]
  [     1187.7      373.12]
  [     1369.3      493.28]
  [     1155.1      498.44]
  [     1378.9      595.12]
  [     1151.6       605.2]
  [     1310.6      611.58]
  [     1208.7      610.68]
  [     1311.3      770.57]
  [     1192.9      773.05]
  [     1301.6      916.92]
  [     1189.9      918.66]]

 [[     708.55      245.73]
  [          0           0]
  [     698.43      226.41]
  [          0           0]
  [     650.69      229.12]
  [     661.98      347.65]
  [     603.61      345.52]
  [      676.4      505.14]
  [     620.78      514.86]
  [      714.4       621.7]
  [     669.04      643.22]
  [      681.6      628.98]
  [     641.76      634.61]
  [     666.23      815.83]
  [     622.85      828.63]
  [     654.63      973.16]
  [     593.94      1019.4]]]