[[[     1291.1      252.75]
  [     1307.3       237.4]
  [     1275.1       235.4]
  [     1326.2      250.48]
  [     1245.9      245.38]
  [     1363.2      361.31]
  [     1190.4      357.89]
  [     1389.4      488.43]
  [     1155.7      495.85]
  [     1402.1       600.7]
  [     1154.6      615.29]
  [     1332.4      620.28]
  [     1219.1      619.17]
  [       1333       788.7]
  [     1203.3      792.95]
  [     1320.4      949.86]
  [     1202.6      953.74]]

 [[     991.24      337.01]
  [     1006.9       323.4]
  [     976.68      319.41]
  [          0           0]
  [     943.17      323.85]
  [     1020.4      429.92]
  [     888.21      416.54]
  [     1037.1      524.22]
  [     831.44       527.1]
  [       1070      566.11]
  [      861.5      626.31]
  [      977.9      658.38]
  [        892      654.01]
  [     970.17       817.4]
  [     865.27      817.24]
  [     944.71      952.06]
  [     834.12      960.13]]

 [[     674.25      211.12]
  [          0           0]
  [     661.09      189.11]
  [          0           0]
  [     602.86      189.77]
  [     623.59      321.85]
  [     551.95      322.43]
  [     643.51      500.73]
  [     572.01      507.65]
  [     685.01      628.62]
  [     625.28      657.05]
  [      640.8      640.03]
  [     591.11      646.94]
  [     624.95      854.49]
  [     569.71      867.37]
  [      613.3      1032.9]
  [     535.54      1062.9]]]