[[[     1094.3      418.24]
  [     1101.4      412.18]
  [     1088.4      412.73]
  [       1114      418.81]
  [     1081.3      420.39]
  [     1133.7      465.09]
  [     1063.3      465.66]
  [     1147.1      520.63]
  [     1050.8         522]
  [     1152.1      569.58]
  [     1046.5      573.32]
  [     1119.4      576.82]
  [     1073.1      576.76]
  [     1122.9      654.51]
  [       1069      652.79]
  [     1125.5      720.21]
  [     1072.3       721.3]]

 [[     943.24      455.42]
  [     949.53      449.03]
  [     937.42      449.93]
  [     961.05      452.32]
  [     930.42      454.85]
  [     978.37      491.91]
  [     916.99      493.97]
  [     986.36      540.02]
  [      905.5      543.14]
  [     975.93      576.42]
  [     914.04      584.71]
  [     966.73      588.68]
  [     926.56      589.22]
  [     967.91      657.44]
  [     926.16       657.1]
  [     972.34      721.56]
  [     921.34      722.25]]

 [[     852.35      424.16]
  [          0           0]
  [     846.61      416.96]
  [          0           0]
  [     825.26      420.63]
  [     833.33      465.22]
  [     810.83      465.57]
  [     840.62      527.28]
  [     817.54       531.8]
  [     855.64      574.87]
  [     835.52      584.41]
  [     842.45      576.87]
  [     826.37      579.22]
  [      838.3      658.35]
  [     819.71      661.39]
  [     833.56      730.47]
  [     810.67      738.71]]]