[[[     1079.3      396.68]
  [     1087.8      387.45]
  [     1072.2      387.76]
  [     1102.7      392.21]
  [     1063.5      393.89]
  [     1125.2      447.27]
  [     1042.7      447.92]
  [     1143.2      515.28]
  [       1025      516.36]
  [       1147      570.45]
  [     1020.5      574.46]
  [     1110.7      580.88]
  [     1056.2      582.11]
  [     1110.9      671.08]
  [     1051.4      671.84]
  [     1117.6      748.67]
  [     1052.1      748.74]]

 [[     909.97      437.16]
  [     914.11       429.8]
  [      902.2       429.7]
  [          0           0]
  [     881.31      432.77]
  [     930.73      479.39]
  [     858.08      480.64]
  [     943.83      534.77]
  [      847.2      541.99]
  [     932.63      583.35]
  [     855.93      592.62]
  [     920.42       594.3]
  [     872.67      595.17]
  [     919.32       675.2]
  [     869.77      675.62]
  [     922.54      749.01]
  [     864.36      751.32]]

 [[      789.8      391.61]
  [          0           0]
  [     782.91       383.1]
  [          0           0]
  [     757.61      388.46]
  [     766.06      442.66]
  [      741.1      443.37]
  [     781.71      518.91]
  [     752.92      522.97]
  [     798.21      579.49]
  [     771.48      586.02]
  [     775.49      583.53]
  [     756.08      586.67]
  [     773.19      677.56]
  [     748.66      681.86]
  [     763.78      767.26]
  [     732.58       776.2]]]