[[[     1098.6      411.63]
  [     1105.5      404.75]
  [     1091.7      405.52]
  [     1116.3      410.54]
  [     1082.4      412.32]
  [     1137.8      459.12]
  [     1063.4       460.1]
  [     1151.2      518.04]
  [     1050.5      519.34]
  [     1156.6      569.66]
  [     1046.8      574.26]
  [     1125.3      576.98]
  [     1076.8      577.12]
  [     1128.2      659.28]
  [     1072.3      657.08]
  [     1130.4      729.83]
  [     1072.5       730.7]]

 [[     947.09      451.28]
  [     951.28      444.88]
  [     940.11      444.83]
  [          0           0]
  [     922.68      448.21]
  [     966.05      489.74]
  [     902.88       490.7]
  [     976.18      538.03]
  [      891.5      543.76]
  [     968.05       578.7]
  [     900.66      586.88]
  [     957.44       590.7]
  [        916      591.45]
  [     957.05      662.51]
  [      915.2      662.26]
  [     958.72      728.34]
  [     908.89      730.37]]

 [[     837.54       412.5]
  [          0           0]
  [     832.31      404.71]
  [          0           0]
  [     812.55      409.64]
  [     810.67      455.17]
  [     800.87      458.08]
  [          0           0]
  [     814.77       528.6]
  [          0           0]
  [     832.03      583.55]
  [     818.57      577.89]
  [     810.08      581.16]
  [     821.66      662.71]
  [     806.24      667.09]
  [     821.03      740.81]
  [     798.32      750.86]]]