[[[     1337.2      327.61]
  [     1345.6       311.1]
  [     1330.9      317.14]
  [     1385.5      307.81]
  [          0           0]
  [     1440.5      395.08]
  [     1316.5      400.78]
  [       1468      496.75]
  [     1286.1      501.29]
  [     1469.8      584.57]
  [     1275.2      585.76]
  [     1410.3      597.33]
  [     1327.4      596.14]
  [     1411.5      729.97]
  [     1315.3       726.7]
  [     1412.3      846.68]
  [     1324.7       845.1]]

 [[     1103.7         383]
  [     1110.8      372.99]
  [     1092.4      371.41]
  [          0           0]
  [     1063.4      377.73]
  [     1130.9      451.61]
  [     1030.4      450.54]
  [     1151.1      532.04]
  [     1015.9      540.24]
  [     1137.7      594.11]
  [     1034.6      611.89]
  [     1120.6      619.59]
  [     1053.3      620.59]
  [     1121.8      732.67]
  [     1051.1      737.37]
  [     1125.1      839.48]
  [     1046.4      839.12]]

 [[     928.28      318.11]
  [          0           0]
  [     918.57      304.87]
  [          0           0]
  [      881.4      310.84]
  [     893.96      393.31]
  [     853.83      398.01]
  [          0           0]
  [     867.57      514.81]
  [     933.23      599.89]
  [     902.17      611.46]
  [     909.01      601.02]
  [      880.5      606.62]
  [     899.06         744]
  [     873.21      750.47]
  [     893.09      865.19]
  [      856.6      891.35]]]