[[[     1216.3      362.11]
  [     1226.7      351.51]
  [     1208.2      352.74]
  [     1246.7      359.22]
  [     1199.1      362.74]
  [     1274.5      428.37]
  [     1175.1      428.06]
  [     1291.2      508.49]
  [     1152.4      510.51]
  [     1294.7      576.94]
  [     1144.7      581.75]
  [     1252.9      587.95]
  [     1186.6      588.03]
  [     1250.1      694.38]
  [     1175.5      692.71]
  [     1250.2      783.62]
  [     1178.1      783.61]]

 [[     1006.8      420.24]
  [     1013.5      411.06]
  [     997.45      411.02]
  [          0           0]
  [     977.19      415.39]
  [     1035.9      471.44]
  [      953.5      471.18]
  [     1050.7      533.57]
  [     940.79      540.39]
  [     1039.3      588.89]
  [      951.3      598.81]
  [     1025.5      607.32]
  [     971.19      607.58]
  [     1024.1      701.64]
  [     967.15      702.92]
  [     1022.1      784.06]
  [     957.44      782.54]]

 [[     875.95      369.43]
  [          0           0]
  [     869.44      358.23]
  [          0           0]
  [     840.86      361.29]
  [     848.31      426.68]
  [     816.78      427.85]
  [     863.17      517.09]
  [        827      519.73]
  [     878.41      585.97]
  [     849.86      596.31]
  [     857.17      591.42]
  [     834.08      593.55]
  [     847.25      702.07]
  [     821.64      704.78]
  [     838.77      798.55]
  [     805.06      812.27]]]