[[[     1129.3      413.49]
  [     1136.4       408.5]
  [     1123.2       408.2]
  [     1145.8       417.1]
  [     1114.5      416.57]
  [     1161.4      461.95]
  [     1094.1      461.77]
  [     1172.6      512.64]
  [     1081.3      514.69]
  [     1181.6       560.4]
  [     1075.2      566.76]
  [     1149.9      571.85]
  [     1105.1      572.04]
  [     1152.1      650.35]
  [     1100.6      650.85]
  [     1156.5      718.13]
  [     1104.1      721.09]]

 [[     978.75      457.05]
  [     984.39      450.47]
  [     971.96      451.13]
  [     992.26      453.65]
  [     961.01      455.02]
  [     1007.2      492.13]
  [     947.69      494.21]
  [     1016.8      539.22]
  [     935.52      544.99]
  [     1006.5      574.73]
  [     945.42      585.41]
  [     998.03      588.78]
  [     959.34      589.56]
  [     996.56      657.59]
  [     957.21      658.02]
  [     1000.1      719.64]
  [      951.6      721.58]]

 [[     883.66      425.35]
  [          0           0]
  [     879.02      417.59]
  [          0           0]
  [     859.01      420.35]
  [     857.24      462.68]
  [     845.62      464.58]
  [          0           0]
  [     856.74      531.73]
  [          0           0]
  [     872.47      585.12]
  [     867.77      576.41]
  [     857.89      579.01]
  [      867.7      656.69]
  [     852.99      658.31]
  [        864      728.05]
  [     840.55       736.5]]]