[[[     880.23      422.05]
  [     886.25      413.69]
  [     870.37      414.19]
  [          0           0]
  [     849.39      419.84]
  [     910.21      470.92]
  [     827.05       472.9]
  [     926.08      534.84]
  [     814.73      541.39]
  [     913.64      588.17]
  [      827.6      600.89]
  [     899.46      603.35]
  [     845.64      604.59]
  [     899.78      696.75]
  [     843.68      697.68]
  [     903.07      783.12]
  [     838.34      785.78]]

 [[     1090.3      374.18]
  [     1099.4      364.05]
  [     1081.3      364.58]
  [     1113.6      369.75]
  [     1068.3      371.37]
  [     1139.6      433.86]
  [     1043.2      432.85]
  [     1155.5      510.02]
  [       1024       511.1]
  [     1162.3       574.3]
  [     1018.2       578.5]
  [     1121.2      587.27]
  [       1057      587.17]
  [     1121.6      690.98]
  [     1049.8      689.92]
  [     1122.7      780.44]
  [     1053.7      780.52]]

 [[     750.81      369.78]
  [          0           0]
  [     743.59      358.68]
  [          0           0]
  [     713.94      361.45]
  [     721.02      426.37]
  [     692.45      429.13]
  [     734.91      515.09]
  [     701.04      522.27]
  [     752.02      584.06]
  [     726.03      596.15]
  [     729.24      593.68]
  [     708.34      596.76]
  [      724.6      705.35]
  [     697.59      709.46]
  [     713.91      801.37]
  [     680.61      817.23]]]