[[[     1200.5      299.29]
  [     1212.4      282.33]
  [     1195.3      286.43]
  [     1258.1      285.19]
  [          0           0]
  [     1314.4      382.96]
  [     1176.2      384.55]
  [     1337.6      495.77]
  [     1145.9      495.45]
  [     1340.8      591.74]
  [     1135.8      584.51]
  [     1281.9      605.11]
  [     1189.1      603.93]
  [       1278      751.45]
  [     1177.9      749.92]
  [     1277.7      876.29]
  [     1177.1       875.6]]

 [[     940.44      359.67]
  [     950.92      348.07]
  [     928.13      346.06]
  [          0           0]
  [     898.83      354.44]
  [     977.38      438.55]
  [     862.85      440.35]
  [     1000.2      531.27]
  [     842.09      543.37]
  [     982.84      601.96]
  [     864.73      623.26]
  [     962.74      630.79]
  [     886.63      632.81]
  [     960.77      761.48]
  [     882.14      765.85]
  [     960.79      880.28]
  [     871.63      884.06]]

 [[     741.96      273.69]
  [          0           0]
  [     730.83      256.58]
  [          0           0]
  [     684.33      260.69]
  [     702.03      364.36]
  [     649.19      364.77]
  [     721.56      503.74]
  [      662.3      512.07]
  [     749.02      599.97]
  [     706.97      623.63]
  [     717.93      617.15]
  [     682.04      622.62]
  [     707.92      783.02]
  [     661.82      793.73]
  [     696.44      926.06]
  [     639.48      958.08]]]