[[[     1097.6      409.66]
  [     1104.6      402.65]
  [     1090.8      403.33]
  [     1115.5      408.37]
  [     1081.7      410.15]
  [     1135.5      456.39]
  [     1063.4      457.57]
  [     1148.7      514.72]
  [     1050.3      517.03]
  [     1154.3      564.46]
  [     1047.6      570.58]
  [     1122.9      572.82]
  [     1075.9      573.39]
  [     1125.7      653.75]
  [     1070.4      654.35]
  [     1129.1      721.14]
  [     1074.8      724.08]]

 [[     962.01      448.49]
  [     965.85      442.26]
  [     954.85      442.48]
  [          0           0]
  [     937.63      446.73]
  [     979.77      486.28]
  [     918.99      487.04]
  [     988.79      534.17]
  [     907.16       539.8]
  [     978.72      573.71]
  [     915.05       584.2]
  [     968.05      586.15]
  [     928.23      586.39]
  [     963.65      657.52]
  [     925.17      656.77]
  [     962.19      720.28]
  [     919.04      722.23]]

 [[     842.82      411.42]
  [          0           0]
  [     836.56      404.04]
  [          0           0]
  [     814.99      409.39]
  [     821.71      456.04]
  [     802.37      457.96]
  [          0           0]
  [     811.04      527.83]
  [          0           0]
  [     827.33      581.97]
  [     829.92      572.87]
  [     815.74      575.47]
  [     827.47      656.33]
  [     812.21      658.54]
  [     824.36      733.03]
  [     802.07      740.27]]]