[[[       1249      252.74]
  [     1266.5      235.79]
  [       1236      237.69]
  [     1302.3       247.4]
  [          0           0]
  [     1350.5      357.21]
  [     1181.5      360.55]
  [     1377.9      486.81]
  [     1149.7      498.48]
  [     1395.5      596.41]
  [     1148.5      611.52]
  [     1324.5      615.22]
  [       1213       617.4]
  [       1328      785.15]
  [     1201.4      788.58]
  [     1317.8      940.26]
  [     1199.7      945.23]]

 [[     916.82      328.14]
  [     930.19      315.15]
  [     901.44      313.02]
  [          0           0]
  [     870.33      326.17]
  [     966.04      429.69]
  [      828.3      425.21]
  [     993.17       536.3]
  [     799.55      542.75]
  [     972.43      620.02]
  [     840.71      632.62]
  [     944.01      652.51]
  [     853.06      651.93]
  [     946.89      808.69]
  [     850.46       814.9]
  [     946.46      942.29]
  [     839.85      949.59]]

 [[      681.5       214.7]
  [          0           0]
  [     669.56      193.81]
  [          0           0]
  [     613.85      196.92]
  [     629.05      326.77]
  [     562.43      326.82]
  [     649.16      502.73]
  [     580.99      512.31]
  [     692.58      626.23]
  [     636.64       656.2]
  [     646.05      640.01]
  [     600.73      647.02]
  [     637.05      849.42]
  [     582.72      862.84]
  [     627.05      1027.4]
  [     548.86      1055.8]]]