[[[     1268.7      250.94]
  [     1285.7      235.11]
  [     1253.5      235.39]
  [     1311.1      248.58]
  [     1231.5      248.76]
  [     1355.7      358.22]
  [     1183.9      358.76]
  [     1383.8      487.13]
  [       1151      496.79]
  [     1399.9      599.27]
  [       1148      613.27]
  [     1327.1      618.14]
  [     1214.3      618.53]
  [     1327.4      789.59]
  [     1202.1      792.73]
  [       1320      950.48]
  [     1200.2      955.09]]

 [[     915.83      330.55]
  [     927.85      316.65]
  [     899.83       314.5]
  [          0           0]
  [     864.57      324.43]
  [     960.09      427.09]
  [      820.2      424.09]
  [     989.45      535.75]
  [      792.5      544.36]
  [      968.2      624.25]
  [      834.5      635.37]
  [     940.68      654.44]
  [     848.39      654.56]
  [     942.71      814.02]
  [     843.83      819.58]
  [     942.25      949.96]
  [      834.9      956.96]]

 [[     671.17      209.59]
  [          0           0]
  [      658.3      187.74]
  [          0           0]
  [     600.65      189.46]
  [     621.73      322.32]
  [     548.99      323.34]
  [     642.62      498.74]
  [     571.97      508.43]
  [     681.96      625.62]
  [      624.7      656.53]
  [     638.85      639.87]
  [     588.12      646.89]
  [     623.54      854.13]
  [     568.05      867.45]
  [     614.69      1029.5]
  [     536.12      1061.5]]]