[[[     1096.1      413.57]
  [       1103      407.16]
  [     1089.6       407.9]
  [     1114.1      413.65]
  [     1081.3      415.54]
  [     1134.7      460.48]
  [     1063.3       461.9]
  [     1148.2      517.19]
  [       1051      519.15]
  [     1152.3      567.05]
  [     1046.3       572.5]
  [     1120.9      573.98]
  [       1074      574.41]
  [     1124.5      653.65]
  [     1070.1      652.88]
  [     1127.9      718.62]
  [     1072.4       721.6]]

 [[        929       451.4]
  [     934.71      445.24]
  [     922.07      446.16]
  [      943.3      449.81]
  [     911.97       452.1]
  [     960.51      489.21]
  [     898.02      492.46]
  [     970.91       536.9]
  [     886.48      543.46]
  [     960.99      574.42]
  [     896.99      585.73]
  [     953.89      588.51]
  [     913.35       590.2]
  [      961.5      657.15]
  [     917.67      659.39]
  [     968.71      720.59]
  [     920.62      722.39]]

 [[     847.77      418.29]
  [          0           0]
  [     841.85      410.98]
  [          0           0]
  [     820.86      415.23]
  [     825.35      458.04]
  [     810.55      461.43]
  [          0           0]
  [     820.94      528.51]
  [          0           0]
  [      839.5      579.65]
  [     834.19      573.16]
  [     823.02      576.39]
  [     834.87      654.79]
  [     820.69      658.61]
  [     830.42      729.94]
  [     806.66      738.12]]]