[[[     1221.7      263.02]
  [     1235.2      243.25]
  [     1213.3      250.04]
  [     1286.9       246.1]
  [          0           0]
  [     1349.5         357]
  [     1185.7      363.31]
  [     1376.8      485.18]
  [     1155.2      493.67]
  [     1392.9      590.19]
  [     1151.7      604.28]
  [     1325.4      609.52]
  [     1215.4       612.8]
  [     1322.3      777.21]
  [     1199.9      776.94]
  [     1313.6      926.73]
  [     1197.6      927.69]]

 [[     929.95      331.59]
  [     942.54       319.9]
  [     914.67      316.72]
  [          0           0]
  [     882.61      328.44]
  [     976.73      427.77]
  [     837.01      421.51]
  [     1002.1      534.81]
  [     807.53      538.46]
  [     977.69      616.78]
  [     851.79      623.15]
  [     954.93      649.29]
  [     861.63      647.69]
  [     953.25      798.11]
  [     861.73      804.04]
  [     960.56      930.18]
  [     850.13      936.91]]

 [[     698.34       225.2]
  [          0           0]
  [     687.61      205.52]
  [          0           0]
  [     635.66       209.6]
  [     647.67      332.77]
  [     586.74      335.29]
  [     667.21      502.86]
  [     609.08      509.43]
  [     708.32      622.36]
  [     659.12      648.31]
  [     668.46      633.63]
  [     625.61      641.62]
  [     655.66      830.45]
  [     606.38      844.08]
  [     645.46      991.59]
  [     579.14        1037]]]