[[[     1219.7      272.72]
  [     1232.2      253.29]
  [       1212      259.84]
  [     1281.9      255.57]
  [          0           0]
  [     1343.4      365.14]
  [     1183.8      368.42]
  [     1371.2      489.05]
  [     1152.7      494.94]
  [     1384.8      592.21]
  [     1148.6      601.98]
  [     1320.2      608.91]
  [       1213      610.99]
  [     1316.2      772.88]
  [     1196.8      771.78]
  [       1306      921.87]
  [       1194      917.96]]

 [[     928.99      337.98]
  [     941.82      326.48]
  [     914.82      323.47]
  [          0           0]
  [     885.41      334.96]
  [     978.22      430.96]
  [     841.94      425.36]
  [     1007.5       528.1]
  [     795.65      532.49]
  [     993.31       605.7]
  [     841.12      614.17]
  [     954.98       638.3]
  [     864.93      637.75]
  [     952.11      789.08]
  [     862.64      793.41]
  [     957.98      926.68]
  [     851.19      929.56]]

 [[     701.93      237.77]
  [          0           0]
  [        692       217.4]
  [          0           0]
  [     641.24      218.75]
  [     653.87      339.57]
  [     592.97      340.85]
  [     671.36      502.68]
  [     614.79      509.46]
  [     709.97      621.89]
  [     664.63      644.46]
  [     674.31      632.49]
  [     631.44      639.06]
  [     655.81      826.09]
  [     611.77       836.3]
  [     646.65      980.41]
  [     584.23      1027.8]]]