[[[     1140.2      414.38]
  [     1147.1      408.87]
  [     1133.9      409.27]
  [     1157.5      416.38]
  [     1125.6      417.51]
  [     1175.8      461.94]
  [     1107.5       462.4]
  [     1186.4      515.61]
  [     1096.2      516.01]
  [     1194.4      563.69]
  [     1089.3      568.22]
  [     1162.4      572.84]
  [     1117.2      573.09]
  [     1164.2      650.81]
  [     1113.3      651.09]
  [     1169.5      717.38]
  [     1116.9      720.17]]

 [[     998.83      457.35]
  [     1002.4      451.19]
  [     992.34      451.51]
  [          0           0]
  [     976.07      454.57]
  [     1019.1      491.95]
  [     957.96      494.27]
  [     1030.5      537.56]
  [     948.67      544.11]
  [     1021.2       575.5]
  [     958.07      584.52]
  [     1011.8      587.78]
  [      971.6      589.04]
  [     1010.4      656.46]
  [     969.99      657.47]
  [     1013.5      720.44]
  [     963.96      721.24]]

 [[     896.83      425.87]
  [          0           0]
  [     891.81      418.08]
  [          0           0]
  [        871      420.92]
  [     873.36      463.99]
  [     856.84      465.76]
  [          0           0]
  [     866.11      532.68]
  [          0           0]
  [      882.5      584.28]
  [     883.33      575.95]
  [     869.93       578.7]
  [     882.13      655.36]
  [     864.68      657.98]
  [      876.9       728.9]
  [      851.9      736.04]]]