[[[     1088.2      392.54]
  [     1096.7      383.21]
  [     1081.1       383.9]
  [     1112.1      388.62]
  [     1072.2      390.75]
  [       1136      446.62]
  [     1051.6      447.12]
  [     1152.5      514.32]
  [     1032.8      517.04]
  [     1156.5      571.32]
  [     1029.7      574.31]
  [       1119      581.33]
  [     1063.7      581.82]
  [     1118.5      674.75]
  [     1058.8      674.37]
  [     1121.4      750.72]
  [     1058.6      753.65]]

 [[     795.63         387]
  [          0           0]
  [     788.94       377.9]
  [          0           0]
  [     762.46      383.24]
  [     772.29      439.18]
  [     742.92      440.38]
  [     787.68      520.24]
  [     753.38      522.35]
  [     803.74      578.32]
  [     774.21      587.25]
  [     782.55      584.75]
  [     761.86      586.83]
  [     769.71      683.01]
  [     746.57      684.67]
  [     764.58      764.12]
  [     733.77       777.5]]

 [[     914.06      434.28]
  [     918.75      426.89]
  [     906.19      426.56]
  [          0           0]
  [     885.51      429.59]
  [     936.98       477.7]
  [     862.43      478.74]
  [     948.83       533.8]
  [     851.82      541.76]
  [     938.09      581.71]
  [     860.97      592.86]
  [     927.25      594.46]
  [     878.25      595.37]
  [     924.85      677.65]
  [     875.37      678.86]
  [     929.02      752.55]
  [     871.11         756]]]