[[[     1199.1      302.29]
  [     1210.7      285.48]
  [     1194.9      289.33]
  [     1256.4      288.73]
  [          0           0]
  [     1313.7      384.99]
  [     1174.9       387.1]
  [     1334.7      496.97]
  [     1146.5      497.39]
  [     1338.6      591.24]
  [     1134.8      585.71]
  [     1283.1      604.31]
  [     1189.2      604.63]
  [     1275.5      750.04]
  [     1176.1      747.73]
  [     1275.2      874.52]
  [     1174.3      873.99]]

 [[     939.67      360.82]
  [        950      349.33]
  [     927.21      347.99]
  [          0           0]
  [     899.06      357.77]
  [     977.66      440.31]
  [     864.16      442.19]
  [     999.96      532.24]
  [     843.42      543.41]
  [      982.1      603.79]
  [     865.75      623.08]
  [     962.54      631.96]
  [     887.05      634.02]
  [     960.55      761.77]
  [     881.91      766.45]
  [     960.85         879]
  [     871.94      881.63]]

 [[     744.01      276.91]
  [          0           0]
  [     732.71       260.1]
  [          0           0]
  [     686.44      264.79]
  [     704.86      366.73]
  [     652.57      367.06]
  [     723.84      505.13]
  [     666.66      512.17]
  [     753.09      603.35]
  [     712.43      622.42]
  [     721.81       618.1]
  [     686.25      623.36]
  [     712.31      782.72]
  [      668.4      792.15]
  [     698.84      922.83]
  [     642.03      954.07]]]