[[[       1194      307.91]
  [     1205.7      291.54]
  [     1189.2      295.17]
  [     1250.4      294.26]
  [          0           0]
  [     1306.4      388.56]
  [     1170.6      391.04]
  [     1329.6      498.89]
  [     1143.5       499.6]
  [     1333.5      593.49]
  [     1133.1      587.87]
  [     1276.5       604.5]
  [     1185.3         604]
  [     1270.4      747.58]
  [     1174.3      746.35]
  [     1271.6      873.63]
  [     1174.4      873.95]]

 [[     939.38      366.11]
  [      949.4      354.55]
  [     927.12      353.18]
  [          0           0]
  [     899.06       362.1]
  [     976.21      443.39]
  [     864.47      445.64]
  [     999.03      534.06]
  [     844.07      546.32]
  [     981.84      604.21]
  [     866.47      624.59]
  [     962.28      631.41]
  [     887.94      633.66]
  [     961.12      760.12]
  [     882.47      764.91]
  [     961.19       876.7]
  [     872.68       880.3]]

 [[     748.65      282.78]
  [          0           0]
  [     737.08      266.77]
  [          0           0]
  [     692.06      272.24]
  [      708.7      370.27]
  [     660.17      371.22]
  [     727.34      508.11]
  [     672.77      515.19]
  [     757.44      608.92]
  [     715.94      622.57]
  [     724.99      619.24]
  [     691.83      624.47]
  [     717.37      781.31]
  [     674.23      790.28]
  [     703.09      919.27]
  [      648.7      950.13]]]