[[[     1076.6      394.25]
  [       1085      386.56]
  [     1069.2      386.79]
  [     1098.9      391.98]
  [     1059.2      392.75]
  [     1122.2      446.24]
  [     1037.5      447.19]
  [     1137.6      511.11]
  [     1022.6      514.56]
  [     1143.1      569.47]
  [     1018.5      575.71]
  [     1105.8      578.88]
  [     1051.4      579.15]
  [     1107.7      668.55]
  [       1047      669.16]
  [       1110      749.61]
  [     1050.6      752.22]]

 [[     908.57      436.75]
  [     912.52      429.48]
  [     901.06      429.35]
  [          0           0]
  [     880.64      432.31]
  [     928.89      479.22]
  [     857.26      480.15]
  [     941.81      534.09]
  [     845.44      540.34]
  [     931.48      581.01]
  [     855.03       591.1]
  [     919.07      593.29]
  [     872.07      594.17]
  [     918.23      673.97]
  [     869.77      674.83]
  [     920.75      747.62]
  [     863.87      750.56]]

 [[     788.53      390.78]
  [          0           0]
  [     781.28      382.34]
  [          0           0]
  [      755.5      388.05]
  [     765.81      442.88]
  [     739.48      443.41]
  [     782.48       519.1]
  [     750.32      523.36]
  [     798.69      577.72]
  [      767.8      585.98]
  [     775.24      582.87]
  [     755.32      585.85]
  [     771.46      676.48]
  [     748.39       680.6]
  [     763.33       765.7]
  [     732.57      774.69]]]