[[[     1075.6      414.82]
  [     1082.5       406.5]
  [     1073.4      407.51]
  [     1105.6      407.64]
  [          0           0]
  [     1135.5      457.64]
  [     1061.4      458.83]
  [     1150.8      520.97]
  [     1044.3      517.73]
  [     1153.1      573.81]
  [     1038.2      571.02]
  [     1116.4      579.65]
  [     1067.3      578.65]
  [     1119.3      661.79]
  [     1064.6      659.26]
  [     1123.5      730.44]
  [     1064.7      732.62]]

 [[     945.99      449.52]
  [     946.39      443.42]
  [     939.19      443.76]
  [          0           0]
  [     917.04      448.28]
  [     954.78      487.76]
  [      891.8      489.16]
  [     964.82      536.07]
  [      879.6      543.05]
  [     956.72      577.54]
  [     889.87      588.47]
  [     945.98      591.08]
  [     903.56      592.52]
  [     944.95      663.98]
  [     901.51      665.13]
  [     946.58      731.46]
  [     895.68      734.51]]

 [[     826.55      408.05]
  [     825.08      400.68]
  [     818.82      401.03]
  [          0           0]
  [     794.87      407.38]
  [     815.73      457.32]
  [     778.91      457.94]
  [     829.55      524.38]
  [     783.14      530.02]
  [     845.44      575.63]
  [     802.92      586.03]
  [     822.48      578.92]
  [     798.39      581.62]
  [     813.75      666.93]
  [     791.78      669.92]
  [     808.11       744.2]
  [     781.59      754.69]]]