[[[     1016.7      342.09]
  [     1031.8      328.15]
  [     1002.7      325.11]
  [          0           0]
  [     969.52       329.5]
  [     1034.4      430.64]
  [     919.97      421.01]
  [       1040      524.13]
  [     855.89      534.78]
  [     1084.5      552.96]
  [     860.95      640.89]
  [     993.01      654.79]
  [      918.4       650.9]
  [      976.8      815.65]
  [     883.19      815.45]
  [     943.79      952.53]
  [      835.3      959.61]]

 [[     1307.7      253.84]
  [     1323.9      239.32]
  [       1292      235.08]
  [     1339.1      252.65]
  [     1258.9      242.44]
  [     1369.7      363.51]
  [     1198.3       356.8]
  [     1396.6      491.29]
  [     1162.9      495.63]
  [     1411.3      598.57]
  [     1160.5      612.83]
  [     1336.7      623.53]
  [     1224.6      620.76]
  [     1333.8      793.58]
  [     1206.4      795.05]
  [     1321.2      953.77]
  [     1203.6      954.64]]

 [[     675.67      212.26]
  [          0           0]
  [     662.64      190.17]
  [          0           0]
  [     604.65      189.96]
  [     626.04      321.96]
  [     552.94      321.85]
  [      646.5      500.87]
  [     574.54      506.41]
  [     686.88      629.78]
  [     626.75      656.22]
  [     643.03      639.03]
  [     592.33       645.4]
  [      624.6      855.58]
  [     569.77      866.77]
  [     614.11      1030.5]
  [     535.09      1060.3]]]