[[[     1245.7      255.23]
  [     1262.7      237.58]
  [     1232.6      240.44]
  [     1300.4      247.49]
  [          0           0]
  [     1350.2         357]
  [     1182.9      362.21]
  [     1378.3      483.92]
  [     1151.7      499.93]
  [     1396.9      592.65]
  [       1150      612.26]
  [       1325      614.18]
  [     1214.5       616.8]
  [     1327.1      783.88]
  [     1202.3      786.91]
  [       1318      938.61]
  [     1201.1      943.84]]

 [[     919.94      328.91]
  [     933.34      316.14]
  [     904.87      313.72]
  [          0           0]
  [        874      326.67]
  [     968.97      430.79]
  [     831.39      425.67]
  [     995.56      537.81]
  [     801.86      543.34]
  [      973.2      622.87]
  [     842.54      632.01]
  [     947.02      653.37]
  [      856.1      652.44]
  [      949.9      809.08]
  [     853.34      815.07]
  [     949.77      940.66]
  [     842.78      947.11]]

 [[     686.51      216.14]
  [          0           0]
  [     674.37      195.49]
  [          0           0]
  [     618.07      199.78]
  [     631.96      328.03]
  [     569.35      328.68]
  [      653.8      501.59]
  [     588.44      510.18]
  [     697.18      624.81]
  [      641.5      653.66]
  [     649.95      637.86]
  [     607.41      644.82]
  [     641.44      845.31]
  [     589.07      856.96]
  [     629.82        1023]
  [     558.11      1051.4]]]