[[[     1188.3      313.57]
  [     1198.7      297.74]
  [     1183.8      301.24]
  [     1240.4      297.91]
  [          0           0]
  [     1296.8      390.09]
  [     1166.9      393.81]
  [     1324.9      498.35]
  [     1137.9      503.46]
  [     1325.2      593.33]
  [     1127.2      592.01]
  [     1267.8      605.32]
  [     1180.8      603.51]
  [     1268.7      744.36]
  [     1170.1      743.04]
  [     1266.5      863.14]
  [       1175      870.41]]

 [[     945.39      374.13]
  [     954.49      362.56]
  [     933.19      361.18]
  [          0           0]
  [      903.6      368.54]
  [     977.83      447.63]
  [     869.35      448.98]
  [     1000.6      536.31]
  [     849.16      546.71]
  [     982.84      606.43]
  [     869.46      624.17]
  [      963.8      631.73]
  [     891.85      633.58]
  [     963.86      756.28]
  [      887.3      760.59]
  [     963.45      869.18]
  [     878.07      873.34]]

 [[     757.12      290.42]
  [          0           0]
  [     745.94      274.97]
  [          0           0]
  [     702.47      280.56]
  [      715.2       375.3]
  [     672.79      376.12]
  [     733.88      509.36]
  [     685.32      514.37]
  [     761.48      608.07]
  [      724.3      620.17]
  [     730.59      616.32]
  [     701.38      621.42]
  [     722.42       774.4]
  [     684.08      784.14]
  [     710.71      908.35]
  [        661      943.25]]]