[[[     1512.1      313.62]
  [     1523.1      296.91]
  [     1507.8      300.82]
  [     1570.2      296.36]
  [          0           0]
  [     1633.3      387.42]
  [     1490.1      394.08]
  [     1662.4      494.98]
  [     1458.6      498.47]
  [     1664.5      587.41]
  [     1444.5      586.15]
  [     1596.9      600.46]
  [     1501.2      600.63]
  [     1594.7      739.41]
  [     1490.4      735.61]
  [     1593.9      863.16]
  [       1492      857.44]]

 [[       1263       379.4]
  [     1270.9         369]
  [     1251.9       367.6]
  [          0           0]
  [     1223.7      375.11]
  [     1294.4      447.93]
  [     1188.5      450.97]
  [     1313.3      531.55]
  [     1173.4      542.14]
  [     1298.2      596.73]
  [     1191.7      610.63]
  [     1282.4      619.44]
  [     1211.3      622.03]
  [     1279.5      735.29]
  [     1207.5      739.65]
  [       1281      843.34]
  [     1197.1      843.57]]

 [[       1085      317.48]
  [          0           0]
  [     1074.3      304.93]
  [          0           0]
  [     1037.3      312.25]
  [     1051.4      393.68]
  [     1011.2      397.79]
  [       1064      509.59]
  [     1022.2      513.61]
  [     1089.8      597.47]
  [     1057.8      607.85]
  [     1066.6       601.2]
  [     1037.2      606.31]
  [     1056.6      743.34]
  [     1026.5      748.91]
  [     1046.1      861.61]
  [     1006.9      888.29]]]