[[[     940.91      353.96]
  [     950.98      343.06]
  [     926.45      339.86]
  [          0           0]
  [     892.87       347.4]
  [     978.34      434.95]
  [     852.48      432.22]
  [     1008.9      513.02]
  [     827.86      529.85]
  [     1028.4       533.8]
  [     886.27      542.77]
  [     958.56      642.57]
  [     874.24      643.48]
  [      959.9      782.57]
  [     871.07      788.06]
  [      960.4      912.45]
  [      858.5      918.99]]

 [[       1217         285]
  [     1229.7      266.54]
  [     1211.2      271.37]
  [     1278.9      269.76]
  [          0           0]
  [     1338.6      374.69]
  [     1186.5      377.86]
  [     1365.2      495.76]
  [     1156.5      501.29]
  [     1379.4      593.75]
  [     1148.6      603.94]
  [     1313.5      610.27]
  [       1211      612.21]
  [     1305.1      766.66]
  [     1195.6      767.41]
  [     1299.5      909.43]
  [       1190      911.05]]

 [[     713.85      252.05]
  [          0           0]
  [     703.63      233.77]
  [          0           0]
  [      656.6       237.7]
  [     659.68      351.17]
  [     614.19      351.88]
  [      679.4      507.88]
  [     631.42      516.36]
  [     720.59      620.13]
  [     679.46      643.06]
  [     681.99      629.73]
  [     650.67      636.48]
  [        673      814.67]
  [     631.96      825.64]
  [     666.46      971.55]
  [     604.51      1010.9]]]