[[[     1098.1      380.45]
  [     1106.9      371.14]
  [     1090.1      371.29]
  [     1121.4      376.49]
  [     1079.6       377.6]
  [       1145      434.35]
  [     1057.7      434.73]
  [     1159.6      502.72]
  [     1039.8      506.74]
  [     1166.7      560.82]
  [     1036.6      568.38]
  [     1127.7      574.24]
  [     1069.9      574.83]
  [     1128.5      667.72]
  [     1064.4      667.71]
  [     1128.4      746.42]
  [     1068.5      747.97]]

 [[     921.74      423.91]
  [      924.2      416.03]
  [      912.9      416.84]
  [          0           0]
  [     888.49       421.5]
  [     938.36      467.69]
  [     863.62      470.63]
  [     951.25      525.64]
  [     851.44      533.91]
  [     940.44      575.54]
  [     862.23      587.41]
  [      927.8      587.35]
  [     878.91      589.49]
  [     927.69      671.71]
  [     880.11      672.78]
  [     931.28      749.62]
  [     873.81      753.14]]

 [[     793.64      375.87]
  [          0           0]
  [     786.38      366.47]
  [          0           0]
  [     759.59       372.2]
  [     769.94       430.6]
  [     740.79       430.8]
  [     783.92      512.78]
  [     752.14      514.45]
  [     801.26      572.75]
  [     772.21      580.93]
  [     781.71      580.32]
  [     758.82      581.77]
  [     770.62      678.77]
  [     746.26      681.11]
  [     763.39      762.49]
  [     733.79      775.65]]]