[[[     1476.2      338.03]
  [       1487      329.34]
  [     1465.2      330.01]
  [     1500.8      344.78]
  [     1446.7      346.01]
  [     1531.8      419.05]
  [     1413.4      418.52]
  [     1550.3      505.58]
  [     1385.8      510.29]
  [     1560.1      582.24]
  [     1380.5      587.35]
  [     1507.2         596]
  [     1428.4      595.73]
  [       1507      712.08]
  [     1419.5       711.7]
  [       1506      813.73]
  [     1424.1      810.42]]

 [[     1226.9      412.47]
  [     1234.5      402.92]
  [     1216.8       402.5]
  [          0           0]
  [     1194.2      406.44]
  [     1258.9      465.06]
  [     1165.8       467.3]
  [     1277.6      536.08]
  [     1154.4      545.45]
  [     1262.2      592.51]
  [     1168.7      607.84]
  [     1248.2      611.42]
  [     1184.7      610.83]
  [     1247.9      711.62]
  [     1182.1      711.73]
  [     1246.1      803.24]
  [     1170.9       801.4]]

 [[     1082.7      360.96]
  [          0           0]
  [     1074.6      349.41]
  [          0           0]
  [     1043.7      353.97]
  [     1055.8      423.55]
  [     1021.5      427.31]
  [     1069.4      516.49]
  [     1030.9      525.03]
  [     1084.8      587.35]
  [     1058.5      600.38]
  [     1063.7      595.59]
  [     1038.7      598.98]
  [     1055.9      713.27]
  [     1027.3       717.5]
  [     1045.6      814.81]
  [     1008.7      833.17]]]