[[[     1460.8      343.96]
  [     1470.9      333.44]
  [     1449.8      335.91]
  [     1487.4      344.18]
  [     1434.4      350.02]
  [     1519.9      417.83]
  [     1405.8      419.29]
  [     1538.1      504.57]
  [     1379.9      506.05]
  [     1542.1      577.97]
  [     1370.7      579.11]
  [     1494.7      588.97]
  [     1418.5       589.2]
  [     1492.9      703.38]
  [     1408.9      701.46]
  [     1494.3         805]
  [     1411.9      799.54]]

 [[     1218.6      410.73]
  [     1226.2      401.28]
  [     1208.5      401.55]
  [          0           0]
  [     1188.4      406.58]
  [     1254.4      463.62]
  [     1162.8      465.63]
  [     1272.5      532.42]
  [     1152.3      541.43]
  [     1256.7      587.88]
  [     1166.4      601.18]
  [     1242.2       606.7]
  [     1179.8      605.83]
  [     1242.9      703.66]
  [     1179.3      703.65]
  [     1242.6       792.2]
  [     1170.2      790.61]]

 [[     1082.9       362.8]
  [          0           0]
  [     1075.1      351.33]
  [          0           0]
  [     1045.7      355.22]
  [     1056.4      424.21]
  [     1023.6      426.55]
  [     1069.1      515.12]
  [       1031      521.11]
  [     1086.2       585.4]
  [       1059      596.48]
  [     1063.5      591.87]
  [     1039.7      594.77]
  [     1058.1      705.32]
  [     1028.4      709.44]
  [     1047.7      803.29]
  [     1011.3      818.54]]]