[[[     1097.2      410.38]
  [       1104      403.73]
  [     1090.5      404.42]
  [     1114.5      409.69]
  [     1081.3      411.36]
  [     1135.4      457.12]
  [     1062.3      458.67]
  [     1147.9      514.32]
  [     1050.3      516.64]
  [     1154.3      564.07]
  [     1046.7      570.52]
  [     1122.7      572.27]
  [     1074.9       572.8]
  [     1126.1      652.82]
  [     1071.3      652.22]
  [     1128.8      721.82]
  [     1073.1      722.19]]

 [[     957.07      449.13]
  [     960.65      442.88]
  [     950.07      443.46]
  [          0           0]
  [     933.42         448]
  [     976.36      486.65]
  [     914.28      488.27]
  [      986.4      533.41]
  [     902.81      539.01]
  [      976.5      573.25]
  [     912.41      583.04]
  [      965.5      586.11]
  [     925.01      586.78]
  [     961.67      657.59]
  [     924.46      656.94]
  [     960.71      721.57]
  [     918.64      723.27]]

 [[     843.41      412.65]
  [          0           0]
  [     837.15      405.24]
  [          0           0]
  [     815.37      410.61]
  [     821.05      456.85]
  [     803.68      458.69]
  [          0           0]
  [     813.09      527.96]
  [          0           0]
  [     828.89      583.09]
  [     829.42      573.78]
  [     816.45      576.29]
  [     828.13      657.01]
  [     812.96      658.93]
  [     824.16      733.69]
  [     802.17      740.99]]]