[[[     1072.3      393.13]
  [     1080.8      385.77]
  [     1065.2      385.72]
  [     1094.2      391.79]
  [     1055.2      391.89]
  [       1116      444.65]
  [     1032.9      445.11]
  [     1130.5      508.32]
  [     1018.9      511.07]
  [     1134.9      566.44]
  [     1013.9      571.68]
  [     1099.8      574.44]
  [     1046.1       574.4]
  [     1101.9      662.87]
  [     1041.2      661.92]
  [       1104      741.25]
  [     1046.1       742.5]]

 [[     905.85      433.81]
  [     909.73      426.69]
  [     898.15       426.6]
  [          0           0]
  [     877.53      430.01]
  [     925.97       475.9]
  [     855.01      477.16]
  [     938.55      529.75]
  [     843.51      536.51]
  [      928.7      576.61]
  [     852.71      586.94]
  [     916.16      588.08]
  [     869.51      589.06]
  [     915.51      667.75]
  [     867.09      668.79]
  [     918.66      741.84]
  [     861.77      744.24]]

 [[     788.34      388.35]
  [          0           0]
  [     780.91      379.91]
  [          0           0]
  [     754.83      385.72]
  [     766.93      440.66]
  [      737.6      441.49]
  [     782.83      516.64]
  [     744.53      522.19]
  [     798.16      576.87]
  [     761.52      586.12]
  [     775.88      577.81]
  [     754.45      580.98]
  [     769.44      671.09]
  [     746.81      676.07]
  [     762.41      759.22]
  [     731.87      769.29]]]