[[[     1079.6      404.29]
  [     1087.6      397.15]
  [     1072.6      397.56]
  [     1100.9       403.2]
  [     1063.5      404.43]
  [     1123.2      456.01]
  [     1042.1      455.86]
  [     1136.3      519.34]
  [     1026.6      518.42]
  [     1137.4      573.77]
  [     1021.5      574.79]
  [     1104.5      580.96]
  [       1052      580.65]
  [     1105.3      666.22]
  [       1048      665.65]
  [     1109.1      739.63]
  [     1050.1      742.98]]

 [[     917.68       443.6]
  [     920.67       436.9]
  [     910.03       436.8]
  [          0           0]
  [      888.4       441.2]
  [      933.9      486.74]
  [     865.99      487.41]
  [     946.08       538.4]
  [     854.26       544.8]
  [     937.51      580.94]
  [     865.42      592.27]
  [        925       595.8]
  [     880.06       596.7]
  [     924.23      671.61]
  [     877.88      672.61]
  [     926.53      741.46]
  [     873.23      744.24]]

 [[     803.73      403.94]
  [          0           0]
  [      796.4      396.15]
  [          0           0]
  [     771.17       402.3]
  [     780.77      452.24]
  [     758.71      454.05]
  [     792.53      523.71]
  [     768.24      529.75]
  [     807.65      579.57]
  [     786.24      590.52]
  [     787.38      583.78]
  [     770.32      586.69]
  [     784.38      672.44]
  [      764.2      675.49]
  [     776.86      756.56]
  [     749.65      765.62]]]