[[[     1074.3      416.79]
  [     1081.4      408.79]
  [     1071.8      409.86]
  [     1104.7       410.6]
  [          0           0]
  [     1134.3         461]
  [     1058.9      461.74]
  [     1150.5       523.7]
  [     1042.7       521.2]
  [     1154.4      575.81]
  [     1037.6      575.26]
  [     1115.8       582.2]
  [       1066      581.19]
  [     1117.4      663.92]
  [     1061.9      660.84]
  [     1123.4      733.41]
  [     1063.3      736.76]]

 [[     941.79      451.61]
  [      942.4      445.57]
  [     935.11       445.8]
  [          0           0]
  [     913.39      450.22]
  [     951.86      490.37]
  [     888.62      491.23]
  [     962.48      540.03]
  [     877.22      544.86]
  [     953.42      581.05]
  [     886.98       590.4]
  [     942.92      594.13]
  [     900.36      595.29]
  [     942.26      667.33]
  [     898.04      668.56]
  [     944.28      736.19]
  [     893.27      737.93]]

 [[     823.02      412.85]
  [      822.6      405.17]
  [     815.26      405.42]
  [          0           0]
  [        791      410.35]
  [     813.07      460.91]
  [      776.7      460.43]
  [     825.87      527.34]
  [     781.58      530.39]
  [     840.05      580.39]
  [     800.77      589.21]
  [     820.14      581.23]
  [     794.77      583.28]
  [     810.93      668.53]
  [     788.33       671.9]
  [     805.32      747.32]
  [     776.57       758.3]]]