[[[     1186.3      311.32]
  [     1197.2      295.55]
  [       1181      298.98]
  [     1239.4       295.8]
  [          0           0]
  [     1295.3      387.05]
  [       1167      391.02]
  [     1324.9      497.91]
  [     1136.1      502.12]
  [     1318.9      591.51]
  [     1124.9      590.78]
  [       1266       601.6]
  [       1181      599.77]
  [     1265.8      740.84]
  [     1169.3      739.72]
  [     1263.5      860.03]
  [       1175      863.56]]

 [[     945.21      371.61]
  [      954.8      359.94]
  [     933.15      358.53]
  [          0           0]
  [      904.5      365.57]
  [      978.5      444.81]
  [        871       446.2]
  [     1000.3      533.11]
  [     850.94      543.25]
  [     983.97      600.46]
  [     870.64      621.46]
  [     963.81       629.3]
  [     892.46      631.11]
  [     964.86      754.17]
  [     888.05      758.12]
  [      963.9      865.08]
  [     878.25      869.89]]

 [[     758.62      289.85]
  [          0           0]
  [     748.19      273.85]
  [          0           0]
  [     705.08      278.14]
  [     717.55      374.06]
  [     673.53      374.33]
  [     732.96      505.67]
  [      686.6      510.85]
  [     760.97      604.64]
  [     726.56      616.36]
  [     734.53      614.04]
  [     703.89      618.64]
  [     724.09      771.47]
  [     685.89      779.15]
  [     713.64      902.46]
  [     663.67      936.19]]]