[[[     1235.6      324.15]
  [     1247.3      310.57]
  [     1225.3      313.81]
  [     1273.5      317.12]
  [     1217.1      325.42]
  [       1313       401.9]
  [     1191.4      404.01]
  [     1336.7      499.07]
  [     1165.8      502.38]
  [     1339.2      582.95]
  [     1156.9      583.87]
  [     1285.5      596.05]
  [     1204.9      594.69]
  [     1284.8       727.7]
  [       1193      725.49]
  [       1286      840.36]
  [     1198.7      840.01]]

 [[     986.61      383.57]
  [     994.57      373.47]
  [     976.04       371.5]
  [          0           0]
  [      948.7      377.48]
  [     1015.1      449.44]
  [     916.07      452.03]
  [     1033.8      530.36]
  [     899.38      540.39]
  [     1020.3       595.6]
  [     918.59      613.53]
  [     1005.8      617.64]
  [     939.57      619.94]
  [     1004.2      734.27]
  [     934.13      737.22]
  [     1006.6      839.69]
  [     924.67      841.68]]

 [[     812.46      313.22]
  [          0           0]
  [     801.96      299.19]
  [          0           0]
  [     762.12      305.14]
  [      768.5      384.83]
  [     741.45      391.43]
  [          0           0]
  [     752.85      517.11]
  [          0           0]
  [     790.07      613.32]
  [     787.09      603.03]
  [     765.51      608.71]
  [     787.64      752.97]
  [     756.31      757.69]
  [     777.76      874.74]
  [     734.88      896.87]]]