[[     904.19      394.19]
 [     877.94      396.06]
 [     1071.1      409.19]
 [     919.19      399.81]
 [     1108.6      407.31]
 [     891.06      407.31]
 [     1121.7      412.94]
 [     919.19      416.69]
 [     1125.4      422.31]
 [     866.69      420.44]
 [     1011.1      431.69]
 [     887.31      426.06]
 [     921.06      426.06]
 [     992.31      437.31]
 [     1059.8      431.69]
 [     1082.3      435.44]
 [     879.81      435.44]
 [     1005.4      448.56]
 [     1037.3      433.56]
 [     990.44      450.44]
 [     879.81      444.81]
 [     870.44      454.19]
 [     1078.6      452.31]
 [     907.94      457.94]
 [     851.69      454.19]
 [     1059.8      452.31]
 [     840.44      457.94]
 [     832.94      467.31]
 [     1121.7      467.31]
 [     874.19      465.44]
 [     1067.3      472.94]
 [     1101.1      469.19]
 [     853.56      472.94]
 [     1041.1      465.44]
 [     904.19      471.06]
 [     919.19      472.94]
 [     941.69      476.69]
 [     1048.6      478.56]
 [     1011.1      484.19]
 [     1037.3      491.69]
 [     1074.8      487.94]
 [     892.94      486.06]
 [     986.69      486.06]
 [     817.94      486.06]
 [     1110.4      495.44]
 [     952.94      497.31]
 [     1027.9      497.31]
 [     816.06      499.19]
 [     847.94      499.19]
 [     936.06      499.19]
 [     877.94      506.69]
 [     817.94      508.56]
 [     1146.1      510.44]
 [     842.31      516.06]
 [     956.69      519.81]
 [     814.19      519.81]
 [     934.19      519.81]
 [     971.69      529.19]
 [     1101.1      527.31]
 [     817.94      532.94]
 [     1048.6      531.06]
 [     1027.9      531.06]
 [     827.31      532.94]
 [     990.44      534.81]
 [     1061.7      531.06]
 [     836.69      536.69]
 [     1022.3      544.19]
 [     1151.7      542.31]
 [     816.06      542.31]
 [     1061.7      544.19]
 [     936.06      547.94]
 [     971.69      546.06]
 [     982.94      555.44]
 [     996.06      549.81]
 [     1022.3      553.56]
 [     1041.1      553.56]
 [     1031.7      553.56]
 [     1116.1      553.56]
 [     1134.8      549.81]
 [     992.31      559.19]
 [     1059.8      561.06]
 [     876.06      562.94]
 [     1089.8      564.81]
 [     836.69      568.56]
 [     906.06      568.56]
 [     990.44      568.56]
 [     1129.2      572.31]
 [     1147.9      568.56]
 [     937.94      570.44]
 [     956.69      570.44]
 [     898.56      577.94]
 [     1104.8      577.94]
 [     907.94      581.69]
 [     1057.9      592.94]
 [     937.94      589.19]
 [     896.69      594.81]
 [     1146.1      600.44]
 [     1057.9      602.31]
 [     1074.8      598.56]
 [     1101.1      598.56]
 [     838.56      604.19]
 [     943.56      613.56]
 [     982.94      609.81]
 [     1065.4      611.69]
 [     892.94      617.31]
 [     924.81      617.31]
 [     1093.6      617.31]
 [     975.44      632.31]
 [     1001.7      630.44]
 [     1076.7      632.31]
 [     1056.1      636.06]
 [     838.56      632.31]
 [     1153.6      637.94]
 [     1093.6      641.69]
 [     975.44      649.19]
 [     1056.1      645.44]
 [     1072.9      649.19]
 [     1095.4      651.06]
 [     997.94      654.81]
 [     1052.3      664.19]
 [     1153.6      660.44]
 [     1121.7      664.19]
 [     1071.1      669.81]
 [     859.19      667.94]
 [     1134.8      681.06]
 [     1065.4      688.56]
 [     941.69      694.19]
 [     842.31      699.81]
 [     891.06      696.06]
 [     1125.4      699.81]
 [     921.06      701.69]
 [     844.19      718.56]
 [     1123.6      720.44]
 [     937.94      720.44]
 [     979.19      724.19]
 [     1046.7      729.81]
 [     844.19      731.69]
 [     979.19      733.56]
 [     1078.6      744.81]
 [     1125.4      750.44]
 [     877.94      756.06]
 [     842.31      750.44]
 [     936.06      752.31]
 [     1054.2      763.56]
 [     1127.3      759.81]
 [     842.31      769.19]
 [     898.56      772.94]
 [     1087.9      767.31]
 [     1131.1      769.19]
 [     1110.4      771.06]
 [     842.31      778.56]
 [     930.44      772.94]
 [     844.19      787.94]
 [     900.44      791.69]
 [     930.44      791.69]
 [     1016.7      789.81]
 [     1056.1      795.44]
 [     1093.6      791.69]
 [     1136.7      797.31]
 [     900.44      801.06]
 [     984.81      797.31]
 [     844.19      808.56]
 [     1014.8      810.44]
 [     1089.8      810.44]
 [     1065.4      812.31]
 [     1136.7      819.81]
 [     902.31      821.69]
 [     971.69      821.69]
 [     846.06      821.69]
 [     855.44      827.31]
 [     872.31      827.31]
 [     1099.2      831.06]
 [     1072.9      831.06]
 [     1114.2      842.31]
 [     1134.8      840.44]
 [     1099.2      844.19]
 [     1065.4      851.69]
 [     1089.8      859.19]
 [     1114.2      862.94]
 [     1134.8      864.81]
 [     1074.8      870.44]
 [     1134.8      874.19]
 [     1095.4      872.31]
 [     1059.8      879.81]
 [     1125.4      879.81]]