[[     906.06      411.06]
 [     1071.1      411.06]
 [     1112.3      407.31]
 [     921.06      414.81]
 [     896.69      411.06]
 [     1121.7      414.81]
 [     877.94      411.06]
 [     894.81      420.44]
 [     1125.4      424.19]
 [     876.06      426.06]
 [     892.94      429.81]
 [     924.81      429.81]
 [     997.94      433.56]
 [     1067.3      435.44]
 [     1037.3      433.56]
 [     885.44      448.56]
 [     1005.4      452.31]
 [     1080.4      456.06]
 [     876.06      459.81]
 [     1016.7      452.31]
 [     915.44      461.69]
 [     1005.4      461.69]
 [     1067.3      469.19]
 [     1046.7      456.06]
 [     840.44      469.19]
 [     879.81      469.19]
 [     943.56      471.06]
 [     1104.8      471.06]
 [     1125.4      471.06]
 [     861.06      476.69]
 [     1035.4      478.56]
 [     1050.4      484.19]
 [     1012.9      486.06]
 [     994.19      486.06]
 [     1078.6      491.69]
 [     900.44      491.69]
 [     1112.3      497.31]
 [     1031.7      499.19]
 [     956.69      495.44]
 [     939.81      501.06]
 [     855.44      504.81]
 [     1146.1      506.69]
 [     827.31      512.31]
 [     849.81      519.81]
 [     956.69      517.94]
 [     937.94      523.56]
 [     1069.2      531.06]
 [     827.31      525.44]
 [     1041.1      527.31]
 [     1031.7      529.19]
 [     1052.3      531.06]
 [     1104.8      531.06]
 [     971.69      531.06]
 [     937.94      532.94]
 [     990.44      536.69]
 [     829.19      534.81]
 [     844.19      538.56]
 [     1018.6      544.19]
 [     1153.6      544.19]
 [     1048.6      544.19]
 [     981.06      547.94]
 [     964.19      547.94]
 [     994.19      549.81]
 [     1067.3      549.81]
 [     941.69      551.69]
 [     1117.9      557.31]
 [     838.56      561.06]
 [     1031.7      557.31]
 [     994.19      559.19]
 [     1052.3      561.06]
 [     879.81      564.81]
 [     1091.7      566.69]
 [     900.44      568.56]
 [     842.31      570.44]
 [     913.56      570.44]
 [     992.31      572.31]
 [     1149.8      576.06]
 [     943.56      572.31]
 [     971.69      568.56]
 [     904.19      577.94]
 [     1104.8      583.56]
 [     1061.7      594.81]
 [     943.56      592.94]
 [     986.69      589.19]
 [     1149.8      594.81]
 [     904.19      596.69]
 [     1082.3      602.31]
 [     1102.9      600.44]
 [     1061.7      604.19]
 [     844.19      607.94]
 [     939.81      617.31]
 [     1067.3      613.56]
 [     900.44      619.19]
 [     956.69      611.69]
 [     984.81      613.56]
 [     930.44      617.31]
 [     1099.2      619.19]
 [     896.69      630.44]
 [     947.31      628.56]
 [     1157.3      628.56]
 [     1076.7      639.81]
 [     1007.3      636.06]
 [     1056.1      630.44]
 [     846.06      641.69]
 [     1067.3      649.19]
 [     1076.7      651.06]
 [     981.06      652.94]
 [     1099.2      651.06]
 [     1056.1      664.19]
 [     1157.3      660.44]
 [     1125.4      664.19]
 [     1039.2      679.19]
 [     1140.4      679.19]
 [     1069.2      686.69]
 [     1086.1      682.94]
 [     943.56      690.44]
 [     906.06      699.81]
 [     855.44      701.69]
 [     896.69      705.44]
 [     1129.2      701.69]
 [     924.81      703.56]
 [     1042.9      714.81]
 [     853.56      720.44]
 [     1078.6      720.44]
 [     1131.1      720.44]
 [     943.56      724.19]
 [     984.81      726.06]
 [     853.56      729.81]
 [     984.81      739.19]
 [     1132.9      741.06]
 [     1084.2      750.44]
 [     984.81      748.56]
 [     1132.9      750.44]
 [     853.56      752.31]
 [     883.56      756.06]
 [     906.06      761.69]
 [     943.56      761.69]
 [     906.06      771.06]
 [     1093.6      765.44]
 [     1134.8      765.44]
 [     1117.9      771.06]
 [     907.94      780.44]
 [     853.56      789.81]
 [     909.81      793.56]
 [     937.94      793.56]
 [     1061.7      793.56]
 [     1099.2      791.69]
 [     1136.7      791.69]
 [     909.81      802.94]
 [     992.31      795.44]
 [     853.56      801.06]
 [     1087.9      804.81]
 [     1020.4      810.44]
 [     936.06      814.19]
 [     1134.8      819.81]
 [     1069.2      819.81]
 [     868.56      821.69]
 [     853.56      823.56]
 [     1102.9      831.06]
 [     1084.2      832.94]
 [     1138.6      838.56]
 [     1117.9      838.56]
 [     1102.9      844.19]
 [     1074.8      847.94]
 [     1095.4      857.31]
 [     1121.7      859.19]
 [     1140.4      857.31]
 [     1138.6      866.69]
 [     1102.9      870.44]
 [     1132.9      876.06]
 [     1069.2      881.69]]