[[[     1221.7      395.22]
  [     1230.3      386.48]
  [     1213.9      386.75]
  [     1241.4      392.72]
  [     1201.6      393.52]
  [     1264.6      450.02]
  [     1179.9      448.89]
  [       1278      521.77]
  [     1162.4      519.28]
  [     1270.8      580.96]
  [     1159.5       578.8]
  [     1243.1      582.68]
  [     1186.3      579.49]
  [     1235.9      672.05]
  [     1180.1      670.78]
  [     1228.6      755.39]
  [     1166.3       748.1]]

 [[     1340.5      323.19]
  [     1345.1       307.4]
  [          0           0]
  [     1378.2       302.5]
  [          0           0]
  [     1399.4      381.84]
  [     1409.4      372.11]
  [     1376.3      497.65]
  [          0           0]
  [     1343.6      581.75]
  [          0           0]
  [     1389.7      590.51]
  [     1394.1      583.54]
  [     1392.8      734.11]
  [     1390.1      725.15]
  [     1411.5      865.76]
  [     1396.6      848.75]]]