[[[     557.94       428.1]
  [     565.11      421.07]
  [     551.51      421.27]
  [     576.51       425.4]
  [     542.59      425.98]
  [     594.01      471.53]
  [     523.45      470.87]
  [     605.57      528.85]
  [     508.57      525.68]
  [     601.65      579.61]
  [     507.98      575.99]
  [     579.72      577.63]
  [     533.98      577.59]
  [     582.09      651.64]
  [     534.99       652.2]
  [     583.97      720.88]
  [     529.04      724.45]]

 [[     626.04      380.87]
  [     633.63      371.85]
  [          0           0]
  [     655.58      376.11]
  [          0           0]
  [     651.02      431.54]
  [     662.56      426.04]
  [     635.87      511.99]
  [          0           0]
  [     612.72      572.62]
  [          0           0]
  [     644.47      583.02]
  [     656.53      579.22]
  [      646.8      690.91]
  [      654.3      688.18]
  [     656.86      790.43]
  [     662.21      785.87]]

 [[          0           0]
  [          0           0]
  [          0           0]
  [     697.69      444.96]
  [          0           0]
  [     710.34      484.84]
  [     706.61      481.31]
  [     698.13      543.94]
  [          0           0]
  [     682.64      588.99]
  [          0           0]
  [     704.65      590.24]
  [     701.65      587.51]
  [     704.38      663.41]
  [     698.36      663.86]
  [     711.05      736.96]
  [     704.79      733.66]]]