[[[     1240.8      387.61]
  [     1249.5       379.4]
  [     1232.3      379.75]
  [     1261.6      386.03]
  [       1219      387.05]
  [     1282.8      441.94]
  [     1197.1      442.95]
  [     1296.6      515.42]
  [     1176.7      514.28]
  [     1290.9       577.4]
  [     1174.7      576.15]
  [     1259.7      577.07]
  [     1202.6      576.28]
  [     1251.5       670.3]
  [     1194.3      669.25]
  [     1241.2      759.85]
  [     1181.2      753.84]]

 [[     1365.8      311.99]
  [     1371.5      296.07]
  [          0           0]
  [     1407.2      293.46]
  [          0           0]
  [     1424.3      374.38]
  [     1429.5      368.69]
  [     1401.1       492.8]
  [          0           0]
  [     1371.7      580.12]
  [          0           0]
  [     1416.7      590.87]
  [     1417.1      586.37]
  [     1422.4      738.25]
  [     1413.3      733.13]
  [     1432.8       879.2]
  [     1411.9       864.1]]]