[[[     1215.3      395.85]
  [     1223.8      387.35]
  [     1207.8      387.45]
  [     1236.2      393.58]
  [     1196.2      393.89]
  [     1256.3      450.26]
  [     1175.8      448.69]
  [     1267.4       519.5]
  [     1156.7      516.62]
  [     1263.2      578.26]
  [     1154.9      576.27]
  [     1232.1      580.06]
  [     1178.8       578.4]
  [     1226.7      668.97]
  [       1173      668.28]
  [     1218.4      752.28]
  [     1159.9       745.7]]

 [[     1331.5       324.5]
  [     1336.4      309.25]
  [          0           0]
  [     1366.8      305.54]
  [          0           0]
  [     1383.2      383.19]
  [     1398.2      373.65]
  [     1365.4      496.87]
  [          0           0]
  [     1332.6      580.19]
  [          0           0]
  [     1376.9      584.26]
  [       1386      577.67]
  [     1378.5      725.02]
  [       1385      716.25]
  [     1391.3      853.41]
  [     1388.9      842.55]]]