[[[     1149.2      350.07]
  [     1160.3      340.16]
  [     1138.5      339.17]
  [     1173.6      351.54]
  [     1118.9      348.84]
  [     1199.5       427.2]
  [     1089.1      423.69]
  [     1215.2      520.24]
  [       1065      516.98]
  [     1212.6      597.88]
  [     1063.2      594.33]
  [     1172.8      601.51]
  [     1099.2      599.28]
  [     1163.7      715.67]
  [     1090.4      715.49]
  [     1155.4      828.31]
  [     1074.7      819.81]]

 [[       1389      209.81]
  [     1402.5       189.3]
  [          0           0]
  [     1455.8      185.73]
  [          0           0]
  [     1487.9      291.44]
  [     1459.2         298]
  [     1474.4      459.88]
  [          0           0]
  [     1399.8      579.94]
  [          0           0]
  [     1470.3      611.12]
  [     1447.2         607]
  [     1477.2      835.42]
  [     1443.5      830.75]
  [     1509.4      1040.6]
  [     1443.9      1001.9]]

 [[     1366.4      359.43]
  [     1380.7      345.74]
  [     1356.9      348.45]
  [     1410.4      353.11]
  [          0           0]
  [     1431.2      428.34]
  [     1354.9      441.34]
  [          0           0]
  [     1342.4      545.87]
  [          0           0]
  [       1324      615.08]
  [     1404.6       618.1]
  [     1353.9      619.28]
  [     1407.6      757.52]
  [     1366.1       756.3]
  [     1423.5      883.87]
  [     1385.2       870.4]]]