[[[     1304.8      354.91]
  [     1315.6      345.08]
  [     1294.1      345.14]
  [     1329.6      355.32]
  [     1276.4      355.45]
  [     1358.7      426.97]
  [     1246.2      426.47]
  [     1373.7      520.72]
  [     1220.7      516.98]
  [     1365.7       598.4]
  [     1216.2      595.34]
  [       1329      598.02]
  [     1254.1      596.25]
  [     1318.9      712.54]
  [     1242.1      713.49]
  [     1312.9       825.4]
  [     1228.2      817.29]]

 [[     1536.7      213.43]
  [     1548.8      192.99]
  [          0           0]
  [     1605.9      188.88]
  [          0           0]
  [     1641.8      294.42]
  [     1629.4      290.96]
  [     1634.4      457.98]
  [          0           0]
  [       1556      576.98]
  [          0           0]
  [     1623.1      611.43]
  [       1611      602.54]
  [     1623.4      834.18]
  [     1596.6      825.51]
  [       1648      1042.9]
  [     1601.4      1006.3]]

 [[     1503.8      370.78]
  [     1515.1      357.23]
  [          0           0]
  [     1554.8      361.05]
  [          0           0]
  [       1579      436.75]
  [       1529      441.55]
  [          0           0]
  [     1520.1      546.17]
  [          0           0]
  [     1496.8       609.7]
  [     1561.2      618.15]
  [     1527.5      617.11]
  [     1567.7      761.38]
  [     1540.1      760.99]
  [     1582.4      885.66]
  [     1557.9      875.19]]]