[[[     1316.1       347.2]
  [     1328.4      336.05]
  [     1304.5      335.97]
  [     1345.3       347.4]
  [     1284.5      346.92]
  [     1371.9      426.68]
  [     1255.7      425.17]
  [     1388.9      525.85]
  [     1227.5      520.78]
  [     1380.7      602.46]
  [     1225.8      597.96]
  [     1343.3       604.5]
  [     1266.4      602.71]
  [     1330.3      719.99]
  [     1251.3      718.64]
  [     1318.1      833.92]
  [     1235.6      823.91]]

 [[     1566.5      196.58]
  [     1580.6      174.03]
  [          0           0]
  [     1646.2      166.68]
  [          0           0]
  [     1691.2      280.86]
  [     1659.6      278.87]
  [     1685.4      450.64]
  [          0           0]
  [     1599.5      576.91]
  [          0           0]
  [     1670.2      623.08]
  [     1644.4      614.27]
  [     1673.2      859.81]
  [       1641      846.28]
  [     1700.8      1057.2]
  [     1642.6      1030.5]]

 [[     1543.9      359.73]
  [     1557.7      345.23]
  [     1534.7      348.28]
  [     1588.9      351.92]
  [          0           0]
  [     1610.9      433.01]
  [     1535.5      440.66]
  [          0           0]
  [     1522.5      546.01]
  [          0           0]
  [     1507.9      618.39]
  [     1588.5      627.98]
  [     1537.7      628.01]
  [     1590.9       773.7]
  [     1550.7      772.29]
  [     1609.4      903.04]
  [     1569.8      895.68]]]