[[[     850.02       347.7]
  [     861.61      337.67]
  [     839.45      337.45]
  [     877.07      349.68]
  [     821.88      348.71]
  [     905.14      427.01]
  [     792.92      423.26]
  [     920.95      523.81]
  [        767      519.09]
  [     916.69      600.26]
  [     763.75      599.36]
  [     878.26      603.33]
  [     803.22      601.19]
  [     868.58      719.88]
  [     792.48      720.15]
  [     859.25      833.49]
  [     776.14      827.15]]

 [[     1090.5      208.87]
  [     1099.9      188.97]
  [          0           0]
  [     1143.6      187.98]
  [          0           0]
  [       1179      295.48]
  [       1167      295.93]
  [     1171.8       462.4]
  [          0           0]
  [     1102.9      577.21]
  [          0           0]
  [     1168.5      607.67]
  [     1156.2      602.08]
  [     1173.2      826.23]
  [     1146.8      824.64]
  [     1198.4      1040.4]
  [       1151      998.79]]

 [[     1066.8      369.32]
  [       1080      355.96]
  [     1059.4      357.64]
  [     1112.1      358.74]
  [          0           0]
  [     1131.8      430.53]
  [     1063.6       440.6]
  [          0           0]
  [     1049.8      542.02]
  [          0           0]
  [     1033.2       607.4]
  [       1104      614.66]
  [     1058.8      614.97]
  [     1100.3      752.91]
  [     1064.8      751.09]
  [     1106.6      880.96]
  [     1076.4      867.01]]]