[[[     886.37      417.07]
  [     893.69      410.11]
  [     879.77      410.01]
  [     903.94      414.62]
  [     869.61      414.27]
  [     921.41      463.28]
  [     849.92      461.99]
  [     932.24       525.5]
  [     835.41      520.59]
  [      926.2      578.69]
  [      831.8      575.58]
  [     901.51      579.28]
  [     855.75      578.12]
  [     897.08      658.54]
  [     848.62      657.27]
  [     890.78      733.04]
  [     839.14      731.82]]

 [[          0           0]
  [          0           0]
  [          0           0]
  [     982.91      354.91]
  [          0           0]
  [     1004.9      413.94]
  [     1037.3      408.84]
  [     988.51       506.6]
  [          0           0]
  [     966.89      578.91]
  [          0           0]
  [     1009.5      580.05]
  [     1029.6      575.69]
  [     1011.7      698.06]
  [     1020.9      693.92]
  [     1022.7       804.1]
  [     1021.2      797.65]]]