[[[     1003.1      354.24]
  [     1014.2      344.36]
  [     992.43      343.67]
  [     1028.1      355.66]
  [     973.67      353.59]
  [     1053.8       430.6]
  [     945.33      426.77]
  [     1069.5      522.62]
  [     920.92      518.85]
  [     1066.8      598.66]
  [      919.2      596.42]
  [     1027.8      602.53]
  [     955.44      600.26]
  [     1018.4      717.23]
  [     946.19      717.08]
  [     1008.8      827.92]
  [     929.79       821.2]]

 [[       1224      226.93]
  [     1234.6      207.59]
  [          0           0]
  [     1285.6      205.45]
  [          0           0]
  [     1314.1      307.07]
  [     1313.5         300]
  [     1305.8      459.45]
  [          0           0]
  [     1240.5      573.55]
  [          0           0]
  [     1303.9       614.8]
  [     1298.1      606.91]
  [     1312.1      829.02]
  [     1287.4      824.87]
  [     1341.2        1039]
  [     1296.3      999.61]]

 [[     1209.1      375.17]
  [     1222.3      363.23]
  [     1200.8      365.44]
  [     1251.8      370.41]
  [          0           0]
  [     1269.1      438.71]
  [     1204.1      450.12]
  [          0           0]
  [     1192.7      549.59]
  [          0           0]
  [     1176.7      611.83]
  [     1248.2      621.21]
  [     1206.8      622.39]
  [     1249.8      757.58]
  [     1217.2      754.71]
  [     1264.6      872.26]
  [     1236.4      867.89]]]