[[[     843.97      341.79]
  [     855.13      331.35]
  [      833.2      331.45]
  [     869.66      341.69]
  [      815.8      341.73]
  [        899      421.15]
  [     783.48       417.3]
  [     914.92       522.5]
  [      758.7      515.01]
  [     908.07      600.93]
  [     754.96      601.43]
  [     871.17      601.26]
  [     794.24      597.82]
  [     865.55      720.84]
  [     782.88      719.75]
  [     858.04      839.95]
  [     772.51      832.58]]

 [[     1112.2      175.77]
  [     1136.7      159.81]
  [     1107.7      158.09]
  [     1187.7      182.04]
  [          0           0]
  [     1203.8      301.89]
  [       1134       298.9]
  [     1196.4       468.1]
  [          0           0]
  [     1124.1      578.22]
  [          0           0]
  [     1159.7       615.4]
  [     1109.3      608.68]
  [     1176.9      847.25]
  [     1135.2      837.24]
  [     1209.5      1050.3]
  [     1152.5      1013.6]]

 [[     974.17      367.77]
  [     987.79      354.11]
  [     962.87      355.88]
  [       1016      358.03]
  [          0           0]
  [     1050.9      435.18]
  [      957.3      439.62]
  [     1082.9      532.52]
  [     948.83      539.56]
  [     1060.1      617.59]
  [     933.51      621.34]
  [     1033.3      636.38]
  [     980.43      634.04]
  [     1026.8      779.67]
  [       1029      766.92]
  [     1024.5      899.41]
  [     1065.2      877.75]]]