[[[     1199.3      405.52]
  [     1207.2      398.05]
  [     1191.5      398.59]
  [     1218.6      403.81]
  [     1180.2      405.02]
  [     1239.1      457.51]
  [     1159.4      457.42]
  [     1249.7      525.36]
  [     1143.3      521.01]
  [       1244      583.23]
  [     1139.4      580.79]
  [       1217      582.79]
  [     1166.2      581.84]
  [     1210.7      667.96]
  [       1160      665.75]
  [     1205.6      749.22]
  [     1147.9      745.11]]

 [[     1304.2      343.54]
  [     1308.8      330.65]
  [          0           0]
  [     1336.3      329.53]
  [          0           0]
  [     1352.3      401.15]
  [     1370.5      392.14]
  [     1335.7         502]
  [          0           0]
  [     1302.7      583.03]
  [          0           0]
  [     1347.6      587.99]
  [     1359.3      581.64]
  [     1347.5      723.07]
  [     1351.9       715.4]
  [     1361.1      844.16]
  [     1356.7      830.81]]]