[[[     553.02      426.16]
  [     560.06       419.3]
  [      546.5      419.56]
  [        571      423.97]
  [     537.41      424.59]
  [     589.01      470.85]
  [     517.98      469.73]
  [     600.76      528.74]
  [     503.26      524.49]
  [     600.23      581.36]
  [     502.64       576.3]
  [     574.17      578.63]
  [     528.42      578.42]
  [     575.88      652.47]
  [     530.65      652.24]
  [     578.48      720.94]
  [      524.3      724.89]]

 [[     622.13      377.84]
  [     630.63       368.8]
  [          0           0]
  [     653.91       373.6]
  [          0           0]
  [     646.87      430.33]
  [     658.48      423.93]
  [     627.72      510.89]
  [          0           0]
  [     605.63      573.81]
  [          0           0]
  [     640.84      582.13]
  [     653.37      578.03]
  [     642.05      689.28]
  [     649.18      686.32]
  [     652.03      790.21]
  [     658.05      785.02]]

 [[          0           0]
  [          0           0]
  [          0           0]
  [     690.91      444.38]
  [          0           0]
  [     704.82      485.33]
  [     703.01      482.15]
  [     693.46       545.2]
  [          0           0]
  [     676.84      589.55]
  [          0           0]
  [     699.29      590.56]
  [     697.47      587.91]
  [     699.82      664.65]
  [     694.41      664.69]
  [     705.53       737.7]
  [     700.27      734.22]]]