[[[     1002.6      354.31]
  [     1013.8      344.46]
  [     991.96      343.75]
  [     1027.7      355.86]
  [     973.04      353.74]
  [     1053.2      430.83]
  [     945.05      426.85]
  [       1069      522.98]
  [     920.84      518.63]
  [     1065.7      599.47]
  [     918.76      596.03]
  [     1027.1      601.88]
  [     955.06      599.51]
  [     1017.8      716.49]
  [     945.34      716.12]
  [     1007.9      827.07]
  [     929.22      820.08]]

 [[     1222.6      229.87]
  [     1232.4      209.63]
  [          0           0]
  [     1284.3      204.87]
  [          0           0]
  [     1316.5      306.84]
  [       1312      301.14]
  [     1309.5      459.62]
  [          0           0]
  [     1242.6      572.71]
  [          0           0]
  [     1304.4       614.6]
  [     1295.8      607.06]
  [     1312.1      827.85]
  [       1286      823.58]
  [       1342      1038.3]
  [     1295.4      998.03]]

 [[     1204.1      377.15]
  [     1216.5       364.5]
  [     1196.3      367.81]
  [       1249      369.63]
  [          0           0]
  [     1267.5      437.01]
  [     1205.2      449.72]
  [          0           0]
  [     1193.8      547.29]
  [          0           0]
  [     1176.9      609.04]
  [       1246         618]
  [     1206.1      619.75]
  [     1247.7      754.57]
  [     1216.4      752.49]
  [     1264.4      869.17]
  [     1236.6      864.93]]]