[[[     1262.7      370.19]
  [     1272.6      361.42]
  [     1253.2      361.02]
  [     1285.1      371.06]
  [     1237.8      370.11]
  [     1310.6      436.25]
  [     1211.7      435.29]
  [     1325.5      519.41]
  [     1189.9      515.36]
  [     1316.2      591.25]
  [     1186.3      586.71]
  [     1285.2      588.65]
  [     1219.5      586.51]
  [     1279.4      692.68]
  [     1211.8      691.53]
  [     1271.2      789.03]
  [     1198.3       781.8]]

 [[     1428.9      262.97]
  [     1439.3      246.14]
  [          0           0]
  [     1485.7      247.29]
  [          0           0]
  [     1504.9      343.47]
  [     1509.9      335.16]
  [     1485.1      487.74]
  [          0           0]
  [       1444      590.52]
  [          0           0]
  [     1504.4      603.64]
  [     1503.3      595.31]
  [     1504.1      782.87]
  [     1487.8      771.23]
  [     1527.9      955.38]
  [     1495.7      923.45]]]