[[[     619.67      378.13]
  [     627.41       369.1]
  [          0           0]
  [     650.49      373.71]
  [          0           0]
  [      642.8      429.67]
  [     662.99      423.65]
  [      624.1      509.64]
  [          0           0]
  [      601.7      575.05]
  [          0           0]
  [     637.82      581.56]
  [     655.68      577.53]
  [     640.07       689.1]
  [     648.32       686.2]
  [     651.17      789.64]
  [     655.66      784.63]]

 [[     552.04      425.87]
  [     559.08      419.03]
  [     545.61      419.25]
  [     570.04      423.76]
  [     536.63      424.29]
  [     588.41      470.75]
  [     516.99      469.66]
  [     600.61      528.36]
  [     502.46      524.46]
  [      599.6      580.08]
  [     501.78      576.43]
  [     573.24      577.91]
  [     527.28      577.63]
  [     574.15      651.67]
  [     529.19      651.32]
  [     577.22      720.52]
  [     523.99      723.52]]

 [[          0           0]
  [          0           0]
  [          0           0]
  [     690.46      445.56]
  [          0           0]
  [      704.9      486.56]
  [     701.64      483.53]
  [     692.83      546.77]
  [          0           0]
  [     675.66      590.22]
  [          0           0]
  [     698.86      590.81]
  [     696.13      588.21]
  [     698.95      664.57]
  [     694.01      664.55]
  [     704.81      737.93]
  [     700.98      734.53]]]