[[[     1207.2      402.67]
  [     1215.3       395.2]
  [     1199.4      395.58]
  [     1227.1      401.48]
  [     1187.9      402.22]
  [     1248.5      456.73]
  [     1166.4      456.19]
  [     1259.3      525.25]
  [     1150.7      521.51]
  [     1254.1      584.62]
  [     1147.6      582.85]
  [     1226.1       583.9]
  [     1173.7      582.69]
  [     1218.7         671]
  [     1168.4      668.51]
  [     1215.1      752.53]
  [     1153.3      749.98]]

 [[       1319      336.09]
  [     1323.9      321.54]
  [          0           0]
  [     1353.8      318.82]
  [          0           0]
  [     1367.7       393.3]
  [     1386.5      383.22]
  [     1348.1         503]
  [          0           0]
  [     1317.9       583.4]
  [          0           0]
  [     1363.1      592.08]
  [     1372.6       584.9]
  [     1366.9      727.48]
  [     1365.5      718.32]
  [     1382.4      851.29]
  [     1365.7       837.8]]]