[[[     929.63       365.8]
  [     936.32      356.48]
  [          0           0]
  [     959.16      363.38]
  [          0           0]
  [     953.52      418.85]
  [     991.72      417.17]
  [     935.47      505.36]
  [          0           0]
  [     912.18      568.93]
  [          0           0]
  [     955.93      573.28]
  [      982.2      572.37]
  [      961.6      686.57]
  [     977.72      683.56]
  [     972.62      784.46]
  [     980.61      778.81]]

 [[     885.42      423.32]
  [     893.19      417.24]
  [     880.24       416.9]
  [     907.08      423.32]
  [          0           0]
  [     923.49      467.46]
  [     855.85      467.73]
  [     930.04      522.52]
  [     841.12      522.15]
  [          0           0]
  [     837.28      572.16]
  [      904.6      573.89]
  [     860.61      573.46]
  [     902.02      648.87]
  [      856.2       649.5]
  [     898.57      721.88]
  [     852.47      721.35]]

 [[     1015.7      442.08]
  [     1023.8      435.23]
  [     1012.4      435.68]
  [     1042.8      439.37]
  [          0           0]
  [     1051.4      479.05]
  [       1022      480.43]
  [     1049.6      537.33]
  [          0           0]
  [     1027.2      581.05]
  [          0           0]
  [     1041.3      589.87]
  [     1019.2      588.64]
  [     1040.2      667.92]
  [     1020.6      666.54]
  [       1049      743.13]
  [     1027.4      736.52]]]