[[[     1031.8      354.23]
  [     1043.2      343.67]
  [     1021.4      343.27]
  [     1057.6       354.8]
  [     1002.3      353.58]
  [     1081.5      431.04]
  [     973.49      429.65]
  [     1098.5      527.75]
  [      946.4       521.3]
  [     1092.6      602.06]
  [     944.66      598.77]
  [       1056      603.33]
  [     984.49      602.01]
  [     1044.3      715.33]
  [     972.64      714.17]
  [     1033.6      823.89]
  [     957.12      819.57]]

 [[     1258.4      223.64]
  [     1269.9      204.56]
  [          0           0]
  [     1318.3       204.1]
  [          0           0]
  [     1343.2      307.71]
  [     1337.6      305.57]
  [     1332.8      466.51]
  [          0           0]
  [     1269.8      577.79]
  [          0           0]
  [     1333.4       614.8]
  [     1324.7      608.93]
  [     1341.1      830.06]
  [     1312.6      827.28]
  [     1371.2      1039.7]
  [     1330.1      1002.2]]

 [[     1239.2      371.88]
  [     1252.5       359.2]
  [     1229.9      361.07]
  [       1279      366.43]
  [          0           0]
  [     1294.8      438.06]
  [     1233.5      447.52]
  [          0           0]
  [     1224.1      547.71]
  [          0           0]
  [     1209.6      610.08]
  [       1274      618.16]
  [     1234.7      619.16]
  [     1282.3      755.67]
  [     1250.5      755.81]
  [     1300.6      875.41]
  [     1272.2       867.2]]]