[[[     1219.3       391.7]
  [     1227.9      383.13]
  [     1211.4       383.6]
  [     1239.3       390.1]
  [     1199.2      391.35]
  [     1262.7      447.46]
  [     1178.4      446.74]
  [     1276.6      519.29]
  [     1160.8      515.98]
  [     1269.1      578.42]
  [     1158.2      575.51]
  [     1241.6      579.34]
  [     1185.2      576.36]
  [     1234.4      667.95]
  [     1177.9      666.65]
  [     1226.3      751.22]
  [     1165.1      745.62]]

 [[     1337.5      320.73]
  [     1342.2         305]
  [          0           0]
  [     1374.8      300.48]
  [          0           0]
  [     1395.8      379.95]
  [     1405.8      370.21]
  [     1374.5      494.15]
  [          0           0]
  [     1340.2      578.57]
  [          0           0]
  [     1386.4      587.47]
  [     1390.2      580.48]
  [     1390.5      731.13]
  [     1384.8      723.05]
  [     1410.8      864.27]
  [     1390.4      846.54]]]