[[[     844.77      344.01]
  [     857.31      333.04]
  [     833.83       332.7]
  [     874.41      344.89]
  [     814.96       343.7]
  [     900.29      425.09]
  [     786.75      422.53]
  [        917      526.43]
  [        759      519.48]
  [     910.49      602.94]
  [     756.84      599.74]
  [     872.51      604.99]
  [     797.16      603.22]
  [     862.52      723.14]
  [     786.41      722.64]
  [     852.93      837.51]
  [     769.97      833.48]]

 [[     1131.5      187.29]
  [     1156.1      171.98]
  [     1122.1      168.75]
  [     1195.5      193.54]
  [          0           0]
  [     1204.3      307.59]
  [     1134.1      299.92]
  [     1197.3      467.17]
  [          0           0]
  [     1129.3      572.71]
  [          0           0]
  [     1164.2      612.07]
  [     1114.5      603.98]
  [     1177.2      839.61]
  [     1135.8       830.5]
  [     1207.1      1047.9]
  [     1143.7      1005.5]]

 [[     1036.9      378.06]
  [     1049.8      365.86]
  [     1028.1      367.18]
  [     1078.4       371.1]
  [          0           0]
  [     1098.3      437.92]
  [     1037.1      444.33]
  [          0           0]
  [     1029.7      536.94]
  [          0           0]
  [     1009.1      603.03]
  [     1080.3      631.57]
  [     1042.2      631.97]
  [     1090.8      766.68]
  [     1064.4       764.8]
  [     1114.3       874.5]
  [     1088.5      873.97]]]