[[[       1287      358.38]
  [       1298      348.47]
  [     1276.5      348.11]
  [     1312.4      358.66]
  [     1258.6      357.48]
  [     1337.9       430.8]
  [     1232.5      428.18]
  [     1354.5      519.56]
  [     1207.6      516.03]
  [     1349.4      594.23]
  [     1205.7      587.43]
  [     1310.3      595.77]
  [     1240.3      593.52]
  [     1299.7      704.16]
  [     1229.7       703.3]
  [     1288.2      810.95]
  [     1213.5      799.23]]

 [[     1501.2      226.17]
  [     1512.7      208.88]
  [          0           0]
  [     1559.9      210.56]
  [          0           0]
  [     1582.7       306.7]
  [       1582      303.78]
  [     1577.3      446.88]
  [          0           0]
  [     1513.8      569.26]
  [          0           0]
  [     1577.3      600.78]
  [     1573.3      594.04]
  [     1576.2      809.85]
  [     1556.9      804.36]
  [     1600.7      1014.9]
  [     1569.1      979.03]]

 [[     1488.2      369.04]
  [     1500.6      357.02]
  [     1481.6      357.66]
  [     1527.5      363.82]
  [          0           0]
  [          0           0]
  [     1495.4      439.95]
  [          0           0]
  [     1489.9      538.08]
  [          0           0]
  [     1473.7      597.27]
  [          0           0]
  [       1500      607.57]
  [     1537.6       743.5]
  [     1505.9      743.66]
  [          0           0]
  [       1523      854.38]]]