[[[     1259.3      378.81]
  [     1268.8       369.9]
  [     1250.2      369.94]
  [     1281.2      378.35]
  [     1235.9      378.37]
  [     1304.8      440.66]
  [     1211.7      439.27]
  [       1320      519.34]
  [     1189.5      515.93]
  [     1311.6      588.03]
  [     1186.4      584.05]
  [     1279.7      586.47]
  [     1217.8      584.38]
  [     1273.8      686.48]
  [     1208.8      686.61]
  [     1264.4      781.39]
  [     1195.3      772.97]]

 [[     1411.4      280.34]
  [     1420.5      264.37]
  [          0           0]
  [     1462.3      266.55]
  [          0           0]
  [     1479.2      357.93]
  [     1478.6      348.23]
  [     1460.7      491.29]
  [          0           0]
  [     1422.6      589.92]
  [          0           0]
  [     1472.7      601.46]
  [     1467.9      594.22]
  [     1475.2       768.3]
  [       1463      760.43]
  [     1499.6      929.38]
  [     1467.4      905.55]]]