[[[     1200.8      407.21]
  [     1208.7      399.79]
  [       1193      400.43]
  [     1220.2      405.93]
  [     1181.8      407.35]
  [     1241.1      460.14]
  [     1160.6      459.85]
  [     1251.9       527.6]
  [     1144.3      522.89]
  [     1246.9      584.35]
  [     1139.9      582.51]
  [     1218.6       585.6]
  [     1167.3      584.44]
  [     1211.3      671.73]
  [     1161.8      668.62]
  [     1207.4      752.39]
  [     1149.4       747.9]]

 [[     1307.1      344.57]
  [     1311.5       331.5]
  [          0           0]
  [     1338.9      330.26]
  [          0           0]
  [     1353.1      402.19]
  [     1375.6      393.67]
  [     1336.1      502.68]
  [          0           0]
  [     1304.2      584.26]
  [          0           0]
  [     1350.3      589.88]
  [     1365.1       583.7]
  [     1349.7      724.34]
  [     1357.4      716.44]
  [     1361.5      845.29]
  [       1361      832.91]]]