[[[     893.52      417.19]
  [     900.47      410.73]
  [     886.72      410.56]
  [     909.38       416.3]
  [     875.34      415.71]
  [     925.06      464.34]
  [      855.9      462.66]
  [     937.01       525.6]
  [     840.65      520.45]
  [     931.54      576.89]
  [     837.33      573.73]
  [     905.95      576.72]
  [     861.99      575.43]
  [     899.68      655.23]
  [     854.52      653.83]
  [      893.5      729.76]
  [      841.5      728.68]]

 [[          0           0]
  [          0           0]
  [          0           0]
  [        982      363.26]
  [          0           0]
  [       1007      415.87]
  [     1030.9      414.49]
  [     994.96       501.4]
  [          0           0]
  [     977.46      570.54]
  [          0           0]
  [     1011.2      575.79]
  [     1026.9      572.75]
  [     1009.1      691.59]
  [     1020.4      686.66]
  [       1022      798.67]
  [     1027.5      785.78]]]