[[[     850.56      347.61]
  [     862.18      337.62]
  [     839.88      337.38]
  [      877.5      349.76]
  [     821.93      348.72]
  [     904.85      427.11]
  [     792.68      423.27]
  [     920.65      523.59]
  [     766.47      519.04]
  [     916.59      600.41]
  [     763.22      599.38]
  [     877.99       603.7]
  [     803.03      601.58]
  [     867.97      719.96]
  [      791.6      720.46]
  [     858.69      834.09]
  [     775.82      827.94]]

 [[     1089.2      202.94]
  [     1102.1      183.55]
  [          0           0]
  [     1152.5      187.57]
  [          0           0]
  [     1180.6      297.84]
  [     1164.8      297.86]
  [     1173.9      462.74]
  [          0           0]
  [     1103.3      579.02]
  [          0           0]
  [     1167.5      607.85]
  [       1153      602.22]
  [     1171.7      827.76]
  [     1146.1      826.59]
  [     1198.2      1042.2]
  [     1151.1      1000.1]]

 [[     1063.6      371.24]
  [       1077      359.62]
  [     1056.2      361.18]
  [     1107.2      367.22]
  [          0           0]
  [     1122.9      435.87]
  [     1059.9      444.74]
  [          0           0]
  [       1049      543.96]
  [          0           0]
  [     1034.2      606.75]
  [     1101.8      617.18]
  [     1061.4      617.56]
  [     1106.8       756.2]
  [     1071.8      751.68]
  [     1121.8      870.14]
  [     1089.6      865.17]]]