[[[     1202.2      404.87]
  [     1210.2      397.58]
  [     1194.4      397.98]
  [     1221.7      404.09]
  [       1183      404.91]
  [     1242.7      458.54]
  [     1161.9      458.07]
  [     1253.4      525.72]
  [     1145.7      521.58]
  [     1247.9      584.09]
  [     1141.9      581.25]
  [     1220.5       583.9]
  [       1169      582.74]
  [     1212.3      670.31]
  [     1163.7      667.61]
  [       1209      750.48]
  [     1150.4      747.57]]

 [[     1308.5      341.18]
  [     1313.1      327.83]
  [          0           0]
  [     1341.1      325.84]
  [          0           0]
  [       1354      398.44]
  [     1377.7      390.13]
  [     1337.4       499.8]
  [          0           0]
  [     1305.3      582.57]
  [          0           0]
  [     1352.4      587.07]
  [     1368.4      580.94]
  [     1350.7      721.85]
  [       1360       713.5]
  [     1363.9      843.94]
  [     1365.1      831.59]]]