[[[     886.18       417.2]
  [     893.03      410.35]
  [     878.94      410.22]
  [          0           0]
  [     866.37      415.32]
  [     910.01      461.24]
  [     845.53      461.41]
  [          0           0]
  [     830.75      520.18]
  [          0           0]
  [     831.87      572.43]
  [     899.42      573.02]
  [     856.57      573.11]
  [      898.9      647.68]
  [     850.98      647.74]
  [     895.33      717.44]
  [     840.05      717.62]]

 [[          0           0]
  [          0           0]
  [          0           0]
  [     932.34      355.88]
  [          0           0]
  [     942.28      414.84]
  [     989.24      413.55]
  [     920.33       500.9]
  [          0           0]
  [     890.87      565.07]
  [          0           0]
  [     945.43      571.97]
  [     975.34      569.39]
  [     953.35      686.63]
  [     967.36      681.71]
  [     965.29      789.89]
  [     968.21      784.72]]

 [[     1007.5      432.68]
  [     1016.2      425.86]
  [     1003.4      426.43]
  [     1033.9      432.61]
  [          0           0]
  [     1041.1      466.35]
  [     1008.7      472.11]
  [     1006.7      480.78]
  [          0           0]
  [     998.04      454.67]
  [          0           0]
  [     1033.3      583.09]
  [     1005.6      583.77]
  [     1032.8      663.73]
  [     1009.7      664.36]
  [       1042      746.16]
  [     1019.2      740.73]]]