[[[     1019.2      408.07]
  [       1027      401.54]
  [     1012.5      401.14]
  [     1037.6       408.7]
  [     1002.1      407.66]
  [     1055.6      459.79]
  [     979.64      458.01]
  [     1064.2      522.32]
  [     964.76       519.2]
  [     1057.9      577.96]
  [     961.09      575.09]
  [     1035.2      575.05]
  [     986.22      573.41]
  [     1029.3      656.11]
  [      980.2      653.37]
  [       1023      733.29]
  [     967.56       729.5]]

 [[          0           0]
  [          0           0]
  [          0           0]
  [       1133      340.16]
  [          0           0]
  [     1145.8      409.12]
  [     1177.9      402.27]
  [     1128.9      503.06]
  [          0           0]
  [       1101      575.25]
  [          0           0]
  [     1145.3      580.45]
  [     1166.6      575.81]
  [     1144.3      704.44]
  [     1155.6      700.33]
  [     1154.6      817.77]
  [       1158       810.6]]]