[[[     888.55       419.1]
  [     894.91      411.85]
  [     881.12      411.92]
  [          0           0]
  [     867.39      416.43]
  [     909.63      462.36]
  [     846.05      462.73]
  [          0           0]
  [     831.48      522.01]
  [          0           0]
  [     832.82      573.49]
  [     899.47      574.68]
  [     857.22      574.96]
  [     899.09      649.41]
  [     851.53      649.07]
  [      894.3      719.27]
  [     839.69      720.09]]

 [[          0           0]
  [          0           0]
  [          0           0]
  [      933.1      357.52]
  [          0           0]
  [     942.49      416.48]
  [     990.45      415.29]
  [     921.42      502.38]
  [          0           0]
  [     892.83       566.9]
  [          0           0]
  [     946.06      573.11]
  [     977.03      570.57]
  [     953.68      687.96]
  [     969.76      682.97]
  [     965.57      791.71]
  [     970.38      786.32]]

 [[     1007.4      434.13]
  [     1016.5      427.67]
  [     1003.7      427.96]
  [     1034.8      434.94]
  [          0           0]
  [     1041.6      468.24]
  [     1008.1      473.44]
  [     1007.6      484.35]
  [          0           0]
  [     998.13      458.46]
  [          0           0]
  [     1033.7      584.53]
  [     1005.2      584.89]
  [     1033.1       666.6]
  [     1008.7      666.65]
  [     1042.3      748.06]
  [     1019.8      742.08]]]