[[[     885.49      422.88]
  [     892.64      416.34]
  [     879.16      416.23]
  [     902.87       421.6]
  [     870.11      421.35]
  [     917.89      465.95]
  [      851.2      466.49]
  [          0           0]
  [     838.46      523.51]
  [          0           0]
  [     835.55      576.24]
  [     904.46      574.58]
  [     860.93      574.18]
  [     897.27      652.04]
  [     855.75      650.35]
  [      896.9      722.85]
  [     847.25      721.21]]

 [[          0           0]
  [          0           0]
  [          0           0]
  [     937.74      365.19]
  [          0           0]
  [     949.18      422.26]
  [     986.41      415.65]
  [     934.93      505.33]
  [          0           0]
  [      917.2      574.28]
  [          0           0]
  [     951.96      577.34]
  [     981.14      572.46]
  [     962.04      688.95]
  [     971.58      683.78]
  [      971.9      794.92]
  [     976.69      786.31]]

 [[     1009.2      442.61]
  [       1018       435.6]
  [     1005.4      435.94]
  [     1036.7      440.37]
  [          0           0]
  [     1047.6      480.77]
  [     1009.9      482.05]
  [     1036.9      537.89]
  [          0           0]
  [     996.71      564.06]
  [          0           0]
  [     1037.8      590.57]
  [     1009.1      589.46]
  [     1035.7      667.76]
  [     1015.2      668.38]
  [       1045      745.69]
  [     1022.7      741.24]]]