[[[     1243.4      386.94]
  [     1252.1      378.93]
  [     1234.8      379.34]
  [       1264      386.35]
  [     1221.2      387.42]
  [       1285      441.96]
  [     1199.6      442.57]
  [     1298.7      515.47]
  [     1178.9      513.63]
  [     1293.2      577.55]
  [     1176.9      575.89]
  [     1261.8      578.31]
  [     1204.9      577.35]
  [     1253.8      670.72]
  [     1196.2       670.2]
  [     1243.6      759.77]
  [     1183.5      754.11]]

 [[     1369.6      310.96]
  [     1375.3      294.94]
  [          0           0]
  [     1411.1      292.02]
  [          0           0]
  [     1428.2      373.68]
  [     1433.7      366.95]
  [     1405.2      494.58]
  [          0           0]
  [     1373.6       580.4]
  [          0           0]
  [     1420.1      591.47]
  [     1421.5      586.63]
  [     1422.9      738.66]
  [     1418.4      733.64]
  [       1433      879.67]
  [     1418.5      866.68]]]