[[[     879.07      409.47]
  [     886.73      403.23]
  [     872.41      403.06]
  [     897.54      410.65]
  [     862.66      410.13]
  [     915.95      461.26]
  [      841.3      458.61]
  [     924.95       523.4]
  [     826.63      517.52]
  [     919.05       577.4]
  [     821.77      570.47]
  [     894.64      576.34]
  [     846.18      574.31]
  [     890.63      657.56]
  [     840.47      653.53]
  [     887.55      730.64]
  [     832.94      728.92]]

 [[          0           0]
  [          0           0]
  [          0           0]
  [     986.12      344.84]
  [          0           0]
  [     1006.9      408.12]
  [     1028.6      406.19]
  [     986.67      503.86]
  [          0           0]
  [     963.58      574.25]
  [          0           0]
  [     1001.3      577.23]
  [     1014.2      574.12]
  [     1003.8       698.3]
  [     1008.4      694.24]
  [     1019.2      809.63]
  [     1017.1      802.37]]

 [[          0           0]
  [          0           0]
  [          0           0]
  [          0           0]
  [          0           0]
  [     1049.1      478.66]
  [          0           0]
  [     1057.3       536.5]
  [          0           0]
  [          0           0]
  [          0           0]
  [     1042.5      587.28]
  [          0           0]
  [     1041.7       669.6]
  [          0           0]
  [       1049      751.55]
  [          0           0]]]