[[[     1307.5      356.07]
  [     1318.3       345.1]
  [       1297      345.31]
  [     1333.1      355.08]
  [     1279.5      355.17]
  [     1361.1      433.12]
  [     1248.7      428.44]
  [     1374.3      523.48]
  [     1223.2      519.77]
  [     1367.4         601]
  [     1220.2      597.62]
  [     1330.2      604.22]
  [     1255.8      600.96]
  [     1318.9      717.49]
  [     1245.9      716.43]
  [     1309.5      827.84]
  [     1230.8      819.35]]

 [[     1540.4      217.72]
  [     1553.5      196.86]
  [          0           0]
  [     1616.3      192.67]
  [          0           0]
  [     1658.5      303.64]
  [     1626.3      297.07]
  [       1649      464.98]
  [          0           0]
  [       1572      573.84]
  [          0           0]
  [     1639.9      617.53]
  [     1613.7      608.31]
  [       1639      841.26]
  [     1606.5      832.43]
  [     1668.4      1047.4]
  [     1613.6      1020.1]]

 [[     1510.2       368.6]
  [     1521.5      355.12]
  [          0           0]
  [     1558.1      358.84]
  [          0           0]
  [     1577.1      435.73]
  [     1538.2      438.38]
  [          0           0]
  [          0           0]
  [          0           0]
  [          0           0]
  [     1560.4      616.76]
  [     1533.9      614.98]
  [     1561.6      759.05]
  [     1543.2      759.06]
  [          0           0]
  [     1562.4      879.98]]]