[[[     1263.3      369.54]
  [     1273.5      359.83]
  [     1254.2      359.73]
  [     1287.2      369.44]
  [     1238.5      368.87]
  [     1308.1      438.74]
  [       1214      436.85]
  [       1325      523.08]
  [     1190.4      519.28]
  [     1316.2      592.02]
  [     1188.1       586.7]
  [     1283.2      592.55]
  [     1220.3      591.02]
  [     1277.9      694.22]
  [     1210.1      693.26]
  [     1269.6      793.89]
  [     1196.4      788.34]]

 [[     1435.9      259.22]
  [     1446.8      242.47]
  [          0           0]
  [     1494.9       246.4]
  [          0           0]
  [       1512      341.21]
  [       1514      331.96]
  [     1491.2      482.92]
  [          0           0]
  [     1446.8      588.64]
  [          0           0]
  [     1508.9      603.66]
  [       1505      595.75]
  [     1509.9       786.1]
  [       1491      779.89]
  [     1539.9      961.54]
  [     1497.4      931.97]]]