[[[      847.7       346.1]
  [     860.15      335.49]
  [     836.94      335.32]
  [     877.59      347.98]
  [     819.01      347.09]
  [     903.74      428.16]
  [     790.63      424.38]
  [     920.09      526.85]
  [     762.12      519.87]
  [     914.95      603.88]
  [     760.33       598.9]
  [     875.15       605.5]
  [     800.18      603.39]
  [     865.45      721.77]
  [     790.54      721.88]
  [     855.75      836.15]
  [     773.78      830.89]]

 [[     1096.4       192.1]
  [     1114.8      172.84]
  [     1095.3      172.53]
  [     1172.9      182.81]
  [          0           0]
  [     1190.3      301.87]
  [     1158.1      293.17]
  [     1180.2      466.07]
  [          0           0]
  [     1107.4      578.51]
  [          0           0]
  [     1163.3      612.72]
  [     1136.9      603.23]
  [     1167.7       840.5]
  [     1140.8      828.14]
  [     1195.3      1045.6]
  [     1145.8        1007]]

 [[     1060.6      371.62]
  [     1074.1      359.66]
  [     1052.7      361.23]
  [     1102.7      367.08]
  [          0           0]
  [     1115.3         437]
  [     1055.3      445.35]
  [          0           0]
  [       1046      543.15]
  [     1075.4      601.31]
  [     1029.5      607.87]
  [     1092.8      614.61]
  [     1054.3      615.35]
  [     1101.3      752.46]
  [     1066.8      750.27]
  [     1117.1      868.84]
  [     1091.2       864.9]]]