[[[     1301.2      345.75]
  [     1312.3      335.87]
  [       1290      335.01]
  [     1325.5      347.12]
  [     1269.9      345.14]
  [     1355.6      421.03]
  [     1237.6       420.5]
  [     1370.8      518.49]
  [     1213.2      516.03]
  [     1364.9      598.49]
  [     1211.2      599.12]
  [     1326.2      599.16]
  [     1247.5      597.43]
  [     1317.3      718.26]
  [     1237.3      718.68]
  [     1310.8      835.36]
  [     1221.8      824.39]]

 [[     1558.9      192.33]
  [     1571.1      169.72]
  [          0           0]
  [     1630.9      164.69]
  [          0           0]
  [     1673.5      279.26]
  [     1656.8       275.1]
  [       1664      451.35]
  [          0           0]
  [     1582.4      572.93]
  [          0           0]
  [       1653      619.73]
  [     1637.3      610.14]
  [     1655.7      860.53]
  [     1618.4      847.47]
  [       1684      1058.6]
  [     1631.8        1033]]

 [[     1528.1      355.89]
  [     1542.6      341.73]
  [     1518.7      344.84]
  [       1576      349.53]
  [          0           0]
  [     1592.6      431.24]
  [     1526.3       441.3]
  [          0           0]
  [     1513.3      546.02]
  [          0           0]
  [     1494.1      616.95]
  [     1570.6      629.35]
  [     1527.9      630.58]
  [     1576.5      772.56]
  [     1545.6      772.24]
  [     1594.5      895.67]
  [     1567.9      891.02]]]