[[[     1259.9      379.85]
  [     1269.4      370.88]
  [     1250.6      370.93]
  [     1281.8      379.25]
  [     1235.8      379.33]
  [     1305.6      441.73]
  [     1211.2      440.56]
  [     1319.7      521.14]
  [       1189      518.14]
  [     1311.6      590.17]
  [     1185.8      586.48]
  [     1279.6      589.26]
  [     1216.7      587.11]
  [     1273.6      689.47]
  [     1208.3      688.96]
  [       1264      783.99]
  [     1194.5      775.44]]

 [[     1413.6      280.55]
  [     1423.5       264.8]
  [          0           0]
  [     1466.8      267.15]
  [          0           0]
  [     1481.9      357.28]
  [     1483.7      348.45]
  [     1464.2      492.63]
  [          0           0]
  [     1425.7      591.58]
  [          0           0]
  [     1477.7      601.67]
  [     1474.6      594.65]
  [     1477.3      770.62]
  [       1463      763.03]
  [     1505.1      935.22]
  [     1468.9      909.85]]]