[[[     879.02      409.43]
  [     887.15      403.34]
  [     872.65      403.04]
  [     899.36      411.48]
  [     863.77      410.73]
  [     918.66      462.48]
  [     843.28       460.1]
  [     927.15      524.91]
  [     829.08      520.72]
  [     920.65      579.02]
  [     823.54      575.51]
  [     897.29      578.36]
  [     848.19      576.46]
  [     893.58      659.04]
  [     843.42      655.48]
  [     890.18      733.73]
  [     836.06      733.36]]

 [[          0           0]
  [          0           0]
  [          0           0]
  [     990.24       344.6]
  [          0           0]
  [     1009.6      407.15]
  [     1033.5      405.03]
  [     991.41       504.7]
  [          0           0]
  [     968.46      578.17]
  [          0           0]
  [     1006.1      578.49]
  [     1021.4      575.66]
  [     1007.3      700.18]
  [     1015.2      697.01]
  [     1024.1      813.54]
  [     1022.9      807.38]]]