[[[          0           0]
  [          0           0]
  [     351.01      317.74]
  [          0           0]
  [     318.94      329.07]
  [     192.14       433.9]
  [     327.64      440.29]
  [          0           0]
  [     357.88       591.6]
  [          0           0]
  [     396.66      680.88]
  [     209.69      731.33]
  [     308.57      737.94]
  [     219.75      954.43]
  [     315.86      959.86]
  [          0           0]
  [          0           0]]

 [[     707.04      350.62]
  [     724.64      340.59]
  [     703.65      337.52]
  [     763.32      353.23]
  [          0           0]
  [     795.86      424.56]
  [     692.92      427.56]
  [      827.9      534.68]
  [     682.62      537.24]
  [     760.54      618.98]
  [     664.47      620.98]
  [      764.3      646.66]
  [     695.28      646.07]
  [     769.67      807.81]
  [     704.25      804.69]
  [     776.01      963.89]
  [      715.2      951.14]]]