[[[     388.06      505.34]
  [     393.76      499.16]
  [     382.98      498.82]
  [     407.68      491.95]
  [          0           0]
  [     429.44      515.11]
  [     369.13      515.33]
  [     452.11      560.15]
  [     345.06      552.14]
  [     430.49      597.32]
  [     365.45      538.24]
  [     416.95      609.04]
  [     377.33      608.56]
  [     422.46      679.31]
  [     377.12       679.6]
  [     426.96      746.82]
  [     374.77      747.13]]

 [[          0           0]
  [          0           0]
  [          0           0]
  [     768.56       484.6]
  [          0           0]
  [     763.31      517.38]
  [     826.12      509.59]
  [     749.59      565.46]
  [     861.51      549.69]
  [     759.09      605.23]
  [     843.87       590.6]
  [     782.71      622.63]
  [     823.42      618.11]
  [     783.35      700.69]
  [     822.11      694.21]
  [     789.93      779.58]
  [     824.31      767.36]]]