[[[     650.86       483.6]
  [     653.33      473.63]
  [          0           0]
  [     667.75      464.66]
  [          0           0]
  [     679.55      498.38]
  [     727.05      498.69]
  [     697.38       563.1]
  [     759.13      561.83]
  [     674.21      622.62]
  [     728.14      599.98]
  [     695.03      637.59]
  [     737.51      635.75]
  [     665.02       728.3]
  [      743.1      724.68]
  [     660.33      822.03]
  [     783.74      814.05]]

 [[     290.38      494.89]
  [     297.92      489.72]
  [     283.71      487.83]
  [     304.83      497.71]
  [     271.23      492.79]
  [      307.4      539.94]
  [     249.89      536.55]
  [      312.3      583.82]
  [     231.53      587.85]
  [     339.71      593.93]
  [     257.48      604.65]
  [     303.87      642.32]
  [     264.85      642.69]
  [     315.75      711.12]
  [     267.95       714.6]
  [     299.17      783.88]
  [     264.42      790.27]]

 [[          0           0]
  [          0           0]
  [          0           0]
  [     155.91      486.76]
  [     203.62      489.87]
  [     129.75      526.61]
  [     229.87      535.32]
  [     102.93      595.91]
  [     245.87      616.14]
  [     88.745      645.97]
  [      229.5      665.58]
  [     134.32      675.72]
  [     202.42       678.3]
  [     110.87      736.45]
  [          0           0]
  [          0           0]
  [          0           0]]]