[[[     424.15      487.74]
  [      428.6      479.07]
  [     414.92       480.4]
  [          0           0]
  [     392.35      484.34]
  [     446.17      526.47]
  [     370.92      518.27]
  [     458.51      581.78]
  [     319.41      517.22]
  [     448.93      624.27]
  [     274.61      503.15]
  [     424.11      645.93]
  [     374.16      640.93]
  [     424.29      724.03]
  [     368.62      720.08]
  [     423.68      800.96]
  [     367.38      796.69]]

 [[     509.59      462.75]
  [     518.45      455.68]
  [     508.27      455.88]
  [     543.53      462.15]
  [          0           0]
  [     569.46      509.66]
  [     501.46      511.75]
  [     596.61      561.56]
  [     484.89      561.94]
  [     566.22      607.36]
  [     480.09      609.36]
  [     555.45      633.69]
  [     509.45      633.11]
  [     558.96      718.45]
  [     509.98      716.64]
  [     568.94      800.58]
  [     517.79      801.17]]

 [[     661.96      437.43]
  [     672.04      428.76]
  [     656.76      429.33]
  [     695.71      432.36]
  [          0           0]
  [     720.49      482.26]
  [     645.28      483.63]
  [     728.34      549.52]
  [     626.51      542.27]
  [     673.36      586.36]
  [     632.56      583.25]
  [     698.92      613.52]
  [     649.27       612.5]
  [      702.7      712.52]
  [     656.96      712.56]
  [     712.86      809.46]
  [     664.69      806.55]]]