[[[     386.24      505.95]
  [     392.13      500.26]
  [     381.68      499.51]
  [     407.47      493.35]
  [          0           0]
  [     429.11       514.2]
  [     369.38      513.32]
  [     452.32      559.47]
  [     346.61       551.9]
  [     431.62      593.98]
  [     365.63       538.8]
  [     416.66       609.1]
  [     377.38      607.96]
  [     422.13      678.52]
  [     377.14      677.62]
  [     427.28      746.01]
  [     375.12      746.53]]

 [[     720.82      506.82]
  [     726.12      501.27]
  [     715.68      502.48]
  [     735.98      504.52]
  [      710.6      507.55]
  [     753.55      535.61]
  [     703.73      538.04]
  [     774.38      575.01]
  [      686.4      572.44]
  [     759.27      606.32]
  [     712.59      556.55]
  [     742.79      620.39]
  [      709.3      620.65]
  [     746.46      683.27]
  [     699.31      680.17]
  [     744.82      740.31]
  [     715.45      739.55]]]