[[[     773.66      479.89]
  [     778.47      473.76]
  [     766.84      472.88]
  [          0           0]
  [     749.45      475.52]
  [     794.73      517.52]
  [     724.61      514.38]
  [     812.59      567.21]
  [     700.65      562.54]
  [     804.03      610.74]
  [     738.29       592.7]
  [     779.14       626.1]
  [     734.01       625.4]
  [     778.34      707.06]
  [     734.42      707.99]
  [     771.53      784.63]
  [     731.57      784.93]]

 [[     860.53       496.7]
  [     868.38      490.87]
  [     858.09      490.52]
  [     887.61      496.03]
  [          0           0]
  [     908.71      536.48]
  [     847.59      535.89]
  [     919.92      585.91]
  [     833.23      583.89]
  [      916.7      632.23]
  [     828.37      629.52]
  [     896.56      639.78]
  [     855.25      638.54]
  [     905.14      713.98]
  [     848.61      713.12]
  [     914.24      785.29]
  [     850.16      785.94]]

 [[          0           0]
  [     901.41       485.8]
  [          0           0]
  [     913.75      489.93]
  [          0           0]
  [     932.06      534.75]
  [     933.52      531.19]
  [     929.77      602.91]
  [          0           0]
  [     917.41      657.97]
  [          0           0]
  [     939.76      655.02]
  [     937.77      651.57]
  [     942.95      740.13]
  [      927.2       736.7]
  [     951.43      823.74]
  [     927.47      816.53]]]