[[[        323       393.2]
  [     336.13      384.81]
  [     318.64      383.68]
  [     365.96      393.73]
  [          0           0]
  [     397.18      450.29]
  [     303.31      449.49]
  [     430.06      526.48]
  [     292.58      523.75]
  [     395.79      595.08]
  [     281.98      583.83]
  [     374.47      610.51]
  [     313.15      607.76]
  [     379.74      725.65]
  [     318.02       724.2]
  [     380.82      831.41]
  [     325.56      830.94]]

 [[          0           0]
  [          0           0]
  [          0           0]
  [          0           0]
  [     98.565      389.54]
  [     9.6053      453.47]
  [     114.75       455.5]
  [          0           0]
  [        135      560.15]
  [          0           0]
  [     147.34      617.56]
  [     7.9093      646.28]
  [     84.752      645.57]
  [          0           0]
  [     99.214      782.93]
  [          0           0]
  [     98.458      929.53]]]