[[[     623.71      407.24]
  [     636.34      398.62]
  [     619.62      397.12]
  [     664.43      406.64]
  [          0           0]
  [     691.91      460.52]
  [     608.18      461.55]
  [     721.11      540.34]
  [     595.22      537.66]
  [     686.06      610.74]
  [     584.69      602.65]
  [     669.11       627.3]
  [     613.65      627.91]
  [     672.62      744.18]
  [     620.22       744.3]
  [     678.61      856.84]
  [     631.35       850.9]]

 [[          0           0]
  [          0           0]
  [          0           0]
  [          0           0]
  [     397.27      403.76]
  [     294.12      478.98]
  [     405.39       477.9]
  [          0           0]
  [     424.64      581.45]
  [          0           0]
  [        446       646.5]
  [     309.97      683.66]
  [     387.27      686.21]
  [     326.16      821.71]
  [     397.17      825.58]
  [     322.02      959.58]
  [     387.04      968.36]]]