[[[     534.73      445.18]
  [     543.57      440.08]
  [     532.25      438.39]
  [     561.78      447.44]
  [          0           0]
  [     580.02       488.9]
  [     518.27      486.52]
  [     605.95      538.69]
  [     508.24      532.48]
  [     583.61      587.39]
  [     504.48      574.61]
  [     567.16      601.12]
  [      525.4      599.92]
  [     576.23      679.31]
  [     529.14      680.62]
  [     584.38      756.89]
  [      537.2      758.27]]

 [[          0           0]
  [          0           0]
  [          0           0]
  [          0           0]
  [     411.31      458.43]
  [     348.83      508.31]
  [     424.79      508.36]
  [      333.4      576.26]
  [     443.23      575.03]
  [     354.88      608.42]
  [      452.4      610.69]
  [     362.66      635.51]
  [     410.31      636.43]
  [     386.11      718.08]
  [     411.12      719.14]
  [      392.5      806.37]
  [     403.39      813.02]]

 [[     349.36      460.39]
  [          0           0]
  [     341.86       453.4]
  [          0           0]
  [     320.72      458.59]
  [     342.12      500.69]
  [     303.08      500.66]
  [          0           0]
  [     302.87      554.74]
  [          0           0]
  [     343.21      582.97]
  [     342.43      610.81]
  [     311.97      612.77]
  [     349.56      693.46]
  [     306.34      697.22]
  [     342.68      773.82]
  [     287.92      779.46]]]