[[[          0           0]
  [          0           0]
  [          0           0]
  [          0           0]
  [     293.97      332.18]
  [     168.55      430.42]
  [      298.5      436.38]
  [          0           0]
  [      327.8      577.75]
  [          0           0]
  [      372.6       668.4]
  [     181.84      705.34]
  [     274.11      713.12]
  [     198.21      905.21]
  [     285.27      907.44]
  [          0           0]
  [     268.91      1069.4]]

 [[     656.18      357.95]
  [     673.19      348.54]
  [     653.22      344.94]
  [     709.41      361.24]
  [          0           0]
  [     738.71      430.04]
  [      641.2      430.67]
  [     765.26      532.19]
  [     628.29      531.96]
  [      700.5      610.12]
  [     610.32      609.09]
  [     705.74      634.76]
  [      639.4      633.13]
  [     707.11      782.89]
  [     635.32      778.38]
  [     705.71      923.62]
  [     640.57      915.98]]

 [[     360.19       386.9]
  [     363.67      375.99]
  [     347.27      374.78]
  [          0           0]
  [     314.16       382.2]
  [     374.97      466.78]
  [     280.72      460.36]
  [     393.83      551.37]
  [          0           0]
  [     389.24      620.03]
  [          0           0]
  [     365.14      654.28]
  [     302.22      654.04]
  [     366.35      797.24]
  [     307.21      795.15]
  [     345.27      917.31]
  [     303.03      923.94]]]