[[[     697.37      427.54]
  [     710.67      417.85]
  [     692.11      418.24]
  [     738.39      428.09]
  [          0           0]
  [     755.93      495.56]
  [     666.54      485.82]
  [      738.2      554.57]
  [     604.53      490.37]
  [      693.7      545.84]
  [     548.82      465.31]
  [     720.21       662.4]
  [     659.55      655.97]
  [      720.4      777.37]
  [     649.52      770.23]
  [     724.26      880.36]
  [     655.61      876.74]]

 [[     837.58      397.39]
  [     849.11      385.58]
  [     833.02      387.65]
  [     882.28      392.41]
  [          0           0]
  [     927.69      460.92]
  [     824.95      473.03]
  [     974.15      536.17]
  [     812.97      557.73]
  [     954.55      611.02]
  [     798.34      633.04]
  [     904.82      643.72]
  [     837.35      646.61]
  [     907.25         772]
  [     841.45      774.69]
  [     921.42      895.71]
  [     852.47       885.2]]

 [[     1016.3      346.38]
  [       1027      331.96]
  [     1013.8      333.49]
  [     1068.5      332.31]
  [          0           0]
  [       1130      399.63]
  [     1015.8       415.7]
  [     1150.9      509.33]
  [     993.36      515.62]
  [     1068.1      581.94]
  [     1008.7      578.96]
  [     1114.2       621.2]
  [     1035.8      626.99]
  [     1129.9      781.27]
  [     1054.8      777.63]
  [     1142.5      929.81]
  [     1061.9      918.82]]]