[[[      388.3      503.06]
  [     394.65      497.79]
  [     384.26      496.53]
  [     409.77      493.27]
  [          0           0]
  [     430.22      514.56]
  [     370.51      512.39]
  [     452.45      559.47]
  [     347.21      551.24]
  [     431.15      595.41]
  [     364.84      540.01]
  [     417.06      608.98]
  [     377.95      607.31]
  [     420.95      679.97]
  [     377.56      678.65]
  [     425.11      747.73]
  [     375.95      748.16]]

 [[     833.92      476.45]
  [     840.88      470.64]
  [     827.12      469.77]
  [     849.18       477.5]
  [     814.55      475.01]
  [     864.32      520.15]
  [     793.38      518.84]
  [      877.7      565.26]
  [     776.57      571.24]
  [     873.46      606.05]
  [     794.59      610.09]
  [     858.49      630.12]
  [     813.87      630.65]
  [     848.81      713.77]
  [     820.09      714.95]
  [     835.24      783.05]
  [     825.52      798.71]]]