[[[     388.76      504.46]
  [     394.71       498.9]
  [     384.04      498.11]
  [     408.65      492.73]
  [          0           0]
  [     429.72      514.01]
  [     369.89      512.31]
  [     452.68      559.57]
  [     346.55       550.1]
  [     431.15      595.85]
  [     365.58      538.84]
  [      416.8      609.43]
  [      377.7      608.01]
  [     420.51      680.75]
  [     377.94      679.34]
  [     425.29      747.84]
  [     375.45      747.95]]

 [[     855.06      462.85]
  [     862.45      455.51]
  [     846.59      455.73]
  [     871.43      461.09]
  [     831.78      461.89]
  [     886.26      509.88]
  [     807.97      511.94]
  [     898.76      565.29]
  [     786.19      568.81]
  [     891.04      604.06]
  [     804.36      614.99]
  [     874.71      635.02]
  [     824.29      636.56]
  [     882.35      725.07]
  [     826.14      726.67]
  [     887.22      816.92]
  [     829.27       811.4]]]