[[[     403.69      72.526]
  [          0           0]
  [     379.71      35.621]
  [          0           0]
  [     278.93      33.348]
  [     119.83      203.32]
  [      245.1      204.58]
  [          0           0]
  [     205.55      517.12]
  [          0           0]
  [     400.26      745.14]
  [     142.96      838.62]
  [     244.25      859.74]
  [          0           0]
  [          0           0]
  [          0           0]
  [          0           0]]

 [[     664.47      259.73]
  [     669.29      242.21]
  [     639.91      242.78]
  [          0           0]
  [     585.08      264.87]
  [     709.33      394.34]
  [     519.53      381.04]
  [     702.55      541.33]
  [     463.56      521.93]
  [     636.05      614.51]
  [     547.15      610.03]
  [      678.3      711.31]
  [     549.16      708.75]
  [     655.41      944.56]
  [     509.22      946.26]
  [          0           0]
  [          0           0]]

 [[     1071.1      122.34]
  [     1098.4      96.184]
  [     1057.7      102.95]
  [     1172.5      116.42]
  [          0           0]
  [     1259.3      252.45]
  [     1052.5      277.66]
  [     1346.8      420.84]
  [       1023      461.04]
  [     1294.5      612.48]
  [     1008.6      613.08]
  [     1203.5       653.8]
  [       1066      655.42]
  [     1234.3      957.16]
  [     1100.4      944.53]
  [          0           0]
  [          0           0]]]