[[[     1549.2      278.56]
  [     1558.3         255]
  [     1520.2      273.89]
  [     1584.5       261.6]
  [     1492.1      308.41]
  [     1669.7      378.43]
  [     1463.7      408.41]
  [     1772.1      450.03]
  [     1421.9      540.79]
  [     1696.1      513.83]
  [       1409      670.88]
  [       1630      701.59]
  [     1496.3      703.06]
  [     1618.4         923]
  [     1472.5      910.64]
  [          0           0]
  [          0           0]]

 [[     1263.7      253.06]
  [     1275.2      239.24]
  [     1243.2      233.16]
  [          0           0]
  [     1191.5      244.56]
  [     1302.3      369.81]
  [     1117.8      351.65]
  [     1330.3      508.48]
  [       1052      490.79]
  [     1329.1      620.78]
  [     1190.9      523.27]
  [     1267.6       659.8]
  [     1144.6      657.24]
  [     1246.7      876.97]
  [     1127.9      878.55]
  [          0           0]
  [          0           0]]

 [[     1825.2      140.94]
  [     1835.9      101.89]
  [          0           0]
  [     1908.8        94.7]
  [          0           0]
  [          0           0]
  [          0           0]
  [          0           0]
  [          0           0]
  [          0           0]
  [          0           0]
  [          0           0]
  [          0           0]
  [          0           0]
  [          0           0]
  [          0           0]
  [          0           0]]]