[[[     574.63      255.47]
  [     597.11      239.97]
  [     568.61      239.35]
  [     651.08      255.96]
  [          0           0]
  [      702.4      357.02]
  [     562.88      365.61]
  [     755.07      496.75]
  [     553.54      504.91]
  [     687.52      620.11]
  [     529.67      614.06]
  [     662.19       644.7]
  [     570.05      645.11]
  [     681.41      849.69]
  [     594.66      845.69]
  [     691.99      1041.4]
  [     615.38      1029.5]]

 [[     185.16      299.38]
  [     187.73      282.22]
  [     160.01      284.72]
  [          0           0]
  [     104.77      306.13]
  [     230.94      415.54]
  [     54.291      414.57]
  [          0           0]
  [          0           0]
  [          0           0]
  [          0           0]
  [     211.92      704.65]
  [     92.825      703.24]
  [     182.84       905.9]
  [     57.084      901.12]
  [     147.11      1052.7]
  [     20.937      1027.9]]

 [[          0           0]
  [          0           0]
  [          0           0]
  [          0           0]
  [          0           0]
  [          0           0]
  [          0           0]
  [          0           0]
  [          0           0]
  [          0           0]
  [     56.074      719.26]
  [          0           0]
  [          0           0]
  [          0           0]
  [          0           0]
  [          0           0]
  [          0           0]]]