[[[     944.53      282.34]
  [     963.96      264.83]
  [     941.78      267.58]
  [     1024.1      279.06]
  [          0           0]
  [     1102.2      388.94]
  [     935.97      407.57]
  [     1180.4      511.95]
  [     918.13       555.1]
  [     1147.8      647.12]
  [     890.06      676.54]
  [     1061.3       698.8]
  [     951.01      700.25]
  [     1070.7       911.2]
  [     957.88      908.79]
  [          0           0]
  [          0           0]]

 [[      748.9      343.33]
  [      770.6      330.22]
  [      740.4       330.9]
  [     809.69      351.97]
  [          0           0]
  [     841.69      458.69]
  [     693.64      437.24]
  [     860.24      590.22]
  [     579.36      425.29]
  [     813.68      688.49]
  [     573.85      300.87]
  [      784.8      714.75]
  [     688.43      708.03]
  [     789.93      895.72]
  [     685.89       886.8]
  [      801.4      1056.6]
  [     690.24      1042.5]]

 [[     1299.6      132.79]
  [     1327.1      105.01]
  [     1284.1      116.08]
  [     1403.3      122.83]
  [          0           0]
  [       1494      262.19]
  [     1261.3       284.2]
  [     1553.4      453.37]
  [     1204.6       475.9]
  [     1381.6      607.28]
  [     1251.4      593.16]
  [     1450.9       673.7]
  [     1295.5      675.84]
  [     1465.5      962.54]
  [     1305.9      965.03]
  [          0           0]
  [          0           0]]]