[[[       1535      196.37]
  [     1539.1      164.94]
  [          0           0]
  [     1597.4      154.46]
  [          0           0]
  [       1681      310.44]
  [       1667      311.35]
  [     1665.5      550.32]
  [          0           0]
  [     1584.4      764.09]
  [          0           0]
  [     1643.7      790.32]
  [     1622.8      777.94]
  [          0           0]
  [          0           0]
  [          0           0]
  [          0           0]]

 [[     1078.7      265.32]
  [     1090.5      252.59]
  [     1060.7      246.52]
  [          0           0]
  [     1014.2      254.85]
  [     1114.3      370.29]
  [     946.72      352.57]
  [     1142.2      496.42]
  [     884.54      481.98]
  [     1143.7      598.44]
  [     1014.3      509.89]
  [     1088.1      637.75]
  [     975.38      635.42]
  [     1076.3      834.18]
  [     961.46      838.91]
  [       1068      1020.9]
  [     942.66        1029]]

 [[     1319.6      293.05]
  [     1337.7      273.97]
  [     1304.7      282.05]
  [     1381.2      286.75]
  [          0           0]
  [     1435.4      389.53]
  [     1265.6       409.8]
  [     1526.1       457.4]
  [     1233.9      534.28]
  [     1459.1      504.71]
  [     1225.7      647.83]
  [     1401.8       673.5]
  [       1290      675.74]
  [     1395.3      871.79]
  [     1273.5      859.94]
  [     1381.1        1045]
  [     1258.5      1027.2]]]