[[[     1429.4      246.18]
  [     1427.7      203.54]
  [          0           0]
  [     1507.5      156.41]
  [          0           0]
  [     1533.1      260.44]
  [     1752.4      267.38]
  [       1555      543.36]
  [          0           0]
  [     1516.2      823.23]
  [          0           0]
  [     1667.8      856.91]
  [     1846.5      843.29]
  [          0           0]
  [          0           0]
  [          0           0]
  [          0           0]]

 [[     405.52      490.95]
  [     411.04       485.6]
  [     399.96      484.66]
  [          0           0]
  [     385.25      483.07]
  [     422.83      514.62]
  [     360.89      513.45]
  [      433.7      551.44]
  [     340.66      553.51]
  [      436.1      575.89]
  [     379.08      568.45]
  [     413.61      610.92]
  [     372.58      611.83]
  [     422.19      680.89]
  [     370.66      683.27]
  [     428.44      748.65]
  [     370.89      751.14]]

 [[     718.47      505.54]
  [     724.39      500.46]
  [     713.33      500.25]
  [     732.73         505]
  [     705.59      504.39]
  [     747.31      537.44]
  [     692.55      536.67]
  [     766.16      573.09]
  [     671.97       573.4]
  [     756.09      607.46]
  [     683.74      606.79]
  [     732.95      624.92]
  [     697.42       623.7]
  [     731.64      685.82]
  [      689.6      684.06]
  [     730.94      743.79]
  [     695.62      738.13]]]