[[[     957.59      451.21]
  [     963.02      443.86]
  [     949.97       443.2]
  [          0           0]
  [      930.5      445.59]
  [     977.21      492.44]
  [     903.11      490.07]
  [     994.73      547.57]
  [     877.31      546.06]
  [     990.08      595.63]
  [     920.87      577.74]
  [     962.25      610.18]
  [     913.84      610.32]
  [     961.67      700.46]
  [     913.81      701.54]
  [     958.55      787.52]
  [     910.95      788.48]]

 [[     1102.9      461.02]
  [     1105.4       452.7]
  [          0           0]
  [     1117.4      458.53]
  [          0           0]
  [     1131.3      508.31]
  [     1146.3       503.6]
  [     1123.3      580.61]
  [          0           0]
  [     1105.4      644.35]
  [          0           0]
  [     1136.9      645.18]
  [     1148.3      642.08]
  [     1140.5      749.19]
  [     1141.1       745.5]
  [     1151.4      845.18]
  [     1147.3      837.38]]

 [[     1065.3      469.01]
  [     1072.4      462.38]
  [     1057.9      463.35]
  [     1083.9      468.61]
  [     1048.5      471.03]
  [     1101.6      509.59]
  [     1033.3      512.11]
  [     1108.9      551.51]
  [     1015.1      556.37]
  [     1083.4      540.91]
  [     1052.7      540.55]
  [     1090.5      624.41]
  [     1044.1      625.37]
  [     1099.8      710.33]
  [     1040.7      707.59]
  [     1102.6      789.17]
  [     1041.2      791.85]]]