[[[     114.51      230.81]
  [          0           0]
  [     105.24      204.73]
  [          0           0]
  [     56.021      206.97]
  [          0           0]
  [      53.57      342.07]
  [          0           0]
  [     98.131      555.62]
  [          0           0]
  [      173.1       691.9]
  [          0           0]
  [     52.358      741.18]
  [          0           0]
  [     77.668      1011.7]
  [          0           0]
  [          0           0]]

 [[     609.52      271.03]
  [     630.02      258.11]
  [     604.87      257.49]
  [     678.02      274.02]
  [          0           0]
  [     722.09         361]
  [      601.8      373.01]
  [     771.19       491.7]
  [     593.16       503.6]
  [     703.94      601.07]
  [      562.3      597.58]
  [     680.57       630.3]
  [      601.7      628.89]
  [     691.63      821.71]
  [     609.71      814.58]
  [     708.09      1001.8]
  [     635.91      985.51]]

 [[     245.48      309.98]
  [     245.31      293.06]
  [     222.19      297.69]
  [          0           0]
  [     174.35      318.21]
  [     280.21      417.68]
  [      132.1      416.19]
  [          0           0]
  [          0           0]
  [          0           0]
  [          0           0]
  [     268.19      681.24]
  [     168.01      681.82]
  [     244.17      860.69]
  [      143.7      864.12]
  [     211.05      1011.7]
  [     116.27      992.47]]]