[[[     387.94      504.78]
  [     393.62      499.16]
  [     383.26      498.55]
  [      407.8      492.41]
  [          0           0]
  [     429.63      513.44]
  [     369.89      512.16]
  [     452.52      558.66]
  [     346.63      550.09]
  [     431.48      594.88]
  [     365.97      538.39]
  [     416.74      609.36]
  [     377.69      608.01]
  [     420.41      680.65]
  [     377.82      678.89]
  [        425      747.88]
  [     375.17      748.21]]

 [[     891.86      441.34]
  [     900.63      433.89]
  [     882.83      433.67]
  [     911.84      443.39]
  [     867.53      442.66]
  [     930.34       496.6]
  [     845.45      495.78]
  [     943.69      559.11]
  [     820.76      559.31]
  [     934.75      606.38]
  [     840.75       606.2]
  [     917.05      632.54]
  [     862.84      633.19]
  [     911.48      739.37]
  [     868.71      739.71]
  [     896.84      830.64]
  [     872.18      842.17]]]