[[[     500.46      457.39]
  [     509.05      450.24]
  [     496.22       450.1]
  [     529.92      452.72]
  [          0           0]
  [     554.44      493.57]
  [     487.61      496.87]
  [     579.38      545.75]
  [     477.76      548.73]
  [     559.87      598.65]
  [     478.15      596.61]
  [     542.37      614.23]
  [     499.23      615.04]
  [     546.27      696.32]
  [     507.71      699.38]
  [     556.49      781.94]
  [     517.14      782.73]]

 [[          0           0]
  [          0           0]
  [          0           0]
  [     356.94      461.25]
  [     392.68      465.02]
  [     321.83      512.46]
  [     399.69      515.58]
  [     302.37      582.92]
  [     415.55      587.56]
  [          0           0]
  [     424.96      627.36]
  [     323.17      645.37]
  [     376.87      647.61]
  [     329.12      728.72]
  [     388.84      730.66]
  [     322.79       822.3]
  [      378.2      832.57]]

 [[     316.54      467.56]
  [      320.4      460.23]
  [     307.57      460.06]
  [          0           0]
  [     286.07      464.77]
  [     316.05      509.82]
  [     269.54      508.71]
  [          0           0]
  [     263.87      569.07]
  [          0           0]
  [     315.55      605.48]
  [     314.81      625.24]
  [      280.7      627.03]
  [     316.47      711.94]
  [     276.78      715.93]
  [      310.2      800.14]
  [     256.17      807.02]]

 [[          0           0]
  [          0           0]
  [          0           0]
  [     357.22      460.69]
  [      398.4      465.19]
  [     319.93      508.69]
  [     406.45      512.39]
  [     301.85      579.06]
  [     418.58      586.53]
  [      330.5      618.27]
  [     424.55      633.89]
  [     324.48      642.29]
  [     381.24      643.89]
  [          0           0]
  [     389.82      739.71]
  [          0           0]
  [          0           0]]]