[[[     306.24      463.68]
  [     315.67      458.08]
  [     302.45      457.25]
  [     335.52      464.29]
  [          0           0]
  [     356.55      502.92]
  [     286.29      501.95]
  [      386.4      552.92]
  [     273.33      547.24]
  [     357.37      600.92]
  [     270.07      591.58]
  [     340.56      615.31]
  [     294.22      614.14]
  [     343.48      692.67]
  [     297.22      693.91]
  [      345.9      774.94]
  [     309.05      770.34]]

 [[          0           0]
  [          0           0]
  [          0           0]
  [     150.42      469.61]
  [     189.76      470.55]
  [     119.06      519.43]
  [     208.49      521.64]
  [     97.097      581.66]
  [     228.97      587.93]
  [     111.23      620.87]
  [     227.76      627.19]
  [     128.91      648.87]
  [     189.44      649.32]
  [      130.9      725.32]
  [     183.18      723.87]
  [     133.42      813.78]
  [     175.07      810.73]]

 [[     84.476      467.59]
  [     87.115       459.7]
  [     75.608      460.28]
  [          0           0]
  [     54.473       466.8]
  [     91.494      515.74]
  [     30.735      514.19]
  [     96.731      572.32]
  [     18.495      568.83]
  [          0           0]
  [     74.641      585.65]
  [     86.148      627.91]
  [     44.853       629.8]
  [     95.303      708.49]
  [     42.982      713.39]
  [     78.735       787.6]
  [      33.43      801.22]]]