[[[     778.65      469.31]
  [     783.27      459.62]
  [     769.47      461.39]
  [          0           0]
  [     746.29      464.24]
  [     801.86      508.59]
  [     718.21      506.59]
  [     815.69      575.79]
  [     659.83      523.32]
  [     805.13      630.31]
  [     650.75      489.97]
  [     784.75      647.55]
  [     730.32      648.04]
  [     782.18      745.99]
  [     726.44      743.39]
  [     790.14      831.54]
  [     731.72      830.47]]

 [[     876.48      433.34]
  [     885.59      422.94]
  [     873.79      424.25]
  [     914.58      427.45]
  [          0           0]
  [     952.79      483.38]
  [     873.56      494.42]
  [     988.85      545.97]
  [     862.97      565.66]
  [     974.32      605.99]
  [     852.42      628.56]
  [     934.41         636]
  [     881.17      639.12]
  [      938.8      741.21]
  [     881.97      742.46]
  [     946.05      841.59]
  [     891.24      836.85]]

 [[     1048.7      385.85]
  [     1060.6      374.48]
  [     1043.2      375.32]
  [     1092.2      378.68]
  [          0           0]
  [     1127.3      436.22]
  [     1033.9      446.64]
  [     1143.7      523.68]
  [       1015      529.04]
  [     1077.9      581.77]
  [     1028.2      580.88]
  [     1114.3      614.77]
  [     1050.9      619.68]
  [     1122.3      745.22]
  [     1059.8      744.56]
  [     1129.4      865.98]
  [     1068.2      861.46]]]