[[[     817.62      462.71]
  [     822.18      457.43]
  [     811.78      456.33]
  [          0           0]
  [     796.52      459.45]
  [     834.09      498.31]
  [     773.97      495.25]
  [     849.48      540.65]
  [     755.12      538.37]
  [     833.08      569.38]
  [     792.36      564.91]
  [     823.72      592.09]
  [     784.19      591.37]
  [     820.44      665.75]
  [     781.37      666.83]
  [     819.08      735.48]
  [     780.71      736.43]]

 [[     932.09      469.01]
  [     939.96      464.49]
  [     928.67      465.23]
  [      955.9      473.78]
  [          0           0]
  [     965.82      514.18]
  [     920.33      516.13]
  [     973.71      567.13]
  [     908.57      564.89]
  [     952.52      607.15]
  [     905.85      610.89]
  [     953.49      613.19]
  [     923.08      613.33]
  [     950.74      688.57]
  [     927.57      688.38]
  [     952.07      760.18]
  [      938.3      757.73]]

 [[     895.99      482.02]
  [     901.09      475.31]
  [     889.58      478.45]
  [     912.79       477.5]
  [          0           0]
  [     930.84      510.19]
  [     883.74      516.56]
  [          0           0]
  [     873.91      555.18]
  [          0           0]
  [     870.56      592.58]
  [     924.96       596.8]
  [     892.59      598.32]
  [      925.3      666.29]
  [     884.35      664.18]
  [        925      728.86]
  [     882.59       726.1]]]