[[[          0           0]
  [          0           0]
  [          0           0]
  [     1431.7      268.22]
  [          0           0]
  [       1425      366.32]
  [     1655.3      373.89]
  [     1395.9      543.13]
  [     1729.9      568.46]
  [     1344.6      634.55]
  [     1725.7      725.14]
  [       1479      752.29]
  [     1640.5      762.13]
  [     1419.6      961.96]
  [     1610.1      1020.9]
  [          0           0]
  [          0           0]]

 [[          0           0]
  [     1619.1      317.84]
  [          0           0]
  [     1664.1      314.52]
  [          0           0]
  [     1660.5      404.11]
  [     1807.9      399.97]
  [          0           0]
  [     1831.1      524.82]
  [          0           0]
  [          0           0]
  [     1695.1      671.06]
  [       1792      663.43]
  [     1682.6       857.6]
  [     1764.8      853.16]
  [     1730.4      1025.9]
  [     1786.8      1029.2]]]