[[[     777.83      484.97]
  [     782.64      475.28]
  [     768.45      477.66]
  [          0           0]
  [     746.73      481.83]
  [     801.21      523.09]
  [     721.51      522.58]
  [     816.28      588.19]
  [     666.11      540.41]
  [     805.94      639.24]
  [     653.06      510.94]
  [     783.15      656.98]
  [     731.39      657.37]
  [     778.58      753.59]
  [     724.57      750.82]
  [     782.99      837.48]
  [     727.32       836.7]]

 [[     1040.3      405.86]
  [     1051.4      394.93]
  [     1035.2      395.88]
  [     1081.5      398.64]
  [          0           0]
  [     1117.1      453.79]
  [     1025.5      464.39]
  [       1131      538.02]
  [     1007.6      541.78]
  [     1066.4      593.74]
  [     1019.3      593.84]
  [       1104      625.45]
  [     1041.4      630.14]
  [     1110.1       754.9]
  [     1049.9      752.43]
  [     1117.3      873.54]
  [     1053.6      867.05]]

 [[     871.79       450.9]
  [      880.6      441.29]
  [     868.65      442.84]
  [     909.48      444.53]
  [          0           0]
  [      945.6      498.79]
  [     868.95      507.97]
  [     982.32      559.45]
  [     855.86      575.26]
  [     965.63      619.81]
  [     845.91      639.12]
  [     925.73       646.9]
  [     874.05      649.22]
  [     930.82      750.12]
  [     875.58      750.45]
  [     939.49      846.65]
  [     884.52      845.13]]]