[[[     922.36      413.88]
  [     929.84       404.7]
  [     912.87      402.82]
  [          0           0]
  [     887.09      404.96]
  [     946.97      469.36]
  [      850.6      462.27]
  [     969.16      541.93]
  [     821.26      534.13]
  [      967.7      600.23]
  [     878.25      571.74]
  [     931.15      622.19]
  [     867.57      620.25]
  [     927.53      735.64]
  [     864.17      735.04]
  [     917.65      840.99]
  [     858.36      846.32]]

 [[     1046.9      437.93]
  [     1055.1      427.62]
  [     1036.3      430.99]
  [       1071      431.49]
  [     1023.2      439.86]
  [     1105.4      487.89]
  [     1011.2      492.55]
  [     1116.6      541.53]
  [     985.11      557.91]
  [     1075.8      533.75]
  [       1019       557.7]
  [     1087.4      645.46]
  [     1023.7      646.73]
  [     1105.2      751.41]
  [     1038.5      752.38]
  [     1117.5      857.67]
  [     1053.5      845.68]]

 [[          0           0]
  [          0           0]
  [          0           0]
  [     1127.2      410.98]
  [          0           0]
  [     1170.3      468.42]
  [     1165.9      470.39]
  [     1105.9      490.28]
  [          0           0]
  [     1101.1      429.84]
  [          0           0]
  [     1162.7      660.65]
  [     1155.8      656.48]
  [     1172.5      805.64]
  [     1158.6      798.34]
  [     1182.8      932.58]
  [     1172.2      915.59]]]