[[[          0           0]
  [     1061.6      403.78]
  [          0           0]
  [     1076.2      391.54]
  [          0           0]
  [     1075.5      458.08]
  [     1197.2      456.07]
  [     1062.3       567.7]
  [          0           0]
  [     1013.2      600.33]
  [          0           0]
  [     1097.1      696.79]
  [     1189.4      696.82]
  [     1077.5      842.89]
  [     1181.3      867.04]
  [       1059      964.93]
  [     1195.9      1043.4]]

 [[     710.36      499.66]
  [     715.73      494.78]
  [     704.95      495.17]
  [     723.37      499.91]
  [     697.18      500.85]
  [     737.79      533.85]
  [     684.05      535.33]
  [     754.85      569.19]
  [     669.68      571.69]
  [     752.42      602.64]
  [     669.22      604.02]
  [     727.95      620.53]
  [     692.73      620.89]
  [     730.36       683.9]
  [      691.9      682.56]
  [     734.17      742.75]
  [     691.96      742.37]]

 [[     488.12      504.37]
  [     491.76      499.62]
  [     485.31      497.58]
  [          0           0]
  [     468.37      490.97]
  [     469.92      519.32]
  [     447.86      512.98]
  [          0           0]
  [     462.93      552.98]
  [     474.68      592.17]
  [     480.92      591.27]
  [     450.86      602.75]
  [     433.66      600.76]
  [     451.11      674.53]
  [     436.64      670.77]
  [     437.01      740.49]
  [     423.37      745.03]]]