[[[     802.78      489.01]
  [     807.08      484.27]
  [     797.46      483.38]
  [          0           0]
  [     784.03      485.78]
  [     819.68      521.74]
  [     762.95      518.52]
  [      832.4      561.92]
  [     742.39      557.86]
  [     822.11      583.08]
  [     769.33      580.39]
  [     806.69      607.11]
  [     770.45      606.33]
  [      803.2      672.13]
  [     769.12      672.97]
  [     795.71      734.79]
  [     769.71       737.9]]

 [[     890.22      502.27]
  [     894.79      497.24]
  [     884.48      497.26]
  [          0           0]
  [     873.66      501.77]
  [     906.76      534.62]
  [     859.24      532.16]
  [     910.19      573.63]
  [     843.45      565.32]
  [     888.57      588.61]
  [     872.72       573.6]
  [     894.75      610.91]
  [      862.6      610.53]
  [     900.37      672.68]
  [     864.23      672.55]
  [     906.74      732.91]
  [     863.19       734.6]]

 [[          0           0]
  [          0           0]
  [          0           0]
  [     913.75      501.72]
  [          0           0]
  [     920.38      538.06]
  [     941.36      535.34]
  [      899.4      581.62]
  [          0           0]
  [     877.02      586.83]
  [          0           0]
  [     919.32      630.11]
  [        932      627.43]
  [     922.42      697.73]
  [     923.65      695.51]
  [     931.61      762.67]
  [     922.75      760.34]]]