[[[          0           0]
  [          0           0]
  [          0           0]
  [          0           0]
  [          0           0]
  [       1631      166.29]
  [     1265.9      222.53]
  [       1810      417.47]
  [     1218.6      507.79]
  [     1755.4      691.56]
  [     1175.2      726.76]
  [     1532.8      811.91]
  [       1287      811.01]
  [          0           0]
  [          0           0]
  [          0           0]
  [          0           0]]

 [[     984.53      158.72]
  [     1006.2      138.87]
  [     951.69      137.25]
  [     1024.7      187.63]
  [     891.06      181.94]
  [     1064.4      369.39]
  [      816.2      294.26]
  [     1095.3      570.56]
  [     677.11      225.39]
  [     1016.6      732.11]
  [     759.34      41.533]
  [     975.58      787.01]
  [     807.43      763.41]
  [          0           0]
  [          0           0]
  [          0           0]
  [          0           0]]]