[[[     402.73       485.8]
  [     406.48      476.77]
  [     392.91      479.02]
  [          0           0]
  [     368.89       485.4]
  [     427.32      528.88]
  [      345.1      520.35]
  [     442.09      587.42]
  [     291.76      518.88]
  [     431.08      634.71]
  [     240.78      501.19]
  [     405.69      656.17]
  [     351.83       651.7]
  [     400.93      740.89]
  [     345.98      738.23]
  [     405.19      812.71]
  [     347.03      813.82]]

 [[     492.74      460.68]
  [     501.79      453.45]
  [     491.33       453.8]
  [     527.44      460.51]
  [          0           0]
  [     556.01       510.7]
  [     483.59      515.01]
  [     579.93      568.22]
  [     473.53      572.38]
  [     554.97      617.19]
  [      462.1      621.83]
  [     539.92       641.8]
  [     491.03      642.21]
  [     545.44      728.32]
  [     494.76       729.3]
  [     555.91      815.65]
  [     502.53      814.29]]

 [[     632.26      436.85]
  [      640.6      428.06]
  [     631.52      427.46]
  [     668.72      430.81]
  [          0           0]
  [     705.71       477.9]
  [     632.75      482.21]
  [      713.4      550.35]
  [     615.09      547.05]
  [     655.13      595.42]
  [     618.36      589.37]
  [     691.24      621.38]
  [     640.95      621.39]
  [      701.7       723.9]
  [     649.54      725.52]
  [     708.45      821.06]
  [      651.2      817.54]]]