[[[          0           0]
  [          0           0]
  [          0           0]
  [          0           0]
  [          0           0]
  [          0           0]
  [     1584.1      51.484]
  [          0           0]
  [     1501.6       358.7]
  [          0           0]
  [     1609.8      545.79]
  [          0           0]
  [     1663.1      746.38]
  [          0           0]
  [          0           0]
  [          0           0]
  [          0           0]]

 [[     1047.5      75.659]
  [     1079.3      41.879]
  [     1033.6      55.152]
  [     1174.1      71.046]
  [          0           0]
  [     1300.7      253.17]
  [     1021.3      298.12]
  [     1432.8      451.75]
  [        984      532.43]
  [     1397.9      672.73]
  [     949.44      720.56]
  [     1228.2      774.73]
  [     1043.4      777.23]
  [          0           0]
  [          0           0]
  [          0           0]
  [          0           0]]

 [[     732.76      223.86]
  [     763.49      202.32]
  [     719.65      204.29]
  [     825.64      240.08]
  [     710.32      239.89]
  [     879.06      397.64]
  [     656.07      386.98]
  [     888.84      600.79]
  [     564.24         530]
  [     813.71      742.75]
  [     445.98      425.66]
  [     781.15      778.74]
  [     631.76      766.98]
  [     795.01      1052.5]
  [     635.43      1040.5]
  [          0           0]
  [          0           0]]]