[[[          0           0]
  [     1071.6      399.28]
  [          0           0]
  [     1083.3      386.08]
  [          0           0]
  [     1084.1      452.52]
  [     1205.7      449.85]
  [     1068.2      566.17]
  [          0           0]
  [     1017.5      600.26]
  [          0           0]
  [     1105.1      697.22]
  [       1198      697.19]
  [     1085.9      845.43]
  [     1184.9      871.06]
  [     1063.3      966.19]
  [     1196.5      1047.2]]

 [[     710.09      499.75]
  [     715.57      494.92]
  [     704.87      495.15]
  [     723.48      499.84]
  [     697.41      500.42]
  [     737.92      533.36]
  [     684.32      534.63]
  [     754.52       569.1]
  [     670.14      571.64]
  [     751.23      603.14]
  [     670.18       604.8]
  [     728.47      620.19]
  [     693.36      620.44]
  [     730.98      683.38]
  [     692.22      681.97]
  [      734.2      742.87]
  [     692.04       741.9]]

 [[     487.14      503.68]
  [     490.42      498.67]
  [     484.59      496.85]
  [          0           0]
  [     467.71      490.09]
  [     467.51      519.33]
  [     446.33      512.82]
  [     463.67      557.23]
  [     459.84      550.91]
  [     473.88      589.66]
  [     479.69      584.36]
  [     451.13      601.77]
  [     434.94      599.63]
  [     448.94      673.99]
  [     433.98      668.95]
  [     435.33      739.97]
  [     413.48      741.27]]]