[[[     1327.4       141.2]
  [       1340      123.66]
  [       1300      118.84]
  [          0           0]
  [       1239      140.49]
  [     1379.1      296.49]
  [     1153.2      278.11]
  [     1420.7      464.43]
  [     1079.5      444.86]
  [     1427.2      600.12]
  [     1239.3      522.19]
  [       1344      653.44]
  [     1193.8      652.44]
  [     1332.3      921.15]
  [     1192.8      923.22]
  [          0           0]
  [          0           0]]

 [[     1762.4      151.03]
  [     1772.9      123.23]
  [     1722.5      138.19]
  [          0           0]
  [       1668       185.5]
  [     1890.5      296.72]
  [     1607.5      327.79]
  [          0           0]
  [     1556.2      501.77]
  [          0           0]
  [       1562      664.58]
  [     1839.5      695.72]
  [     1650.9      699.63]
  [     1818.6      980.84]
  [     1618.7      975.47]
  [          0           0]
  [          0           0]]]