[[[     918.78       395.1]
  [     925.83      385.96]
  [     907.53      384.78]
  [          0           0]
  [     880.34      390.81]
  [     944.02      457.01]
  [     841.23      449.27]
  [     962.82      536.77]
  [      809.1      530.25]
  [     952.58      592.04]
  [     872.65      570.25]
  [     926.64      623.32]
  [     858.03      621.34]
  [     922.27      748.03]
  [      855.2      748.44]
  [     910.26      860.49]
  [     848.98      865.56]]

 [[     1052.7      426.49]
  [     1060.9      415.29]
  [     1041.4      418.94]
  [     1077.3      421.88]
  [     1026.9       430.8]
  [     1110.7      484.47]
  [     1012.4      490.67]
  [       1130      550.23]
  [     994.85      557.49]
  [     1090.9      583.11]
  [     1030.2      584.81]
  [     1099.7      645.05]
  [       1034      646.52]
  [       1111      763.06]
  [     1039.9      764.02]
  [     1121.7      866.34]
  [     1054.8      867.36]]

 [[          0           0]
  [     1122.4      393.16]
  [          0           0]
  [     1139.7      396.55]
  [          0           0]
  [     1173.1      469.36]
  [       1174      462.58]
  [     1158.7      578.69]
  [          0           0]
  [     1129.3      658.06]
  [          0           0]
  [     1178.4      678.86]
  [     1176.4      674.12]
  [     1185.6      827.01]
  [     1174.4      820.14]
  [     1198.6      965.32]
  [     1181.2      941.47]]]