[[[     696.32      340.52]
  [     714.44      329.73]
  [     692.26      326.89]
  [     754.85      341.95]
  [          0           0]
  [     788.49      416.19]
  [     685.14      417.95]
  [     822.69      528.12]
  [     675.22      526.24]
  [     754.96      612.64]
  [     658.34       612.7]
  [     757.26      641.15]
  [     687.89      640.28]
  [     764.75      805.61]
  [     699.03      802.16]
  [     771.68      961.93]
  [     708.12      950.33]]

 [[          0           0]
  [          0           0]
  [     329.42      307.53]
  [          0           0]
  [     296.93      318.99]
  [     169.48      426.96]
  [     306.75      431.82]
  [          0           0]
  [     339.08      579.78]
  [          0           0]
  [     386.97      679.81]
  [     190.85      733.73]
  [     286.95      740.17]
  [     198.97      964.71]
  [     296.14       958.8]
  [          0           0]
  [          0           0]]

 [[     379.36      375.37]
  [     384.17      363.27]
  [     363.98      360.82]
  [          0           0]
  [     322.21      368.84]
  [     370.48      465.14]
  [     287.18      454.86]
  [     373.02      578.42]
  [          0           0]
  [      386.6      672.39]
  [          0           0]
  [     364.57       674.6]
  [     308.32      674.78]
  [     366.43      833.07]
  [     313.15      831.61]
  [     348.24      948.34]
  [          0           0]]]