[[[     402.27      410.61]
  [     414.45      402.31]
  [      398.7      400.76]
  [     441.79      410.17]
  [          0           0]
  [     465.69      462.56]
  [     390.44      461.65]
  [     495.04      530.65]
  [     379.25      529.22]
  [      458.4      593.06]
  [      364.2      580.55]
  [     439.44      609.82]
  [      389.6      607.31]
  [     438.72      713.24]
  [     375.96       707.6]
  [     429.15      809.24]
  [     373.64      804.85]]

 [[     129.73      420.66]
  [          0           0]
  [     119.43      413.71]
  [          0           0]
  [     84.456      423.15]
  [     123.36      470.51]
  [     47.065       472.6]
  [          0           0]
  [     55.432      552.88]
  [          0           0]
  [     113.02      567.57]
  [     122.33      616.95]
  [     67.022      620.65]
  [          0           0]
  [          0           0]
  [          0           0]
  [          0           0]]

 [[          0           0]
  [          0           0]
  [          0           0]
  [          0           0]
  [     180.44      406.69]
  [      85.54      472.23]
  [      198.7      468.55]
  [     76.153       573.8]
  [     223.52      567.99]
  [          0           0]
  [     241.74         623]
  [     98.735       640.3]
  [     179.97      638.74]
  [          0           0]
  [          0           0]
  [          0           0]
  [          0           0]]]