[[[     833.31      460.82]
  [     838.34      455.18]
  [      827.4      454.54]
  [          0           0]
  [     813.76      457.13]
  [     853.49      495.13]
  [     791.47      492.97]
  [     872.08      540.15]
  [     771.42      536.29]
  [     863.02      576.45]
  [      803.7      562.99]
  [     841.27      591.61]
  [     801.13      591.15]
  [     839.06      665.55]
  [     799.71       666.3]
  [     837.53      735.68]
  [     800.48      735.95]]

 [[     935.02      470.58]
  [     940.24       464.2]
  [          0           0]
  [     958.07       468.8]
  [          0           0]
  [        967      504.71]
  [     959.69      507.95]
  [     959.75      554.28]
  [          0           0]
  [     942.81      598.81]
  [     935.86      597.51]
  [     956.31      606.98]
  [     950.25      606.79]
  [     959.07      685.72]
  [     951.92      685.05]
  [     968.95      758.22]
  [     961.38      753.54]]

 [[     916.36      476.62]
  [     921.08      469.39]
  [     909.63      472.74]
  [     932.92      470.33]
  [          0           0]
  [     950.08      504.19]
  [     906.59      512.04]
  [          0           0]
  [     892.97       551.8]
  [          0           0]
  [     888.72      593.03]
  [     940.25      598.71]
  [     911.14      601.38]
  [     946.82      668.25]
  [     910.39       668.7]
  [     952.47      730.76]
  [     914.43      730.26]]]