[[[     347.13      428.01]
  [     359.51      419.31]
  [     343.17       417.4]
  [     387.35      426.25]
  [          0           0]
  [     412.94      478.22]
  [     331.63       477.7]
  [     444.79      549.91]
  [     318.23      547.25]
  [     409.25      614.95]
  [     308.31      606.74]
  [     390.71      631.92]
  [     337.06      631.14]
  [     390.32      741.82]
  [     333.25      739.13]
  [     384.71      846.41]
  [     336.18      840.53]]

 [[          0           0]
  [          0           0]
  [          0           0]
  [          0           0]
  [     125.67      429.25]
  [     20.687      489.74]
  [     138.83      490.27]
  [     5.7548      592.26]
  [      161.4      593.33]
  [          0           0]
  [          0           0]
  [     29.527      670.26]
  [     110.34      671.03]
  [          0           0]
  [          0           0]
  [          0           0]
  [          0           0]]]