[[[     754.15      477.81]
  [      759.1      466.81]
  [      743.8      468.35]
  [          0           0]
  [     716.83       470.6]
  [     778.21      519.99]
  [     688.56      515.62]
  [     796.97      590.75]
  [     628.06      526.69]
  [     780.35      648.73]
  [     620.24      490.82]
  [     759.21       665.1]
  [     700.25      662.99]
  [     761.67      766.93]
  [     701.51       762.5]
  [      764.2      854.01]
  [     703.07      850.48]]

 [[       1035       387.7]
  [     1046.8      375.53]
  [     1030.4       376.7]
  [     1081.4      379.08]
  [          0           0]
  [     1121.8       439.1]
  [     1024.7      452.17]
  [     1137.9      531.56]
  [     1006.1      539.37]
  [     1067.5      590.25]
  [     1018.5      591.95]
  [     1108.3      625.95]
  [     1041.9      631.76]
  [     1117.6      763.26]
  [     1053.3      762.97]
  [     1127.1      890.35]
  [     1060.5      885.83]]

 [[     870.43      432.55]
  [     881.31      423.41]
  [      862.3       425.7]
  [     904.06       431.9]
  [          0           0]
  [     939.24      489.05]
  [     850.92      501.23]
  [     977.12      554.56]
  [     839.88      576.19]
  [     961.67      621.34]
  [     827.92      642.25]
  [     920.26      651.67]
  [     862.23      653.73]
  [      923.7      762.43]
  [     862.31      761.83]
  [     933.64      866.95]
  [     872.64      859.98]]]