[[[     281.67      435.16]
  [     293.92      421.22]
  [     269.35      422.89]
  [     319.11      418.54]
  [      256.2      422.18]
  [     344.45      484.33]
  [     233.79      471.71]
  [     364.47      561.71]
  [     166.88      470.04]
  [     383.07      630.06]
  [     138.93      464.52]
  [     317.49      662.72]
  [     247.15       660.1]
  [     312.36      783.59]
  [     231.95      785.18]
  [     308.02      892.89]
  [     210.81      895.59]]

 [[     592.68      424.96]
  [     603.49      416.08]
  [     585.13      415.89]
  [     620.63      424.99]
  [     574.28      424.73]
  [     640.73      482.33]
  [     558.28      482.08]
  [      670.1      541.23]
  [     533.28       541.9]
  [     660.04      570.46]
  [     527.83      577.37]
  [     627.81      623.33]
  [     572.67       624.3]
  [     645.62      724.15]
  [     572.91      726.79]
  [     669.89      826.25]
  [     582.91      820.49]]

 [[     119.28      226.16]
  [          0           0]
  [     125.36      200.13]
  [          0           0]
  [     95.652      156.28]
  [          0           0]
  [     38.711       232.9]
  [          0           0]
  [     5.1508       427.1]
  [          0           0]
  [     65.804      634.91]
  [          0           0]
  [     25.216      657.71]
  [          0           0]
  [          0           0]
  [          0           0]
  [          0           0]]]