[[[          0           0]
  [          0           0]
  [          0           0]
  [          0           0]
  [     301.68       241.8]
  [     113.35      312.22]
  [     271.91      299.73]
  [     35.735      491.53]
  [     256.85      462.21]
  [     106.43       610.5]
  [     329.38      619.67]
  [     123.41      640.66]
  [     241.82      639.43]
  [     200.64      880.06]
  [     351.22      845.36]
  [          0           0]
  [     259.47      1050.5]]

 [[     598.75      443.61]
  [     608.13      434.77]
  [     590.11      435.36]
  [     623.55      441.78]
  [     578.66      443.65]
  [     649.71      495.46]
  [     562.16      499.33]
  [     674.19      551.31]
  [     538.05      557.84]
  [     670.44      580.83]
  [     543.14      602.08]
  [     640.92      633.38]
  [     584.13      636.09]
  [     648.03      733.51]
  [        588      735.33]
  [     646.36      821.45]
  [     598.53      826.76]]]