[[[          0           0]
  [          0           0]
  [          0           0]
  [     1456.9      254.33]
  [          0           0]
  [     1430.9      369.02]
  [     1703.9      354.82]
  [     1368.6      576.47]
  [     1814.6       570.8]
  [     1332.4      745.25]
  [     1830.3      739.88]
  [     1490.8      782.66]
  [     1669.3      770.81]
  [     1467.9        1028]
  [     1616.7      1018.9]
  [          0           0]
  [          0           0]]

 [[          0           0]
  [          0           0]
  [          0           0]
  [     1698.2      305.87]
  [          0           0]
  [     1705.1      403.64]
  [     1856.8      396.35]
  [          0           0]
  [     1904.7      528.95]
  [          0           0]
  [     1844.8      620.81]
  [     1736.1      687.41]
  [     1819.7       678.9]
  [     1748.9      892.49]
  [     1769.6      889.39]
  [     1839.5      1057.3]
  [     1803.5      1045.9]]]