[[[     331.47      489.45]
  [     338.07      482.76]
  [     326.99      482.69]
  [     356.91       479.2]
  [          0           0]
  [     387.43      510.24]
  [     320.26      513.01]
  [     418.89      553.36]
  [     307.76      559.38]
  [     435.46      598.32]
  [     288.64      603.21]
  [     382.33      614.57]
  [     340.82      614.64]
  [     382.76      687.23]
  [     347.88      687.42]
  [     383.45         765]
  [      364.2      758.14]]

 [[          0           0]
  [          0           0]
  [          0           0]
  [          0           0]
  [     211.59      478.84]
  [     147.41      525.12]
  [     228.58      523.49]
  [          0           0]
  [     247.12         592]
  [          0           0]
  [          0           0]
  [     159.71      654.03]
  [      220.9      653.33]
  [     173.58      721.07]
  [     257.35      713.92]
  [     179.24      813.44]
  [     241.45      806.68]]

 [[     161.68       483.3]
  [          0           0]
  [     154.16      475.88]
  [          0           0]
  [     131.77      479.09]
  [     153.33      520.74]
  [     104.91      518.07]
  [          0           0]
  [     64.183      565.79]
  [          0           0]
  [     82.453      615.79]
  [     139.86       632.5]
  [     107.75      633.39]
  [     144.16      702.39]
  [     102.53      707.11]
  [     145.55      780.55]
  [     89.784      787.91]]

 [[     164.23      485.33]
  [          0           0]
  [     156.64      477.94]
  [          0           0]
  [        131      480.94]
  [     158.54      521.12]
  [     108.29      517.43]
  [          0           0]
  [     65.045      563.91]
  [          0           0]
  [     79.198      616.34]
  [     153.17      637.55]
  [     117.26      637.32]
  [          0           0]
  [     107.72      704.93]
  [          0           0]
  [     96.988      782.38]]]