[[[          0           0]
  [          0           0]
  [          0           0]
  [     988.33      439.45]
  [          0           0]
  [     977.94      496.03]
  [     1082.5      489.24]
  [      950.5      572.68]
  [       1114      570.04]
  [     942.09      623.97]
  [     1147.1      644.52]
  [     1000.1       671.9]
  [     1066.9      667.58]
  [     1007.1      797.47]
  [     1047.7       784.8]
  [     1042.6      925.53]
  [     1031.9      893.34]]

 [[     531.66      511.39]
  [     536.45      505.38]
  [     527.53      504.12]
  [          0           0]
  [     511.19      496.17]
  [     526.97      523.64]
  [     483.52      517.31]
  [     524.23       560.8]
  [     455.15      557.95]
  [     532.77      591.58]
  [     483.37      596.29]
  [     514.51      611.19]
  [     486.28      611.24]
  [      529.8      675.78]
  [     486.55      680.22]
  [     488.34      726.04]
  [     487.79      754.06]]

 [[     710.75      500.81]
  [     716.42      496.06]
  [     705.48      496.26]
  [     724.72      500.51]
  [     698.12      501.01]
  [     738.55      531.57]
  [      685.7      533.09]
  [     755.48      564.63]
  [     669.07      568.61]
  [     755.56      599.73]
  [     666.35       604.9]
  [     729.26       618.8]
  [      694.6      619.17]
  [     731.66      683.17]
  [     692.77      682.26]
  [     733.73      743.12]
  [     691.55      743.31]]]