[[[     614.52      366.03]
  [      634.8       357.8]
  [     610.34      357.34]
  [     671.51       384.1]
  [          0           0]
  [        698      476.79]
  [     568.19      451.07]
  [     709.78      586.43]
  [     475.48      415.85]
  [     673.47      669.01]
  [      405.4      345.37]
  [     649.25      691.31]
  [     563.91      682.23]
  [     659.46      843.25]
  [     558.02      837.97]
  [      670.5      982.68]
  [     566.62      971.68]]

 [[     781.25      334.94]
  [     795.58      318.53]
  [      777.6      322.21]
  [     844.25      327.07]
  [          0           0]
  [     909.99      420.15]
  [      776.3      437.92]
  [     975.69      521.47]
  [     762.03      553.98]
  [     947.83      625.13]
  [     738.69      653.86]
  [     880.51      670.33]
  [     792.49      672.89]
  [     893.11      842.41]
  [     799.51      841.03]
  [     920.63      1005.4]
  [      823.7       990.3]]

 [[     1095.8      231.33]
  [     1117.9      215.36]
  [     1082.7      216.77]
  [     1158.8      232.96]
  [          0           0]
  [       1215      334.96]
  [     1044.1       349.9]
  [       1247      481.71]
  [     1006.8      488.11]
  [     1133.6      579.91]
  [     1043.9      571.67]
  [     1179.9      634.27]
  [     1069.8      636.81]
  [     1177.1      856.96]
  [     1093.4      853.69]
  [       1174      1051.8]
  [     1113.7      1048.5]]]