[[[     1043.5      444.47]
  [     1050.8      434.98]
  [     1033.1      437.17]
  [     1062.1       440.5]
  [     1017.3      446.26]
  [     1080.5       493.9]
  [     1004.8      501.32]
  [     1088.2      550.68]
  [     985.25      561.02]
  [     1072.6      557.93]
  [     1018.2       559.8]
  [       1074      639.61]
  [     1023.6      643.44]
  [     1087.3      740.53]
  [     1033.2      745.24]
  [     1097.9      831.02]
  [     1042.6      835.05]]

 [[      917.9      422.22]
  [     925.45      413.36]
  [     908.82      411.97]
  [          0           0]
  [     885.83      414.41]
  [     941.34      473.97]
  [      851.8      467.74]
  [     966.11      544.08]
  [     822.17      536.62]
  [     961.75      599.74]
  [     875.49      573.27]
  [     925.97      621.25]
  [     866.71      619.43]
  [     923.91      730.55]
  [     863.19      728.59]
  [      915.5      833.66]
  [     860.08      836.46]]

 [[          0           0]
  [          0           0]
  [          0           0]
  [       1121      430.13]
  [          0           0]
  [     1152.1      481.83]
  [     1155.9      481.23]
  [     1079.6      501.24]
  [          0           0]
  [     1092.3      435.07]
  [          0           0]
  [     1146.6      662.42]
  [     1146.3      658.16]
  [     1153.7      798.56]
  [     1146.3      792.39]
  [     1165.1      914.79]
  [     1156.1      902.73]]]