[[[     672.09       478.9]
  [     674.29      469.33]
  [          0           0]
  [     691.05      461.09]
  [          0           0]
  [     703.58      492.94]
  [      749.2      494.81]
  [     718.29      554.66]
  [     774.65      558.68]
  [      690.9       606.4]
  [     737.54      597.35]
  [     722.05      632.18]
  [     764.19      632.39]
  [     687.56      728.19]
  [     770.06      726.98]
  [     661.21      822.79]
  [     791.53      822.05]]

 [[          0           0]
  [          0           0]
  [          0           0]
  [     153.98      482.62]
  [     199.21      483.07]
  [     129.49      525.63]
  [     231.18      530.56]
  [     104.65      593.39]
  [     251.13      611.38]
  [     95.063      637.11]
  [     253.24      665.68]
  [      137.9      671.94]
  [     208.65      672.38]
  [          0           0]
  [          0           0]
  [          0           0]
  [          0           0]]

 [[     310.37       495.2]
  [     317.37      489.61]
  [     303.26      488.65]
  [     324.46      496.84]
  [     289.97      494.22]
  [     327.84      540.08]
  [     268.05      535.67]
  [     329.78      585.29]
  [      243.4      576.08]
  [     361.64         601]
  [     271.46      599.28]
  [     315.33      642.43]
  [     271.42      643.19]
  [     341.06      707.88]
  [     263.58      715.25]
  [     361.59      790.46]
  [     257.89      799.33]]]