[[[     615.21      486.39]
  [      618.9      481.05]
  [     609.36      480.71]
  [          0           0]
  [     595.06      483.96]
  [        634      519.64]
  [     576.07      517.08]
  [     650.99      561.07]
  [     555.46      557.51]
  [     632.47       568.9]
  [     590.32       566.3]
  [      621.7      609.67]
  [     584.81      608.95]
  [     619.62      677.45]
  [     587.79      677.07]
  [     615.43      741.87]
  [     590.02       743.5]]

 [[      707.4      501.71]
  [     713.19      496.25]
  [     702.39      496.94]
  [     723.75      500.31]
  [          0           0]
  [     736.95      534.35]
  [     689.68      534.82]
  [     747.91      575.68]
  [     673.38      572.67]
  [          0           0]
  [     679.73      606.95]
  [     727.12      621.59]
  [      695.5      621.57]
  [     730.23      684.99]
  [     695.19      683.56]
  [     739.36       742.1]
  [     696.85      742.57]]

 [[          0           0]
  [     733.89      496.51]
  [          0           0]
  [     744.83      500.67]
  [          0           0]
  [     758.74      538.06]
  [     759.14       535.6]
  [     754.35      588.75]
  [          0           0]
  [     737.36      624.93]
  [          0           0]
  [     753.32      632.76]
  [     753.12      630.41]
  [     752.82      699.24]
  [     750.04      698.51]
  [     759.67      765.14]
  [     753.43      761.39]]]