[[[     828.05      481.26]
  [     833.13       476.6]
  [      822.8      475.42]
  [          0           0]
  [      810.5      477.85]
  [     847.65      513.97]
  [     790.62      510.54]
  [     863.42      555.52]
  [     768.44      549.84]
  [     851.39      590.54]
  [     798.58      560.73]
  [     834.99      604.45]
  [     797.94      603.05]
  [     832.44      671.28]
  [     795.59      669.61]
  [     828.47       734.1]
  [     795.59      732.82]]

 [[          0           0]
  [     927.31      493.33]
  [          0           0]
  [     937.73      497.02]
  [          0           0]
  [     948.61      531.45]
  [     963.13      527.95]
  [     921.03      570.01]
  [          0           0]
  [     915.97      538.96]
  [          0           0]
  [     947.14      625.73]
  [     956.06      623.05]
  [     944.96      693.58]
  [     944.87      693.04]
  [     955.81      759.09]
  [     945.95      755.38]]

 [[      912.8      498.01]
  [     917.36      492.57]
  [     907.38      493.11]
  [          0           0]
  [     899.53      497.19]
  [     936.43      527.63]
  [     890.83      529.53]
  [          0           0]
  [     879.88      570.96]
  [          0           0]
  [     899.72      598.27]
  [      931.3      609.02]
  [     900.07       609.9]
  [     931.55      671.21]
  [     897.47      672.76]
  [      931.3      728.27]
  [     897.16      728.76]]]