[[[          0           0]
  [          0           0]
  [          0           0]
  [     191.38      481.06]
  [     228.15       480.7]
  [     163.72       526.6]
  [      246.3      523.68]
  [     144.03      590.14]
  [     262.47      588.51]
  [     172.23      621.59]
  [     268.42      630.74]
  [     172.22      650.85]
  [     228.94      649.56]
  [      177.8      719.02]
  [     235.87      717.45]
  [     170.67      799.94]
  [     228.59      802.76]]

 [[     329.87      484.85]
  [     337.57      478.19]
  [      324.2       477.9]
  [     354.27      476.55]
  [          0           0]
  [     379.95      506.01]
  [     311.28       507.2]
  [        418      546.21]
  [     303.93      546.57]
  [      407.2      595.97]
  [     308.49      591.83]
  [     370.64      613.79]
  [     327.27      613.49]
  [     368.17      687.09]
  [      328.7      688.22]
  [     366.51      769.08]
  [     337.82      766.11]]

 [[     150.76      479.25]
  [     151.86      472.14]
  [     142.03      472.58]
  [          0           0]
  [     119.26      477.79]
  [     142.38      519.14]
  [     105.75      516.38]
  [          0           0]
  [     78.755      566.77]
  [          0           0]
  [     115.15         611]
  [     133.62      625.28]
  [     107.16      625.75]
  [     135.32      704.25]
  [     101.75      707.07]
  [     126.24      779.98]
  [     80.936      788.94]]]