[[[     364.21       506.7]
  [      370.5       500.1]
  [     359.84      499.86]
  [     385.66      493.59]
  [          0           0]
  [     406.77      518.61]
  [     345.38      517.99]
  [     428.79       564.6]
  [     322.67      551.73]
  [     407.25      598.82]
  [     341.76      536.77]
  [     394.44      612.15]
  [     354.54      611.49]
  [     401.01       680.5]
  [     354.44      681.76]
  [     405.31      748.63]
  [     353.01      748.78]]

 [[     683.82      505.94]
  [     689.19      499.87]
  [     678.97      501.12]
  [     701.73      500.64]
  [          0           0]
  [     722.52      529.41]
  [     671.99      535.59]
  [     738.41       567.6]
  [     656.06      572.05]
  [     726.91      606.41]
  [     681.66       553.3]
  [      718.4      619.92]
  [     684.82      622.51]
  [     726.14      684.21]
  [     691.32      684.47]
  [     730.85      742.07]
  [     698.43      745.61]]]