[[[     558.67       468.5]
  [     560.42      458.77]
  [          0           0]
  [     574.98      451.54]
  [          0           0]
  [        584      490.07]
  [     634.37       484.6]
  [     565.65      558.58]
  [     666.71      548.15]
  [     524.38      601.32]
  [     661.31      603.11]
  [     600.04       617.3]
  [     623.81      612.13]
  [     614.82       710.5]
  [        595       703.3]
  [      646.5      802.67]
  [     569.53      785.86]]

 [[     227.64      488.07]
  [     235.36      482.15]
  [        221      479.25]
  [          0           0]
  [     202.68      478.14]
  [     238.09       526.4]
  [     176.04      514.77]
  [     240.37      574.16]
  [     149.31      561.71]
  [     263.65      592.51]
  [     164.29      609.65]
  [     213.01      629.65]
  [     171.57      626.08]
  [          0           0]
  [          0           0]
  [          0           0]
  [          0           0]]

 [[          0           0]
  [          0           0]
  [          0           0]
  [          0           0]
  [     127.09      472.94]
  [     40.306      520.02]
  [     141.63      515.35]
  [     13.534      600.05]
  [     164.15      592.72]
  [          0           0]
  [     177.93      641.74]
  [     49.504      666.91]
  [     122.24      664.06]
  [     46.265       718.4]
  [     140.96      703.37]
  [     43.557      828.94]
  [     132.76      798.68]]]