[[[     589.85      486.11]
  [     595.68      481.24]
  [     583.83      481.02]
  [     602.75      486.33]
  [      573.2      485.52]
  [     616.61      520.77]
  [     554.27      520.44]
  [     628.45      560.77]
  [     540.85      562.43]
  [     633.75      602.46]
  [     539.03      607.15]
  [     603.58      612.26]
  [     563.07      612.16]
  [      600.5      680.91]
  [      559.3      681.71]
  [     596.77      744.86]
  [     553.55      748.71]]

 [[     688.44       509.8]
  [     693.82      504.22]
  [     684.24      504.67]
  [     705.73      504.64]
  [          0           0]
  [     723.35      535.03]
  [     672.73      535.49]
  [     732.32      577.53]
  [     664.74         575]
  [     727.44       621.6]
  [     661.21      616.05]
  [     713.93      621.06]
  [     680.44      620.59]
  [     717.56      684.26]
  [     677.42      682.54]
  [     721.56      744.28]
  [     675.05      742.14]]

 [[      722.3      508.65]
  [     724.84      501.93]
  [          0           0]
  [     737.46      503.06]
  [          0           0]
  [     751.84      537.76]
  [     748.47      535.63]
  [     743.14      587.07]
  [          0           0]
  [     726.22      625.84]
  [          0           0]
  [     746.49      633.52]
  [     742.77       630.9]
  [     745.67      699.53]
  [     737.33      698.59]
  [      759.5      765.44]
  [     738.46      761.16]]]