[[[     1009.5      341.55]
  [     1018.5      331.26]
  [      995.1      327.99]
  [          0           0]
  [     960.47      336.74]
  [     1043.7      422.52]
  [     910.48      412.13]
  [     1073.3      520.63]
  [     866.59       513.1]
  [     1068.9      600.97]
  [     956.73      530.99]
  [     1023.8      630.72]
  [     935.08      629.21]
  [     1018.3       786.7]
  [     932.26      788.01]
  [     1011.4      927.47]
  [     917.65      936.18]]

 [[     1291.5      330.18]
  [     1293.5      310.19]
  [          0           0]
  [     1323.2      308.67]
  [          0           0]
  [     1373.5      412.79]
  [     1375.5      401.53]
  [     1352.1      571.48]
  [          0           0]
  [     1307.7      697.98]
  [          0           0]
  [     1373.4      718.01]
  [       1370      709.38]
  [     1384.2      927.74]
  [     1369.1      920.83]
  [     1409.4      1077.5]
  [          0           0]]

 [[       1173      367.54]
  [     1188.3      356.34]
  [     1169.3      356.85]
  [     1227.6       369.8]
  [          0           0]
  [       1272      452.01]
  [     1147.2      452.09]
  [     1286.9       550.1]
  [     1122.4      543.92]
  [     1227.1      623.21]
  [     1158.8      613.58]
  [     1245.3      653.36]
  [     1162.1      651.11]
  [     1248.8      802.68]
  [     1172.4      799.08]
  [       1253      938.21]
  [     1182.1       934.9]]]