[[[     1164.5      220.32]
  [     1188.1      202.79]
  [     1151.5         203]
  [     1231.1      219.61]
  [          0           0]
  [     1288.3      330.62]
  [       1110      341.06]
  [     1322.6      489.45]
  [     1068.9      487.69]
  [       1199      600.14]
  [     1101.5      586.32]
  [     1242.7      651.37]
  [     1126.1      650.44]
  [     1242.9      881.61]
  [     1135.5      876.83]
  [          0           0]
  [          0           0]]

 [[     656.12      374.59]
  [     676.41      364.71]
  [     650.97      363.85]
  [     712.03      388.53]
  [          0           0]
  [     736.23      482.89]
  [     605.41      457.91]
  [     745.53      595.14]
  [     514.23      426.53]
  [     707.85      680.07]
  [     453.73      335.01]
  [     684.46      705.75]
  [     599.12      698.05]
  [     688.38      854.08]
  [     593.03      850.61]
  [     695.55      997.15]
  [     604.92      978.75]]

 [[     815.71      336.36]
  [     831.05      320.49]
  [     813.44      323.06]
  [     881.31      329.93]
  [          0           0]
  [     947.95      424.17]
  [     810.28      442.78]
  [       1015      526.43]
  [     795.17      561.41]
  [     985.56      633.64]
  [     772.31      669.06]
  [     915.76      683.86]
  [     824.29      685.87]
  [     925.51      864.69]
  [     830.17      855.92]
  [     954.72      1027.3]
  [     853.54      1011.9]]]