[[[     550.43      269.29]
  [     571.97         253]
  [     544.31      252.26]
  [     625.77      265.79]
  [          0           0]
  [     677.47      366.51]
  [      546.6      375.45]
  [     727.88      499.07]
  [     541.79      510.46]
  [     664.88      614.05]
  [     518.25      610.94]
  [     640.95      641.27]
  [     552.44      642.12]
  [     661.11      842.36]
  [     577.92      840.94]
  [     671.67      1027.8]
  [     596.17      1016.9]]

 [[     175.46      310.61]
  [      178.2      293.64]
  [     151.07       295.4]
  [          0           0]
  [     98.122      315.57]
  [     222.73      428.18]
  [     45.677      424.98]
  [     209.26      557.01]
  [          0           0]
  [          0           0]
  [          0           0]
  [     200.18      705.75]
  [     80.616      703.94]
  [     174.33      897.98]
  [     53.467      894.92]
  [     145.25      1049.5]
  [     17.852      1036.5]]

 [[          0           0]
  [          0           0]
  [          0           0]
  [          0           0]
  [          0           0]
  [          0           0]
  [          0           0]
  [          0           0]
  [          0           0]
  [          0           0]
  [          0           0]
  [          0           0]
  [          0           0]
  [          0           0]
  [          0           0]
  [          0           0]
  [          0           0]]]