[[[     271.03      484.24]
  [     280.43      477.88]
  [     267.31      476.65]
  [     299.58      483.53]
  [          0           0]
  [     320.47      529.28]
  [     250.88      525.44]
  [     342.96      584.75]
  [     236.43      576.93]
  [     320.45      630.41]
  [     230.68      617.81]
  [     301.33      643.66]
  [     256.67      640.49]
  [     304.94      724.27]
  [     253.28      722.46]
  [      303.8       806.8]
  [     265.61      805.47]]

 [[          0           0]
  [          0           0]
  [          0           0]
  [          0           0]
  [      126.9      495.38]
  [     54.107      547.64]
  [     145.97      542.82]
  [     38.754      621.13]
  [      165.6      617.28]
  [     70.907      649.07]
  [     178.76      664.55]
  [     65.361      687.07]
  [     128.92      684.85]
  [          0           0]
  [          0           0]
  [          0           0]
  [          0           0]]

 [[     66.234      495.76]
  [          0           0]
  [     58.341      490.99]
  [          0           0]
  [     34.251      501.38]
  [     54.457      539.38]
  [     10.465       540.8]
  [          0           0]
  [      6.331      601.31]
  [          0           0]
  [          0           0]
  [     51.828      657.76]
  [     19.991      661.56]
  [          0           0]
  [     53.066       728.2]
  [          0           0]
  [          0           0]]]