[[[     757.13      486.82]
  [     762.32      480.91]
  [     751.02      479.52]
  [          0           0]
  [     734.36       481.1]
  [     777.61      524.51]
  [     707.27      520.46]
  [        798      574.54]
  [     684.76      568.36]
  [     787.37      616.93]
  [     720.59      600.31]
  [     762.46      634.01]
  [     717.22      633.11]
  [     760.75      713.53]
  [     714.89      715.29]
  [      754.4      790.61]
  [     713.62      791.65]]

 [[      845.8      504.08]
  [     853.15      497.97]
  [     842.77      497.74]
  [     869.56       503.1]
  [          0           0]
  [     887.82      543.76]
  [     829.83      542.84]
  [     899.65      596.83]
  [      817.3      592.76]
  [     893.83      646.89]
  [     812.07      638.38]
  [     878.35      644.84]
  [     839.57      644.08]
  [     887.34      719.54]
  [     834.51      717.32]
  [     889.02      788.56]
  [     835.56      792.21]]

 [[     877.45      499.19]
  [     880.42      491.39]
  [          0           0]
  [      894.9      495.76]
  [          0           0]
  [     908.65       540.5]
  [     912.48       536.7]
  [     903.59      608.04]
  [          0           0]
  [     888.87      658.42]
  [          0           0]
  [     914.56         660]
  [     915.26      656.61]
  [     917.89      743.77]
  [     907.83      741.13]
  [      927.4      827.49]
  [     907.56      819.34]]]