[[[     823.02      471.68]
  [      825.6      466.56]
  [     817.41       465.8]
  [          0           0]
  [      799.6      467.85]
  [     833.59      503.76]
  [     774.89      500.91]
  [     846.38      548.39]
  [     756.23      542.91]
  [     842.45      585.63]
  [     790.79      555.63]
  [     823.34      597.71]
  [     784.54      597.39]
  [      823.5      667.64]
  [     783.58       667.6]
  [     820.87      734.16]
  [     783.31       733.5]]

 [[          0           0]
  [          0           0]
  [          0           0]
  [     924.77      485.57]
  [          0           0]
  [     935.35      520.02]
  [     950.86      517.32]
  [     928.81      569.99]
  [          0           0]
  [     913.41      606.45]
  [          0           0]
  [     933.99      620.04]
  [     944.64      617.94]
  [     939.45      689.85]
  [      940.4      690.55]
  [     949.32       758.4]
  [     944.44      754.37]]

 [[     906.16      484.79]
  [     911.36      479.32]
  [     901.75      479.16]
  [          0           0]
  [          0           0]
  [     928.58      516.89]
  [     887.32      516.57]
  [          0           0]
  [     877.29      559.13]
  [          0           0]
  [     890.67      587.78]
  [     916.76       604.6]
  [     889.56      603.63]
  [     914.83      668.03]
  [     887.93      665.85]
  [     905.74      731.45]
  [      881.4      723.42]]]