[[[     914.42      437.13]
  [     921.53      428.75]
  [        906      427.36]
  [          0           0]
  [     883.75      428.95]
  [     939.98         484]
  [      850.9       479.3]
  [     963.01      548.39]
  [     825.34      543.52]
  [     954.14      602.66]
  [     874.73      581.31]
  [     926.15      625.77]
  [     867.95      624.54]
  [     925.29      727.35]
  [     869.37      727.47]
  [     921.67      821.35]
  [     865.88      822.16]]

 [[     1044.1      455.46]
  [     1051.8      446.44]
  [     1034.9      448.47]
  [     1065.8      449.76]
  [     1024.3      454.87]
  [     1087.3      497.48]
  [     1011.4      503.06]
  [          0           0]
  [      991.7      561.83]
  [          0           0]
  [     1032.3      555.33]
  [     1077.5      632.44]
  [     1027.6       635.2]
  [     1090.1      731.77]
  [       1033      731.14]
  [     1095.7      818.32]
  [     1040.6      821.42]]

 [[          0           0]
  [          0           0]
  [          0           0]
  [     1091.5      436.17]
  [          0           0]
  [     1117.2      494.48]
  [     1134.4      486.96]
  [     1106.1      585.32]
  [          0           0]
  [     1089.3      656.14]
  [          0           0]
  [       1127      666.62]
  [     1137.2      661.51]
  [     1132.7      784.08]
  [     1129.8      778.68]
  [       1146      887.15]
  [     1133.8      875.75]]]