[[[     285.31      408.16]
  [     298.39      399.58]
  [     281.58      398.05]
  [     328.26      408.43]
  [          0           0]
  [     356.81      464.28]
  [     267.68      462.55]
  [     388.13      540.54]
  [     253.55       536.2]
  [     350.72      608.01]
  [     239.74      596.51]
  [     331.71      626.38]
  [     272.36      625.89]
  [     338.45       739.2]
  [     278.69       738.6]
  [     341.35      848.17]
  [        288      842.82]]

 [[          0           0]
  [          0           0]
  [          0           0]
  [          0           0]
  [     53.792      406.62]
  [          0           0]
  [     68.742      473.88]
  [          0           0]
  [     88.944      573.45]
  [          0           0]
  [      104.2      628.01]
  [          0           0]
  [     47.716      662.31]
  [          0           0]
  [     51.197      803.62]
  [          0           0]
  [     56.423      947.03]]

 [[          0           0]
  [          0           0]
  [          0           0]
  [          0           0]
  [     50.018      407.04]
  [          0           0]
  [     65.619       475.7]
  [          0           0]
  [     87.619       575.7]
  [          0           0]
  [     105.22      633.71]
  [          0           0]
  [     49.198      658.23]
  [          0           0]
  [     59.667      801.15]
  [          0           0]
  [          0           0]]]