[[[     595.32      415.74]
  [      607.9       406.7]
  [     590.73      405.43]
  [     637.06      413.54]
  [          0           0]
  [     664.71      466.39]
  [     582.29      469.66]
  [      693.4      546.25]
  [     569.93      544.35]
  [     656.42      615.97]
  [     558.56      607.65]
  [     638.47      632.97]
  [     583.79      633.37]
  [     642.42      751.53]
  [     592.78      750.35]
  [     651.54      861.36]
  [     602.23      857.43]]

 [[          0           0]
  [          0           0]
  [          0           0]
  [          0           0]
  [     366.52      413.11]
  [     263.81      486.64]
  [     375.04      485.77]
  [          0           0]
  [     394.72      587.26]
  [          0           0]
  [     411.42      651.14]
  [     277.88      690.27]
  [     355.23      691.45]
  [     286.32      826.08]
  [     359.97      829.32]
  [     278.71      962.02]
  [     351.57      971.22]]]