[[[     375.19      410.47]
  [     387.44      401.76]
  [     371.31      400.36]
  [     415.24      409.17]
  [          0           0]
  [     440.37      462.76]
  [     363.98      462.59]
  [        470      530.08]
  [     352.84      530.73]
  [     431.73      593.72]
  [     338.58      582.49]
  [     415.44      610.45]
  [     364.49      608.59]
  [     413.77      714.94]
  [     349.04      710.73]
  [     403.15      812.16]
  [     346.67      807.08]]

 [[     95.653      420.29]
  [          0           0]
  [     85.429      413.51]
  [          0           0]
  [     54.869      424.74]
  [     98.463      471.15]
  [     15.128       470.1]
  [          0           0]
  [     26.664      547.29]
  [          0           0]
  [          0           0]
  [          0           0]
  [     36.672      606.74]
  [          0           0]
  [          0           0]
  [          0           0]
  [          0           0]]

 [[          0           0]
  [          0           0]
  [          0           0]
  [          0           0]
  [     146.34      408.92]
  [      54.13      474.59]
  [     164.57      470.06]
  [     40.931      571.26]
  [     188.09      564.38]
  [          0           0]
  [     203.45       621.6]
  [     69.103      641.75]
  [     147.12       639.1]
  [          0           0]
  [          0           0]
  [          0           0]
  [          0           0]]]