[[[     1023.2      318.55]
  [     1035.1       306.4]
  [       1009      302.02]
  [          0           0]
  [     970.93      306.92]
  [     1059.3      407.99]
  [     911.68       392.7]
  [     1088.3      517.24]
  [     860.23       501.5]
  [     1081.7      605.17]
  [     965.07      523.42]
  [     1034.9      639.18]
  [     937.23      637.17]
  [     1021.1      809.29]
  [     925.08      811.99]
  [     1012.7      969.54]
  [     909.12       978.7]]

 [[       1250      347.43]
  [     1264.2      335.63]
  [     1235.7      333.68]
  [     1280.4      352.21]
  [     1209.4      347.98]
  [       1314      440.58]
  [     1172.3      439.56]
  [     1339.1      545.12]
  [     1142.8      542.61]
  [       1277      624.22]
  [     1195.7      616.98]
  [     1285.1      663.28]
  [     1190.6      660.42]
  [     1283.6      828.25]
  [     1183.7      824.45]
  [       1284      986.88]
  [     1181.5      972.28]]

 [[     1358.6      280.79]
  [       1362      256.09]
  [          0           0]
  [     1403.4      252.83]
  [          0           0]
  [     1455.4      382.03]
  [     1463.4      370.72]
  [     1413.5      583.76]
  [          0           0]
  [     1355.7      733.03]
  [          0           0]
  [     1444.4      748.46]
  [     1443.2      736.66]
  [     1453.8      997.52]
  [          0           0]
  [          0           0]
  [          0           0]]]