[[[     826.54      491.54]
  [     831.33      486.38]
  [     821.22      485.47]
  [          0           0]
  [     808.04      486.29]
  [     845.19      522.17]
  [     785.87      519.16]
  [     857.15      566.33]
  [     765.31      559.12]
  [     851.33      600.13]
  [     797.81      570.88]
  [     834.06      611.23]
  [     795.75      610.73]
  [     833.43      677.83]
  [     791.69      678.22]
  [     829.65      741.64]
  [      789.7      742.31]]

 [[          0           0]
  [          0           0]
  [          0           0]
  [     926.71      504.06]
  [          0           0]
  [     935.43      539.11]
  [     960.41      535.45]
  [     930.59      590.31]
  [          0           0]
  [     908.06      607.34]
  [          0           0]
  [     939.28      635.09]
  [     955.89      632.04]
  [     942.87      703.81]
  [     946.15      701.67]
  [     952.72      769.92]
  [     947.54      765.09]]

 [[     908.02      506.07]
  [     912.87      500.69]
  [      902.9      501.09]
  [          0           0]
  [     895.84       504.9]
  [     932.74       536.3]
  [     888.06      537.24]
  [          0           0]
  [     879.69      577.51]
  [          0           0]
  [     892.82       607.2]
  [     924.33      619.49]
  [     894.52      619.39]
  [     924.79      680.37]
  [     892.15      679.01]
  [     921.27      739.39]
  [     890.66      737.25]]]