[[[     417.78      486.91]
  [     422.05      477.84]
  [     408.69      479.09]
  [          0           0]
  [     385.48      481.48]
  [     438.23      524.05]
  [     363.15      513.56]
  [     452.26      580.12]
  [     314.16      513.92]
  [     442.49      620.03]
  [     269.57      495.98]
  [     418.12      643.23]
  [     368.66      638.34]
  [     414.74      721.72]
  [     359.72      717.97]
  [     416.65      792.59]
  [     359.51      789.99]]

 [[     499.21      461.21]
  [     507.48      454.27]
  [     498.74      454.55]
  [     532.43      460.32]
  [          0           0]
  [      559.6      506.13]
  [     494.57      508.77]
  [     583.94      560.27]
  [     479.33       558.4]
  [     553.46      604.42]
  [      470.2      603.63]
  [     546.42      628.14]
  [     501.95      627.84]
  [     551.81      711.22]
  [     502.01      711.25]
  [     559.31      794.55]
  [     505.72      794.47]]

 [[     653.75      434.04]
  [     662.82      425.25]
  [     647.52      426.16]
  [     682.76      428.11]
  [          0           0]
  [     705.53      476.37]
  [      634.3      478.76]
  [     716.62      543.14]
  [      619.4         537]
  [     663.96      583.09]
  [     623.37      579.64]
  [     690.31      608.47]
  [     642.85      608.49]
  [      692.6      705.87]
  [     650.46      706.83]
  [     703.21      802.23]
  [     655.59      800.44]]]