[[[          0           0]
  [          0           0]
  [          0           0]
  [          0           0]
  [          0           0]
  [          0           0]
  [     1460.7      24.587]
  [          0           0]
  [     1468.4      463.13]
  [          0           0]
  [     1704.4       921.1]
  [     1409.8      945.49]
  [       1439      961.84]
  [          0           0]
  [          0           0]
  [          0           0]
  [          0           0]]

 [[          0           0]
  [          0           0]
  [          0           0]
  [          0           0]
  [     1849.2      73.387]
  [          0           0]
  [     1763.3      258.17]
  [          0           0]
  [     1680.8      493.99]
  [          0           0]
  [          0           0]
  [          0           0]
  [     1814.8      739.29]
  [          0           0]
  [          0           0]
  [          0           0]
  [          0           0]]]