[[[        586      436.91]
  [     598.35      428.22]
  [     581.77      426.82]
  [     626.49      435.41]
  [          0           0]
  [     651.82      486.71]
  [     570.74      488.92]
  [     678.09       563.8]
  [     558.02      564.36]
  [     646.36      632.58]
  [     550.33      626.95]
  [     630.51      647.51]
  [     576.59      648.44]
  [     634.41      763.41]
  [      580.4      762.98]
  [     638.91      871.43]
  [     590.88      865.78]]

 [[          0           0]
  [          0           0]
  [          0           0]
  [          0           0]
  [     368.82      438.84]
  [     269.77      509.53]
  [     376.22      508.75]
  [          0           0]
  [     394.98      603.81]
  [          0           0]
  [     413.08      660.76]
  [     286.71      706.56]
  [     358.55      708.88]
  [     303.65      837.66]
  [     359.63      844.03]
  [     304.22      964.63]
  [     352.02      979.35]]]