[[[     573.51      516.79]
  [     579.62      511.38]
  [     569.58      510.48]
  [          0           0]
  [     556.54      500.93]
  [        591      524.28]
  [     530.89      520.57]
  [     601.87      559.89]
  [     503.19      553.16]
  [      595.5      595.14]
  [     515.99      593.15]
  [     574.25      613.39]
  [     533.16      612.09]
  [      581.6      681.28]
  [     516.27      680.02]
  [     584.97      745.72]
  [     492.96      745.97]]

 [[          0           0]
  [          0           0]
  [          0           0]
  [        901       464.2]
  [          0           0]
  [     900.24      511.12]
  [     980.21      509.22]
  [     893.13       585.2]
  [     998.44      585.99]
  [     883.62      647.94]
  [     973.15      625.71]
  [     912.73      661.29]
  [     974.07      659.66]
  [     902.52         759]
  [     974.65      758.15]
  [     904.41      850.11]
  [     992.95      850.74]]

 [[     684.79      506.96]
  [     690.29      501.23]
  [     680.66      501.56]
  [     702.79      501.96]
  [          0           0]
  [     721.11      533.68]
  [     668.82      535.92]
  [     737.18      570.85]
  [     657.88      574.78]
  [     736.87      604.79]
  [     650.76      611.88]
  [     710.35      621.38]
  [     676.07      621.67]
  [     711.81      682.41]
  [      673.7      682.31]
  [     714.86      743.06]
  [        673      742.94]]]