[[[     348.25      480.43]
  [     356.27      475.17]
  [      343.7      474.05]
  [     370.73      479.67]
  [          0           0]
  [     388.93      516.72]
  [     322.21      514.06]
  [     407.37      565.68]
  [     310.42      560.05]
  [     402.86      613.75]
  [     292.13      602.29]
  [     369.23      621.93]
  [     326.06      619.96]
  [     367.88      693.84]
  [     321.15      693.73]
  [     360.68       769.6]
  [     337.87      765.23]]

 [[          0           0]
  [          0           0]
  [          0           0]
  [     194.08      484.95]
  [     231.37      486.06]
  [     165.87      529.79]
  [     249.25      532.18]
  [     159.37      590.49]
  [     259.92      599.22]
  [          0           0]
  [          0           0]
  [     167.05      655.46]
  [     227.79      656.22]
  [     169.96      726.14]
  [     236.21       726.5]
  [      163.1      811.74]
  [      215.2      811.63]]

 [[     152.23      485.44]
  [      153.8      478.19]
  [      143.7      478.06]
  [          0           0]
  [     120.14      482.88]
  [      146.7      529.37]
  [     102.19      524.87]
  [          0           0]
  [     77.031      573.92]
  [          0           0]
  [     106.41      618.26]
  [     135.84      635.06]
  [     105.15      634.98]
  [     135.68      710.76]
  [     97.636      714.07]
  [     119.86       783.8]
  [     78.561       797.5]]]