[[[     6.6006      484.38]
  [     10.717      473.68]
  [          0           0]
  [     38.893      464.19]
  [          0           0]
  [      49.07      508.08]
  [     86.048       505.5]
  [     45.329      577.48]
  [          0           0]
  [     12.835      626.66]
  [          0           0]
  [     51.033      656.47]
  [     77.965      652.27]
  [     50.883      768.42]
  [          0           0]
  [          0           0]
  [          0           0]]

 [[     425.56      450.79]
  [     425.47       438.4]
  [          0           0]
  [     437.77      425.63]
  [          0           0]
  [     455.64      464.21]
  [      523.6      468.55]
  [     447.78      547.02]
  [     562.75      558.11]
  [        404      623.79]
  [     551.01      628.24]
  [     484.81      633.71]
  [     523.56       631.1]
  [     490.47      762.25]
  [     490.95      761.55]
  [          0           0]
  [          0           0]]]