[[[     323.07      477.16]
  [     331.66      471.27]
  [     319.35      470.21]
  [     349.11      476.23]
  [          0           0]
  [     369.95      515.18]
  [     304.53      515.17]
  [     405.97      559.78]
  [     292.11      561.08]
  [     381.03      603.51]
  [     276.97      601.87]
  [     355.81      622.54]
  [     313.08      621.54]
  [     358.95      698.03]
  [      317.5      696.61]
  [     367.08      775.53]
  [      329.4      773.88]]

 [[          0           0]
  [          0           0]
  [          0           0]
  [     181.01      485.92]
  [     220.72      485.95]
  [     155.12      533.95]
  [     240.58       532.3]
  [     136.33      598.09]
  [     263.47      594.11]
  [     157.79      629.88]
  [     275.46      627.48]
  [     163.94      660.48]
  [      221.2      659.99]
  [     162.77       726.5]
  [     219.29      729.36]
  [     160.89      812.75]
  [     215.69      820.59]]

 [[     129.87      486.29]
  [     132.85      478.02]
  [     120.07      479.61]
  [          0           0]
  [     99.922       485.6]
  [      133.2      527.29]
  [     87.375      526.66]
  [          0           0]
  [     62.939      575.48]
  [          0           0]
  [     98.443      616.39]
  [     121.84      631.85]
  [     90.759      632.77]
  [     124.56      710.21]
  [     83.478         714]
  [     107.95      787.15]
  [     65.186      798.07]]]