[[[          0           0]
  [          0           0]
  [          0           0]
  [      114.8      471.79]
  [     149.49      470.89]
  [       82.3      521.77]
  [     175.85      517.28]
  [     63.833      592.55]
  [     200.96      584.87]
  [          0           0]
  [     205.44      626.51]
  [     99.491      658.73]
  [     161.98      657.02]
  [      111.2       722.7]
  [     178.23      715.31]
  [     117.99      813.14]
  [     169.11      808.79]]

 [[     295.32      466.12]
  [      304.2      459.79]
  [     291.79      458.82]
  [     323.89      464.27]
  [          0           0]
  [     345.43      505.75]
  [     277.58      503.94]
  [     371.66      555.81]
  [     261.59      547.12]
  [     345.29      601.67]
  [     256.33      591.57]
  [     328.96       617.9]
  [     284.89      616.53]
  [      330.7      694.12]
  [     291.92      694.92]
  [     334.87      774.12]
  [     296.37      773.02]]

 [[     90.537      470.73]
  [     91.521      462.21]
  [     80.754      463.27]
  [          0           0]
  [     56.709      469.04]
  [     82.201      512.75]
  [     41.443      509.95]
  [          0           0]
  [      10.84      556.98]
  [          0           0]
  [     60.413       565.5]
  [     75.299      624.54]
  [      45.22      625.29]
  [     82.304      707.28]
  [     40.537      708.79]
  [     72.717      786.53]
  [      23.09      795.96]]]