[[[     918.12      447.71]
  [     922.41       440.2]
  [     910.13      439.71]
  [          0           0]
  [     888.33      442.27]
  [     938.72      489.43]
  [     858.15      488.12]
  [     956.83      546.68]
  [      837.2      547.52]
  [     952.11       596.8]
  [     883.32      579.39]
  [     927.64      612.04]
  [     875.17      612.82]
  [     929.77      706.95]
  [     874.38      707.05]
  [     926.06      797.23]
  [     870.81      801.09]]

 [[     1034.7      463.74]
  [     1041.5      455.93]
  [     1026.1      457.34]
  [     1051.4      461.05]
  [       1014      464.55]
  [       1067      506.47]
  [     998.51      508.83]
  [     1079.5      559.43]
  [     979.36      554.54]
  [     1063.5      556.54]
  [     1017.8       533.1]
  [     1056.4      626.33]
  [     1009.8      628.15]
  [     1069.7      715.96]
  [     1006.1      717.21]
  [     1075.5      797.13]
  [       1008      798.77]]

 [[          0           0]
  [          0           0]
  [          0           0]
  [     1084.1      452.89]
  [          0           0]
  [     1100.2      505.73]
  [     1115.8      499.71]
  [     1092.4      584.61]
  [          0           0]
  [     1075.7      648.84]
  [          0           0]
  [     1105.3      652.44]
  [     1116.3      648.01]
  [     1112.4      754.72]
  [     1111.3      750.45]
  [     1119.6      853.25]
  [     1111.3      845.84]]]