[[[     1054.3      271.54]
  [     1066.4      258.16]
  [       1036      252.99]
  [          0           0]
  [     989.89       261.9]
  [     1093.8      377.87]
  [      923.4      361.21]
  [     1121.8      506.32]
  [     862.62      490.83]
  [     1124.2      610.95]
  [      994.2      522.03]
  [     1065.9       647.7]
  [     952.05      645.91]
  [       1053      848.75]
  [      937.9      852.73]
  [     1041.8      1036.9]
  [     917.33      1041.2]]

 [[       1293       302.4]
  [     1307.5      281.62]
  [     1275.2      294.09]
  [     1350.4      289.86]
  [          0           0]
  [     1417.6      397.63]
  [     1247.3      416.43]
  [     1502.5      460.63]
  [     1211.6      540.69]
  [     1436.7      515.94]
  [     1206.2      656.47]
  [     1378.5      686.02]
  [     1266.2      683.76]
  [     1371.3      885.22]
  [     1248.8      870.97]
  [     1362.2      1063.3]
  [     1234.4      1039.2]]

 [[     1503.6      203.86]
  [     1506.7      171.47]
  [          0           0]
  [     1565.8      157.17]
  [          0           0]
  [     1647.3      307.92]
  [     1638.3      308.07]
  [     1629.5      557.34]
  [          0           0]
  [     1547.1      777.26]
  [          0           0]
  [     1611.4      813.84]
  [     1598.1      803.37]
  [          0           0]
  [          0           0]
  [          0           0]
  [          0           0]]]