[[[     908.47      443.32]
  [     914.14         435]
  [     900.17      434.03]
  [          0           0]
  [     877.86      436.07]
  [     929.75      489.18]
  [     845.29       484.8]
  [     951.93      551.34]
  [     820.81      550.23]
  [     947.29      602.94]
  [      872.6      582.18]
  [     918.57      623.73]
  [     861.92      622.68]
  [     919.19      722.07]
  [        862      721.64]
  [     916.96      814.91]
  [     855.59      817.33]]

 [[     1037.1      466.62]
  [     1045.1      457.83]
  [     1028.9       459.3]
  [     1059.5      463.15]
  [     1018.7      466.67]
  [     1078.6      512.22]
  [     1006.2      515.13]
  [          0           0]
  [     992.83      568.01]
  [          0           0]
  [     1035.7      561.07]
  [     1067.9      637.37]
  [       1019      638.51]
  [     1076.3      734.63]
  [     1009.6      733.96]
  [     1079.7      820.88]
  [     1005.8      820.22]]

 [[          0           0]
  [     1071.5       441.6]
  [          0           0]
  [     1086.3      446.17]
  [          0           0]
  [     1108.2      505.49]
  [     1122.9      498.45]
  [     1097.1      591.95]
  [          0           0]
  [     1080.4      658.31]
  [          0           0]
  [     1111.9      665.83]
  [     1120.6      661.09]
  [     1116.6      777.81]
  [     1114.5      773.04]
  [     1126.4      879.49]
  [     1113.6       870.3]]]