[[[       1200      314.72]
  [     1195.1      286.67]
  [          0           0]
  [     1229.6      248.19]
  [          0           0]
  [     1262.5      340.91]
  [     1447.7      349.58]
  [       1263      548.09]
  [          0           0]
  [     1241.1      735.26]
  [          0           0]
  [     1282.7      766.16]
  [     1427.3      762.21]
  [       1235      1036.5]
  [          0           0]
  [          0           0]
  [          0           0]]

 [[     704.59      503.99]
  [     710.52      499.22]
  [      699.5      499.04]
  [     718.93      503.62]
  [     691.94       503.1]
  [     732.51      536.36]
  [     677.48      535.67]
  [     749.52      572.27]
  [     659.62      571.81]
  [     741.85      607.41]
  [     666.59      608.52]
  [     719.27      622.88]
  [     683.26      622.09]
  [     717.72      684.78]
  [     677.63      683.48]
  [     715.74      744.72]
  [     675.06      743.83]]

 [[     402.95      488.31]
  [     408.47      483.67]
  [     396.95      482.54]
  [          0           0]
  [     382.18      484.28]
  [     413.93      517.91]
  [     359.82       513.9]
  [     413.65      555.84]
  [     361.36      551.86]
  [     423.95      585.28]
  [     403.37      573.27]
  [     402.15      609.68]
  [     363.68      609.13]
  [      407.4      683.09]
  [     358.49      683.28]
  [     410.16      748.37]
  [     352.78      751.64]]]