[[[     1502.2      280.38]
  [     1511.5      256.64]
  [     1473.7      275.62]
  [     1538.4      262.77]
  [     1446.9      309.66]
  [     1622.8      379.81]
  [     1420.1         410]
  [     1723.3      451.94]
  [     1379.2      539.13]
  [     1647.5      515.88]
  [     1364.6      665.73]
  [     1583.1      701.26]
  [     1451.2      703.41]
  [     1574.1      918.37]
  [     1427.8      909.94]
  [          0           0]
  [          0           0]]

 [[     1220.5      254.47]
  [       1232      239.79]
  [     1199.4      235.35]
  [          0           0]
  [     1148.8      247.77]
  [     1260.8      372.44]
  [     1076.1      355.72]
  [       1289       511.9]
  [     1012.9      492.41]
  [       1288      623.64]
  [     1146.1       524.5]
  [     1226.8      662.74]
  [     1102.5      659.28]
  [     1207.4      876.77]
  [     1085.8      875.97]
  [     1198.6      1058.7]
  [     1066.2        1063]]

 [[     1757.6      143.34]
  [     1765.5      102.53]
  [          0           0]
  [     1843.8      84.985]
  [          0           0]
  [     1916.8       269.4]
  [          0           0]
  [       1919      572.25]
  [          0           0]
  [     1830.9      825.36]
  [          0           0]
  [     1847.9      865.09]
  [       1806      858.26]
  [          0           0]
  [          0           0]
  [          0           0]
  [          0           0]]]