[[[     991.92       342.3]
  [     1000.5      330.54]
  [     977.88      328.66]
  [          0           0]
  [     943.74      334.39]
  [     1022.5      418.94]
  [     895.93      408.77]
  [     1050.6      517.47]
  [      851.9      507.36]
  [     1048.1      596.95]
  [     939.67       527.3]
  [     1002.2      623.25]
  [     917.48      620.56]
  [     992.49      776.06]
  [     912.56      776.35]
  [     982.46      916.11]
  [     900.01       922.2]]

 [[     1141.6      370.68]
  [     1156.5      358.93]
  [     1135.5      359.06]
  [     1187.9      370.31]
  [          0           0]
  [     1230.1      446.02]
  [     1107.8      453.22]
  [     1252.5      540.51]
  [     1085.6      547.51]
  [     1206.5      612.97]
  [     1136.4      613.48]
  [     1210.5      648.88]
  [       1126      652.56]
  [     1227.9      794.48]
  [     1139.9      793.56]
  [       1243      939.79]
  [     1158.9      924.63]]

 [[     1264.1      329.58]
  [     1267.3      310.68]
  [          0           0]
  [     1297.8      308.49]
  [          0           0]
  [     1339.6      410.38]
  [     1344.6      396.97]
  [     1318.7      564.59]
  [          0           0]
  [     1279.3       689.4]
  [          0           0]
  [       1340      703.45]
  [     1338.6      693.67]
  [     1348.8      901.55]
  [     1334.8      892.88]
  [     1370.9      1067.7]
  [     1334.9      1051.3]]]