[[[     364.12       505.5]
  [     370.32      498.87]
  [     359.87      498.72]
  [     385.89       492.4]
  [          0           0]
  [     407.71      517.85]
  [     345.68      517.27]
  [     429.69      564.48]
  [     322.73       551.4]
  [     408.33      598.42]
  [     343.33      535.22]
  [     394.54      612.51]
  [     354.15      611.85]
  [      400.6      681.19]
  [      353.9       682.4]
  [     405.14      748.45]
  [     352.95      749.53]]

 [[     863.05      443.63]
  [     872.16      436.61]
  [     854.63      435.65]
  [     882.81       446.4]
  [     839.51      444.01]
  [      899.9      497.39]
  [      816.2      496.57]
  [     912.67      557.54]
  [     790.71      556.31]
  [     904.52      604.32]
  [     810.51      605.87]
  [     884.91      630.76]
  [     830.55      630.14]
  [     876.47      736.39]
  [        825      733.14]
  [     865.55      828.45]
  [     825.63      819.74]]]