[[[     795.76      469.05]
  [     799.72      463.76]
  [     790.12      462.73]
  [          0           0]
  [     774.29      465.38]
  [     811.09      503.92]
  [     750.61      500.88]
  [      826.4      547.31]
  [     731.26      544.76]
  [     806.74      574.92]
  [     768.68      571.03]
  [     799.86      597.88]
  [     760.25      597.15]
  [     798.11      670.55]
  [     758.25       671.2]
  [     795.52      740.34]
  [     756.74      740.87]]

 [[     904.65      475.97]
  [     913.56      471.86]
  [     902.61      471.46]
  [     931.22       482.6]
  [          0           0]
  [     938.37      521.87]
  [     900.24       522.9]
  [     942.03       572.1]
  [     894.35      570.95]
  [     921.53      610.51]
  [     888.01      610.25]
  [     924.19      620.75]
  [     897.24      619.93]
  [     925.26      695.76]
  [     907.58      694.42]
  [     929.83      766.18]
  [     916.95      759.87]]

 [[     873.66      488.24]
  [     878.83      481.39]
  [     867.34       484.2]
  [      890.8      482.35]
  [          0           0]
  [     906.47       514.7]
  [     861.08      520.34]
  [          0           0]
  [     851.37      559.63]
  [          0           0]
  [     847.27      597.71]
  [     899.92      605.59]
  [     869.39      606.85]
  [     897.29      675.01]
  [     863.11      674.08]
  [     896.28      736.69]
  [     861.15      734.16]]]