[[[     686.74      459.99]
  [     696.63      449.18]
  [     678.17      450.17]
  [      717.8      449.74]
  [          0           0]
  [     741.78      505.09]
  [     647.48      500.85]
  [     756.37      566.46]
  [     586.59      517.77]
  [     725.07      568.52]
  [     585.13      489.09]
  [     717.34      661.81]
  [     655.25      660.66]
  [     719.53      772.39]
  [     651.39      771.76]
  [     726.95      869.81]
  [     656.13      860.61]]

 [[       1002      368.35]
  [       1011      355.43]
  [          0           0]
  [     1047.8      356.87]
  [          0           0]
  [     1104.4      424.25]
  [     1000.6       436.9]
  [     1118.6       525.1]
  [      974.5      527.32]
  [       1033      584.69]
  [     982.61      578.22]
  [     1078.6      627.42]
  [     1008.1      629.03]
  [     1087.7      773.71]
  [     1021.2      772.24]
  [     1103.4      910.17]
  [     1038.1       901.9]]

 [[      850.9      413.17]
  [     862.48      402.62]
  [     842.51      404.23]
  [     883.98      412.16]
  [     833.08      416.86]
  [     917.22      478.37]
  [     817.16      487.19]
  [     956.65      552.88]
  [     800.28      565.82]
  [     934.45       616.5]
  [     793.26       631.7]
  [     895.51      649.36]
  [     829.52      651.79]
  [     898.54      769.64]
  [     828.61      767.94]
  [     901.75      883.61]
  [     842.71      876.14]]]