[[[     783.12       474.7]
  [      789.1      465.48]
  [     773.82       467.4]
  [     793.64      466.63]
  [     754.57      471.98]
  [     810.45      513.42]
  [      734.4      512.01]
  [        823       578.6]
  [     687.37      526.45]
  [     811.92      628.91]
  [     646.17      501.68]
  [     791.93      645.05]
  [      742.7      644.69]
  [     788.57      737.72]
  [     736.37      735.52]
  [      796.7      822.46]
  [     739.16      818.23]]

 [[     1036.4       394.6]
  [     1047.4      384.14]
  [     1031.7      385.21]
  [     1077.6      388.93]
  [          0           0]
  [     1111.5      444.38]
  [     1025.6      454.48]
  [     1127.1      526.63]
  [     1007.9      531.79]
  [     1058.9      583.22]
  [     1018.5      581.82]
  [     1097.6      611.25]
  [     1039.1      614.75]
  [     1106.9      735.01]
  [     1050.6      733.89]
  [     1115.4      850.31]
  [       1055      846.23]]

 [[     875.37      441.13]
  [     884.25      431.68]
  [     871.73       433.3]
  [     912.29      435.92]
  [          0           0]
  [     947.84      489.27]
  [     871.76      499.52]
  [     986.35      543.78]
  [     860.71      565.31]
  [     969.31      598.55]
  [     852.29      625.97]
  [     930.16      633.99]
  [     878.97      636.77]
  [     937.06       735.2]
  [     881.93      734.79]
  [     944.09      828.57]
  [     890.84      827.17]]]