[[[     791.34      482.18]
  [     796.27      477.47]
  [     786.18      476.35]
  [          0           0]
  [      773.9      478.79]
  [     809.84      514.54]
  [     753.31      510.93]
  [     825.26      555.22]
  [     732.68      549.06]
  [     811.07      585.22]
  [     762.07      559.29]
  [     794.55      602.62]
  [     758.01      601.04]
  [     791.99      669.54]
  [     757.61      668.13]
  [     784.45      732.98]
  [     758.21      731.52]]

 [[     883.77      496.37]
  [     886.77      490.62]
  [          0           0]
  [     897.68      494.81]
  [          0           0]
  [     908.19      529.26]
  [     917.36       528.1]
  [     899.54      578.04]
  [          0           0]
  [      886.9      617.48]
  [          0           0]
  [     906.55      622.29]
  [     912.65      620.77]
  [     909.14       688.4]
  [     908.16       689.2]
  [     917.23      754.54]
  [     911.48      749.79]]

 [[     866.44      498.27]
  [     871.54       492.9]
  [     860.97       493.8]
  [      879.8      496.41]
  [     854.01      498.47]
  [     891.99      528.73]
  [     845.01       529.2]
  [     898.47      568.93]
  [     836.57       565.1]
  [     888.88      604.48]
  [     853.46      592.81]
  [     883.16      608.48]
  [     851.92      608.79]
  [     888.17      670.33]
  [     853.17      669.56]
  [     893.15      725.09]
  [     853.98      725.58]]]