[[[      365.3      505.33]
  [     371.41      498.46]
  [     360.58      498.53]
  [     385.94      492.01]
  [          0           0]
  [     406.84      517.75]
  [     345.44         518]
  [     429.51      563.81]
  [     323.39      551.52]
  [     407.51      598.63]
  [     343.27      535.57]
  [     394.38      611.41]
  [     354.51      611.32]
  [     400.96      679.82]
  [     353.99      682.19]
  [     405.28      748.34]
  [     353.23      749.87]]

 [[          0           0]
  [          0           0]
  [          0           0]
  [      759.6      484.56]
  [          0           0]
  [     761.06      519.29]
  [     821.47      514.44]
  [     759.85      567.78]
  [     855.64      557.51]
  [     754.65      612.19]
  [      834.6      593.71]
  [     780.23      628.64]
  [     822.89      626.02]
  [     767.27      708.48]
  [     822.72      707.71]
  [     772.04      791.05]
  [     855.15      783.48]]]