[[[     525.78      379.96]
  [     540.14      370.26]
  [     521.81      368.46]
  [     573.01      379.04]
  [          0           0]
  [     603.43      440.27]
  [     513.31      441.77]
  [     635.18      529.93]
  [      499.8      527.05]
  [      594.1      607.02]
  [     485.98      597.31]
  [     574.09      625.37]
  [     514.45      625.32]
  [     577.82      755.67]
  [     525.95      754.59]
  [     594.34      880.28]
  [     546.03      870.58]]

 [[          0           0]
  [          0           0]
  [          0           0]
  [          0           0]
  [     246.52      360.57]
  [     128.73       444.5]
  [     250.31      450.34]
  [          0           0]
  [     280.82       577.3]
  [          0           0]
  [     309.08      636.11]
  [      143.1       683.6]
  [     228.69      687.33]
  [     155.95      849.89]
  [     237.96      851.11]
  [      143.9      1010.8]
  [      231.5      1012.2]]]