[[[     567.99      485.14]
  [     572.99      479.48]
  [     561.54       480.3]
  [     579.58       482.6]
  [     550.26      484.27]
  [     594.37      516.05]
  [     533.37      517.81]
  [     604.76      557.59]
  [     516.38      559.99]
  [     610.72      596.43]
  [     508.14      606.05]
  [     586.89      611.82]
  [     547.36      613.16]
  [     590.19      682.12]
  [     547.98      683.73]
  [     594.21      745.26]
  [     550.19      750.22]]

 [[     676.72      511.12]
  [     681.64      505.04]
  [     671.97      506.22]
  [     694.55      504.68]
  [          0           0]
  [     715.23      535.22]
  [     663.07       540.2]
  [     731.48      572.13]
  [     654.13      580.44]
  [     727.45      606.15]
  [     653.35      618.91]
  [     709.09      622.54]
  [     674.75      624.16]
  [     714.58         683]
  [     673.17      684.11]
  [     720.56      741.89]
  [     675.11      742.73]]

 [[        741      506.45]
  [     744.38      500.69]
  [          0           0]
  [     755.69      502.67]
  [          0           0]
  [     758.42      538.34]
  [      790.7      533.25]
  [     755.03      588.97]
  [          0           0]
  [     749.14      632.45]
  [          0           0]
  [     764.97       634.1]
  [     790.08      630.49]
  [     758.55      702.65]
  [     778.91      696.14]
  [     763.02      770.77]
  [     796.58      752.97]]]