[[[          0           0]
  [          0           0]
  [          0           0]
  [     980.96      416.21]
  [          0           0]
  [     964.85      480.16]
  [     1080.3      471.08]
  [     929.29      573.56]
  [     1111.7      572.74]
  [     938.31      580.67]
  [     1145.2       654.3]
  [     988.66      673.71]
  [     1062.2      666.29]
  [     1002.2      815.11]
  [       1049      784.39]
  [       1019      962.82]
  [     1046.2      894.72]]

 [[     691.07      501.36]
  [     696.76      496.61]
  [     685.75      496.69]
  [     704.74      501.43]
  [     677.81      501.46]
  [      718.6      533.21]
  [     666.61      533.58]
  [     737.53       565.9]
  [     651.53      567.58]
  [     738.64      598.99]
  [     647.37      601.38]
  [     709.35      619.75]
  [     675.32      619.57]
  [     710.37      683.58]
  [     673.35      682.09]
  [     714.95      743.28]
  [     673.99      743.54]]

 [[     493.43      511.48]
  [     498.26      505.05]
  [     489.32      504.55]
  [          0           0]
  [     471.09      498.24]
  [     484.29      526.29]
  [     445.82      525.31]
  [     477.65       566.1]
  [     437.76      571.84]
  [     485.03      593.01]
  [     471.19      597.29]
  [     464.97      612.14]
  [     445.45      611.81]
  [     443.88      682.62]
  [     458.39      679.84]
  [     407.55      743.96]
  [     467.52      755.77]]]