[[[     364.18      505.64]
  [     370.39      498.88]
  [     359.74      498.76]
  [     385.62       492.4]
  [          0           0]
  [     407.22       518.2]
  [        345      517.87]
  [     429.38      564.64]
  [     323.13      552.31]
  [      408.1      597.95]
  [     343.49      535.46]
  [     394.98      612.84]
  [     354.48      612.33]
  [     401.45      681.88]
  [     354.39      683.13]
  [     405.11      749.49]
  [     352.74      750.31]]

 [[     824.99       466.9]
  [     833.68      458.84]
  [     818.14       460.6]
  [     850.41      465.45]
  [          0           0]
  [     873.22      511.54]
  [     815.63      518.21]
  [      898.2      564.66]
  [     822.68      570.51]
  [      870.5      613.11]
  [     812.55      605.26]
  [     864.62      635.53]
  [     825.53      635.17]
  [     865.87      727.91]
  [     819.52      720.78]
  [     869.73      824.24]
  [      859.6      791.03]]]