[[[     802.82      186.53]
  [      828.6      169.78]
  [     776.74      167.14]
  [     854.92       222.2]
  [     733.22       213.3]
  [     890.53      389.61]
  [      653.2      347.04]
  [     911.25      583.18]
  [     509.49      398.13]
  [     833.78      729.42]
  [     447.91      219.87]
  [     801.45      778.11]
  [      645.8      763.59]
  [     815.06      1045.9]
  [      643.8      1050.4]
  [          0           0]
  [          0           0]]

 [[       1075      30.597]
  [       1109           0]
  [     1060.2      10.767]
  [     1209.3      25.901]
  [          0           0]
  [     1351.3      212.05]
  [     1045.9       267.2]
  [     1485.4      440.52]
  [     999.08      523.85]
  [     1450.4      676.45]
  [     963.19      719.33]
  [     1273.2      786.49]
  [     1068.6      791.55]
  [          0           0]
  [          0           0]
  [          0           0]
  [          0           0]]

 [[          0           0]
  [          0           0]
  [          0           0]
  [          0           0]
  [          0           0]
  [          0           0]
  [          0           0]
  [          0           0]
  [     1560.4      327.61]
  [          0           0]
  [     1706.5      524.16]
  [          0           0]
  [     1734.1      744.33]
  [          0           0]
  [          0           0]
  [          0           0]
  [          0           0]]]