[[[     787.74      486.88]
  [     792.15      482.03]
  [     782.13      481.43]
  [          0           0]
  [     769.13      484.65]
  [      806.1      519.03]
  [     748.91      517.48]
  [     818.23       555.7]
  [     729.06      556.62]
  [     809.81      575.07]
  [     755.66      569.56]
  [     792.68      605.74]
  [     755.85      605.02]
  [     786.65      673.09]
  [     755.61      671.84]
  [     780.01      735.58]
  [     753.84      735.74]]

 [[          0           0]
  [     882.74      498.22]
  [          0           0]
  [     892.61       501.5]
  [          0           0]
  [     907.79      534.59]
  [      910.6      532.11]
  [     910.15      582.05]
  [          0           0]
  [     891.23      615.76]
  [          0           0]
  [     906.76      628.13]
  [     908.69      625.96]
  [     908.66      693.18]
  [     904.76       694.2]
  [     914.87      758.96]
  [     907.17      755.15]]

 [[     874.41      501.68]
  [     878.79      496.72]
  [     868.97      496.85]
  [          0           0]
  [     859.37      501.39]
  [      889.7      532.43]
  [     846.74      531.47]
  [     897.15      566.91]
  [     830.89      564.62]
  [     878.11      562.03]
  [     859.12      562.25]
  [     881.89      609.06]
  [     852.29      609.15]
  [     885.91      672.75]
  [      850.9      673.28]
  [     892.94      730.54]
  [     849.73      732.39]]]