[[[     805.64      483.59]
  [      810.6      474.98]
  [     796.21      476.24]
  [          0           0]
  [     775.06      481.96]
  [     830.87      527.42]
  [     755.63      521.87]
  [     842.81      585.99]
  [     706.93       520.5]
  [     833.47      633.23]
  [     660.48      503.59]
  [     813.51      653.57]
  [     763.65       649.8]
  [     813.47      740.03]
  [     763.54      736.16]
  [     815.17      820.62]
  [     757.78      815.76]]

 [[     889.32      457.28]
  [     897.63       448.1]
  [     887.89      448.38]
  [     924.23      451.86]
  [          0           0]
  [     958.13      500.49]
  [     888.45      509.38]
  [     1000.5       548.5]
  [     878.81      575.22]
  [     989.23      606.91]
  [     867.27      631.42]
  [     943.79       641.6]
  [     897.83      643.35]
  [     948.67      738.01]
  [     898.89      735.77]
  [     959.35      825.99]
  [     908.02      822.73]]

 [[     1044.6      415.41]
  [     1055.3      405.65]
  [     1040.7      405.88]
  [     1084.5      409.23]
  [          0           0]
  [     1112.7      461.43]
  [     1039.2      467.28]
  [     1120.3      537.84]
  [     1023.3       537.1]
  [     1053.2      590.98]
  [     1020.2      586.48]
  [     1097.7      619.32]
  [     1047.5      620.84]
  [     1109.8      737.25]
  [     1056.1      736.74]
  [     1120.2      847.86]
  [       1066      842.18]]]