[[[     607.75      488.26]
  [     611.42      483.29]
  [     601.96       482.5]
  [          0           0]
  [      586.2      485.75]
  [     624.96      521.07]
  [     565.51      518.23]
  [     642.41      561.69]
  [     542.85      558.13]
  [     614.94         580]
  [     576.97      578.11]
  [     611.43      610.85]
  [     573.31      609.98]
  [     607.25      678.28]
  [     575.16      679.27]
  [     602.32      744.98]
  [     575.06      746.27]]

 [[     692.48      500.67]
  [     698.25      495.67]
  [     687.54      495.84]
  [     707.13      500.23]
  [     681.12      500.81]
  [     717.49      534.08]
  [     671.18      534.13]
  [          0           0]
  [     660.12      572.88]
  [          0           0]
  [     657.24      608.72]
  [     708.23      619.93]
  [     676.84      619.99]
  [     715.96      682.13]
  [     675.53      682.05]
  [     725.02      740.06]
  [      675.8      741.49]]

 [[          0           0]
  [          0           0]
  [          0           0]
  [     722.49      503.19]
  [          0           0]
  [     737.47      540.22]
  [     735.19      537.79]
  [     731.21      589.17]
  [          0           0]
  [     714.58       626.6]
  [          0           0]
  [     732.45      635.01]
  [     729.92      632.97]
  [     733.87      699.56]
  [     728.96      700.03]
  [     743.38      765.77]
  [     735.75      763.32]]]