[[[     339.15      444.48]
  [     349.32      439.24]
  [     336.58      437.16]
  [     370.61      446.55]
  [          0           0]
  [     388.98      487.52]
  [     322.07       484.9]
  [     415.48      541.38]
  [     313.18      536.16]
  [        388      591.29]
  [     301.43      578.34]
  [     371.02      605.44]
  [     325.31      603.46]
  [     378.55      686.69]
  [     325.61       688.1]
  [     382.98      771.38]
  [     334.11      767.94]]

 [[          0           0]
  [          0           0]
  [          0           0]
  [          0           0]
  [     193.96      450.57]
  [     120.35      506.59]
  [     209.85      501.42]
  [     98.947      579.01]
  [     234.16      570.03]
  [     124.83      607.67]
  [     240.05      613.92]
  [     131.92       643.8]
  [      190.3      642.54]
  [     153.59       727.1]
  [     198.62      726.67]
  [     153.52      820.36]
  [     195.79      819.87]]

 [[     123.65      452.25]
  [          0           0]
  [     115.53      444.21]
  [          0           0]
  [     92.222       449.2]
  [     111.72         495]
  [      71.71      494.06]
  [          0           0]
  [     74.967      553.12]
  [          0           0]
  [     113.81      578.97]
  [     105.03       613.4]
  [     78.207      614.42]
  [     95.908      703.18]
  [     80.887      703.15]
  [     71.655      789.35]
  [     61.352      799.47]]]