[[[     209.17      85.222]
  [          0           0]
  [     183.76      49.351]
  [          0           0]
  [     71.536      49.487]
  [          0           0]
  [     28.959      221.59]
  [          0           0]
  [     3.5276      524.91]
  [          0           0]
  [     167.91      710.64]
  [          0           0]
  [          0           0]
  [          0           0]
  [          0           0]
  [          0           0]
  [          0           0]]

 [[     492.96      267.24]
  [     514.71      252.72]
  [     473.74      248.77]
  [     539.88       279.5]
  [     439.35      268.82]
  [     573.55      400.68]
  [      379.3      383.72]
  [     564.54      544.33]
  [     321.69      522.18]
  [     493.68      616.78]
  [     405.98      608.63]
  [     537.89      710.51]
  [     405.95      705.86]
  [     513.18      934.53]
  [     363.78      938.23]
  [          0           0]
  [          0           0]]

 [[     907.05      154.46]
  [     933.14      133.65]
  [      901.5      135.68]
  [     1003.7      149.93]
  [          0           0]
  [     1069.2      274.71]
  [     910.26      289.24]
  [     1140.3       459.3]
  [     898.84       478.7]
  [       1041      625.81]
  [     864.06      609.43]
  [     1019.9      664.93]
  [     914.17      661.71]
  [       1036      932.13]
  [     928.98      923.24]
  [          0           0]
  [          0           0]]]