[[[     713.72      482.43]
  [      718.7      470.78]
  [      702.4      473.48]
  [          0           0]
  [     674.97       475.4]
  [     740.54      526.08]
  [     646.27      519.85]
  [     758.39      594.67]
  [     585.37       537.6]
  [     738.68      647.27]
  [     575.99      507.57]
  [     718.48      677.07]
  [     657.17      675.41]
  [     721.57      782.98]
  [      655.3      782.14]
  [     728.02       879.4]
  [     660.25      872.15]]

 [[     867.77      431.77]
  [     871.98      422.54]
  [     854.99      425.13]
  [          0           0]
  [     831.24      439.42]
  [     904.79      495.19]
  [     815.76      505.64]
  [     946.05      560.37]
  [     805.71      585.62]
  [     933.14       627.1]
  [     793.62      653.65]
  [      889.2      661.25]
  [     830.94       663.2]
  [     893.06      777.08]
  [     829.86      778.05]
  [     899.64      891.23]
  [     838.53      883.15]]

 [[     992.89      392.87]
  [     1001.6      380.39]
  [          0           0]
  [     1037.7      380.81]
  [          0           0]
  [     1093.7      443.17]
  [     993.15      456.23]
  [     1111.1      540.41]
  [     971.48      542.81]
  [     1030.6      601.52]
  [     982.19      598.72]
  [     1075.5      639.22]
  [     1007.1      641.77]
  [     1086.1      782.57]
  [     1019.1      781.06]
  [     1098.3      915.16]
  [     1030.7      908.81]]]