[[[     714.13      461.02]
  [     719.57      449.12]
  [     703.03      451.41]
  [          0           0]
  [     675.33      453.42]
  [     740.31      503.16]
  [     646.64      499.42]
  [     759.55      575.93]
  [      585.9      512.33]
  [     741.05      632.08]
  [     574.26       477.4]
  [      721.1      653.92]
  [     659.84      652.14]
  [     721.88      759.36]
  [      660.3      755.85]
  [      727.5      849.64]
  [     662.46      845.62]]

 [[     849.01      410.47]
  [      858.6      402.07]
  [     837.75       404.3]
  [     873.22      413.48]
  [     823.81      419.59]
  [     906.53      473.19]
  [     815.57      484.34]
  [     948.81      540.81]
  [      805.5      562.88]
  [     930.37      609.35]
  [     793.25      629.74]
  [     887.15       637.5]
  [     828.47      638.24]
  [     890.62      752.51]
  [     831.12      752.31]
  [     900.52      864.41]
  [     838.73      851.92]]

 [[     993.79      368.51]
  [     1003.1      356.39]
  [          0           0]
  [     1040.2      358.94]
  [          0           0]
  [     1094.1      424.58]
  [     993.78      433.49]
  [     1106.3      516.64]
  [     971.87      520.13]
  [     1029.4      580.35]
  [     979.25      577.28]
  [     1075.7       615.6]
  [     1007.4      616.82]
  [       1084       756.3]
  [       1018      757.47]
  [     1092.3      888.92]
  [     1027.5      881.81]]]