[[[          0           0]
  [          0           0]
  [          0           0]
  [          0           0]
  [          0           0]
  [          0           0]
  [     1427.3      165.57]
  [          0           0]
  [       1382      492.16]
  [          0           0]
  [     1339.8      762.28]
  [     1805.3      864.25]
  [     1483.6      862.14]
  [          0           0]
  [          0           0]
  [          0           0]
  [          0           0]]

 [[     1127.5      118.15]
  [     1148.9      94.054]
  [     1087.9      97.174]
  [     1170.8      146.38]
  [     1024.3      154.57]
  [     1225.8      347.71]
  [     942.93      304.55]
  [     1255.4      584.81]
  [     772.11      350.76]
  [       1170      761.55]
  [     807.72      183.31]
  [       1121      825.78]
  [     928.91      808.65]
  [          0           0]
  [          0           0]
  [          0           0]
  [          0           0]]]