[[[     1054.2      392.78]
  [     1054.4      375.87]
  [          0           0]
  [     1066.3      360.93]
  [          0           0]
  [     1073.8      430.71]
  [       1209      428.61]
  [     1041.6      558.69]
  [     1231.5      557.95]
  [     994.27      586.42]
  [          0           0]
  [     1099.6      688.54]
  [     1197.2      689.24]
  [     1053.2      839.57]
  [     1166.2      866.36]
  [     1098.4      1017.6]
  [     1166.9      1045.9]]

 [[     457.06      502.35]
  [     460.59      497.51]
  [     454.11      495.42]
  [          0           0]
  [     436.66      488.85]
  [     444.79       523.3]
  [     412.77      511.84]
  [     433.92      566.87]
  [     425.51      546.64]
  [     449.16       592.6]
  [      452.1      571.92]
  [      429.2      608.52]
  [     403.81      604.59]
  [      422.2      680.12]
  [      395.2       673.9]
  [     410.85       745.5]
  [     363.35       744.8]]

 [[     691.49       501.3]
  [     696.99      496.32]
  [     686.31      496.54]
  [     704.97      500.62]
  [      678.8      501.06]
  [     719.66         534]
  [     666.13      534.96]
  [     734.62      570.84]
  [     651.57      573.11]
  [     729.18      604.52]
  [     653.42      609.01]
  [     710.09      621.81]
  [     674.96      621.92]
  [     711.31      684.45]
  [     672.82      683.27]
  [     713.89      743.04]
  [      672.9      743.27]]]