[[[     540.99      516.84]
  [     545.44      510.81]
  [     537.16      510.81]
  [          0           0]
  [     520.38      501.87]
  [     545.97      523.11]
  [     490.41      523.35]
  [     544.92      561.15]
  [     463.02      561.25]
  [     551.48      591.27]
  [     483.35      600.37]
  [     535.38      613.41]
  [     494.78      616.11]
  [     557.15      678.24]
  [     483.66      683.54]
  [     582.09      741.79]
  [     466.63      752.07]]

 [[          0           0]
  [          0           0]
  [          0           0]
  [     936.02      445.48]
  [          0           0]
  [     934.95       490.7]
  [     1025.9      490.37]
  [     915.79       572.6]
  [     1055.2      569.77]
  [     897.93      640.49]
  [     1049.3      622.46]
  [     955.35      652.23]
  [       1019      652.24]
  [     925.07      749.94]
  [     1001.5      768.59]
  [     959.21      848.13]
  [     1005.4      883.51]]

 [[     689.61      504.24]
  [     695.33      499.04]
  [     684.69       499.2]
  [      704.8      502.31]
  [     678.36      502.85]
  [     720.81      534.39]
  [      666.6      535.39]
  [     741.61      568.71]
  [      648.5      572.02]
  [     745.76      599.27]
  [     645.28      605.96]
  [     710.02      620.17]
  [     675.46      620.33]
  [     710.69      682.58]
  [     674.97       683.3]
  [      713.5       743.2]
  [     674.86      742.65]]]