[[[     432.53      484.02]
  [     439.78      475.66]
  [     425.28      475.57]
  [     452.81      474.56]
  [     415.34      475.62]
  [     470.51      518.63]
  [     396.19      507.53]
  [     480.47      572.93]
  [     350.91      506.46]
  [     463.11      610.98]
  [     312.15      489.42]
  [     444.11      628.96]
  [     395.17      624.81]
  [     443.84       705.8]
  [     387.05      704.74]
  [     447.09      779.12]
  [     383.91      777.82]]

 [[     528.76      458.04]
  [     536.85      451.38]
  [     527.72      451.42]
  [     560.19      456.85]
  [          0           0]
  [     589.91      500.25]
  [      527.5      500.65]
  [     617.17      551.29]
  [     523.79      545.02]
  [     593.29      586.53]
  [     513.96      575.77]
  [     574.47      616.29]
  [     532.13      614.31]
  [     574.47      699.29]
  [     525.08      697.67]
  [     579.49      779.53]
  [     528.96      779.49]]

 [[     677.38      431.61]
  [     687.03      423.65]
  [     671.59      423.76]
  [     706.94      427.13]
  [          0           0]
  [     728.33      475.08]
  [     656.35      474.57]
  [     735.63      541.39]
  [     637.05      530.07]
  [     681.21      574.54]
  [     641.58      571.34]
  [      708.9      602.26]
  [      661.3      600.95]
  [      712.3      696.75]
  [     666.45       697.8]
  [        719      791.55]
  [     670.99      788.13]]]