[[[     362.83      505.88]
  [     369.14      499.29]
  [     358.83      498.92]
  [     385.09      492.94]
  [          0           0]
  [     406.98      518.29]
  [     345.01      517.97]
  [     429.06      563.75]
  [     323.19      552.27]
  [     408.63      596.92]
  [     342.74      536.54]
  [     395.31      613.04]
  [     354.85      612.56]
  [     401.55      681.29]
  [     354.21      683.46]
  [     405.64      749.32]
  [     352.94      750.59]]

 [[     839.56      457.03]
  [     846.96      448.24]
  [     831.17      450.52]
  [     861.62      452.17]
  [     822.91      457.92]
  [     890.02      501.47]
  [     813.58       507.9]
  [     913.67      557.81]
  [     810.96      561.87]
  [     896.68      608.04]
  [     809.84      603.15]
  [      878.8      635.68]
  [     829.97       634.5]
  [     881.19      733.78]
  [     814.87      720.71]
  [     872.76       833.6]
  [     850.77      782.04]]]