[[[     629.62      377.09]
  [     646.56      368.59]
  [     625.56      368.34]
  [     677.73      389.29]
  [          0           0]
  [     700.97      472.37]
  [     588.63      448.96]
  [     712.25      565.22]
  [     505.58      423.11]
  [     691.08      629.69]
  [     441.91      370.47]
  [     655.77       658.9]
  [     583.69      650.63]
  [     657.58      790.08]
  [     580.54      782.83]
  [     664.79         903]
  [     581.17      895.47]]

 [[     769.24      351.61]
  [     781.12      338.41]
  [     767.04      341.73]
  [     823.13      346.69]
  [          0           0]
  [     881.63      428.37]
  [     765.03      440.59]
  [     937.09      516.72]
  [     755.63       539.5]
  [      912.1      601.77]
  [     737.73      622.59]
  [     854.94      639.59]
  [      778.2      640.21]
  [     860.44      784.54]
  [     784.87      786.14]
  [     880.57      925.31]
  [     803.19      910.26]]

 [[     1019.3      268.93]
  [     1037.4      255.89]
  [     1013.9      257.47]
  [     1083.2       270.6]
  [          0           0]
  [     1130.4      353.15]
  [     994.88      368.27]
  [       1165      472.29]
  [     963.03      482.26]
  [     1050.8      518.11]
  [      968.3      506.79]
  [     1102.9      606.68]
  [     1010.9      612.21]
  [     1117.6      794.84]
  [     1032.8      792.34]
  [       1133      966.63]
  [     1043.6      959.11]]]