[[[     507.21      454.07]
  [     516.28      448.38]
  [     504.12       447.3]
  [     536.33      454.47]
  [          0           0]
  [     555.84      494.71]
  [     491.09      494.73]
  [     580.46      547.33]
  [     482.92      544.87]
  [     558.12      595.48]
  [     478.33      589.58]
  [     542.05      610.17]
  [     498.39         610]
  [     549.39      688.16]
  [     504.33       692.1]
  [     554.14      770.14]
  [     509.43      770.67]]

 [[     327.81      468.43]
  [          0           0]
  [     320.58       460.9]
  [          0           0]
  [      298.8      464.14]
  [     322.16       507.7]
  [     275.21      507.52]
  [          0           0]
  [      276.1      567.05]
  [          0           0]
  [     315.38      595.84]
  [     318.73      617.75]
  [      283.7      619.56]
  [     312.75      702.13]
  [     277.75      705.55]
  [     289.99       786.9]
  [     254.81      793.14]]

 [[          0           0]
  [          0           0]
  [          0           0]
  [          0           0]
  [     377.76       465.4]
  [     312.04      516.21]
  [      389.1      516.75]
  [     296.03      584.13]
  [     411.23       584.3]
  [     325.25      615.78]
  [     412.51       619.1]
  [        319      639.14]
  [     372.93      640.23]
  [     330.84      712.64]
  [     389.62      714.49]
  [     324.08         806]
  [     378.91      815.55]]

 [[     327.06      464.45]
  [          0           0]
  [     318.97      459.11]
  [          0           0]
  [     295.41      467.76]
  [     319.94      507.49]
  [     272.06      507.19]
  [          0           0]
  [     275.16      568.92]
  [          0           0]
  [     314.95      595.32]
  [     315.38      619.46]
  [     281.23         621]
  [          0           0]
  [     289.63      702.59]
  [          0           0]
  [          0           0]]]