[[[     520.11      467.26]
  [     526.44      458.52]
  [     517.94      458.99]
  [     552.92      455.72]
  [          0           0]
  [     593.26      498.39]
  [      511.1      500.46]
  [     614.56      549.55]
  [     479.02       540.6]
  [     607.08      573.44]
  [     434.62      569.03]
  [     579.41      620.64]
  [     527.99       622.8]
  [     589.64      701.87]
  [     541.86      706.81]
  [     553.04      760.39]
  [      559.9      788.82]]

 [[     276.62       463.8]
  [     281.29      454.76]
  [     271.13       450.9]
  [          0           0]
  [     237.35      443.83]
  [     259.01      505.74]
  [     193.22      494.18]
  [     261.84      569.92]
  [     151.96      558.25]
  [     274.74      623.01]
  [     199.47      603.49]
  [     243.87      652.56]
  [     197.64      651.38]
  [     256.57      747.13]
  [      190.8      752.87]
  [     256.09      846.18]
  [     174.98      851.12]]

 [[     687.76      413.54]
  [     688.85       402.8]
  [          0           0]
  [     702.17      393.89]
  [          0           0]
  [     721.38      431.06]
  [     780.06      435.55]
  [     731.27      513.26]
  [     808.08      523.99]
  [     700.25       583.5]
  [      771.2      567.11]
  [     743.05      600.72]
  [     785.65      600.67]
  [     740.66      730.45]
  [     778.92      726.36]
  [     753.07      856.94]
  [     784.76         844]]]