[[[      914.9       438.8]
  [     921.67      430.67]
  [     906.55      429.64]
  [          0           0]
  [     885.44      432.69]
  [     939.24       485.9]
  [     854.65      481.72]
  [     960.53      547.14]
  [      829.1      543.31]
  [     953.57      597.96]
  [     878.81      579.85]
  [     926.98      620.79]
  [     871.26      619.91]
  [     927.44      717.32]
  [     871.54       718.6]
  [     925.69      807.54]
  [     864.97      809.38]]

 [[     1033.1      465.02]
  [     1041.1      456.43]
  [     1025.3      457.78]
  [       1057      460.74]
  [     1016.2      464.18]
  [     1080.4      506.85]
  [     1003.3      510.42]
  [       1090      557.68]
  [     990.57      558.13]
  [          0           0]
  [       1035       557.5]
  [     1068.1       630.1]
  [     1016.4      631.53]
  [     1076.8      725.07]
  [     1008.8      726.41]
  [     1087.1      813.32]
  [     1012.9      812.37]]

 [[          0           0]
  [          0           0]
  [          0           0]
  [     1091.4      445.75]
  [          0           0]
  [     1110.4       501.2]
  [     1129.8      495.44]
  [       1101      585.21]
  [          0           0]
  [     1083.3      657.24]
  [          0           0]
  [     1114.5      661.79]
  [     1129.6      657.29]
  [     1122.9       774.9]
  [     1124.8      769.32]
  [     1130.5      882.51]
  [     1128.2      873.31]]]