[[[          0           0]
  [          0           0]
  [          0           0]
  [     1045.9       388.5]
  [          0           0]
  [     1045.3      454.54]
  [     1171.8      451.37]
  [     1030.6      568.27]
  [          0           0]
  [     979.46      602.09]
  [          0           0]
  [       1063      697.36]
  [     1159.9      699.45]
  [     1049.8      849.48]
  [       1148      870.54]
  [     1028.5      971.33]
  [     1155.4      1049.4]]

 [[      691.2       500.9]
  [     696.69      495.83]
  [     685.91       496.1]
  [     704.52      500.12]
  [     678.21      500.67]
  [      719.3      534.04]
  [     665.72      534.88]
  [      735.4      571.41]
  [     650.57      572.44]
  [     732.11      603.85]
  [     649.52       606.7]
  [     709.08      621.43]
  [     673.99      621.53]
  [     710.64       684.1]
  [     672.44      683.19]
  [     713.96      743.35]
  [     673.11      743.64]]

 [[     465.06       503.9]
  [     468.85      499.19]
  [     461.92      496.75]
  [          0           0]
  [     444.33      490.65]
  [     449.76      521.27]
  [     420.97      514.89]
  [     443.93      557.63]
  [     434.84      556.27]
  [     454.93         591]
  [     457.62      589.64]
  [     430.28       603.1]
  [     408.86       600.7]
  [      428.1         676]
  [     409.55      671.13]
  [      412.1      742.37]
  [     388.73      743.22]]]