[[[     540.34      469.97]
  [     541.79      460.24]
  [          0           0]
  [     557.45      452.36]
  [          0           0]
  [     565.24      489.54]
  [      617.7      484.22]
  [     546.24      557.39]
  [     649.07      547.44]
  [     508.11      601.02]
  [     643.58      600.58]
  [     584.91      614.31]
  [     607.99      609.06]
  [     603.58      705.84]
  [     570.75      697.98]
  [     643.73      793.89]
  [     546.22      783.86]]

 [[     218.15      483.34]
  [     224.96      477.66]
  [     211.65      474.64]
  [          0           0]
  [     192.91      473.04]
  [     224.41      522.36]
  [     167.14      507.62]
  [     225.77      569.73]
  [     128.57      548.13]
  [     247.71      590.24]
  [      145.9      605.84]
  [     201.76      622.65]
  [     163.28      618.16]
  [          0           0]
  [          0           0]
  [          0           0]
  [          0           0]]

 [[          0           0]
  [          0           0]
  [          0           0]
  [          0           0]
  [     108.77      463.14]
  [      26.46      517.89]
  [     121.71      513.43]
  [     6.8133      590.14]
  [     142.26      587.12]
  [          0           0]
  [     154.77       629.4]
  [      37.21      660.76]
  [     106.62      659.62]
  [     38.826      709.31]
  [     139.18      698.66]
  [     44.085      821.73]
  [     137.08      801.61]]]