[[[     231.95      473.92]
  [          0           0]
  [     224.14      466.47]
  [          0           0]
  [     200.51      470.71]
  [     222.43      514.28]
  [     180.22      515.19]
  [          0           0]
  [     184.17      572.61]
  [          0           0]
  [     227.35      602.61]
  [     221.78      629.04]
  [     189.81      631.81]
  [     220.39      713.91]
  [     185.31      717.82]
  [      211.9      798.21]
  [     167.95      805.72]]

 [[          0           0]
  [          0           0]
  [          0           0]
  [      259.9      468.43]
  [     297.41      469.43]
  [     228.72      520.07]
  [     312.11      518.93]
  [     211.24      590.66]
  [     334.26      588.36]
  [     239.92      624.15]
  [     333.79      625.09]
  [     240.01      652.24]
  [     294.23      652.27]
  [     265.74      732.85]
  [     298.18      731.68]
  [     265.82      826.25]
  [     297.72      830.47]]

 [[     432.02      460.84]
  [     441.78      455.96]
  [     429.19      454.24]
  [     461.59       463.5]
  [          0           0]
  [     480.44      502.73]
  [     415.57      499.68]
  [     505.16      555.98]
  [     408.51      545.01]
  [     479.91      603.07]
  [      391.1      582.15]
  [     464.03      616.52]
  [      419.5      614.88]
  [     471.45      694.82]
  [     422.16      697.38]
  [     478.24      777.13]
  [      428.7      775.94]]]