[[[      466.6      453.12]
  [     476.16      446.72]
  [     462.65      445.55]
  [      497.1      451.74]
  [          0           0]
  [     520.94      493.41]
  [     447.51      492.95]
  [     547.85      548.85]
  [     436.55       542.5]
  [     528.06       603.6]
  [     442.64      588.05]
  [     508.68      617.45]
  [     461.43      617.04]
  [     513.75      698.96]
  [     472.94      702.02]
  [     512.84      788.41]
  [      484.4      783.04]]

 [[     269.25      471.03]
  [     271.76      463.71]
  [     259.68      463.39]
  [          0           0]
  [      234.3      468.52]
  [     270.56      511.99]
  [     214.66      510.41]
  [          0           0]
  [     208.93      570.98]
  [          0           0]
  [     257.58      603.19]
  [     264.64      630.91]
  [     224.39      632.16]
  [          0           0]
  [      230.3      726.74]
  [          0           0]
  [          0           0]]

 [[          0           0]
  [          0           0]
  [          0           0]
  [     290.39      462.07]
  [     335.42      465.14]
  [     257.64      510.28]
  [     342.63      511.74]
  [     237.54       582.9]
  [     358.44      587.96]
  [     259.49      620.78]
  [     372.62      634.47]
  [     266.55      653.29]
  [     323.41      653.81]
  [          0           0]
  [          0           0]
  [          0           0]
  [          0           0]]]