[[[          0           0]
  [          0           0]
  [          0           0]
  [      861.2       479.6]
  [          0           0]
  [     853.68      523.08]
  [     927.42       520.2]
  [      827.5      576.63]
  [     947.05      583.09]
  [     802.37      618.05]
  [     956.23      640.08]
  [     871.34       652.4]
  [        918      650.43]
  [     877.45       741.4]
  [     904.02      736.43]
  [     898.54       826.6]
  [     898.55      812.24]]

 [[     578.04      511.23]
  [     583.56      505.15]
  [     572.47      505.58]
  [     592.55       498.7]
  [     563.02       499.4]
  [     607.62      519.76]
  [     548.21      518.04]
  [      630.8      555.88]
  [     524.59      546.43]
  [     618.81       590.3]
  [     535.79       580.6]
  [     593.81      611.28]
  [     557.35       610.8]
  [     591.86      678.91]
  [     561.47      678.99]
  [     586.41      742.12]
  [     561.75      744.88]]

 [[     680.32      514.12]
  [     685.47      507.96]
  [     677.22      508.35]
  [     701.94      505.71]
  [          0           0]
  [      723.5      535.11]
  [      671.2      537.73]
  [     741.04      573.24]
  [     659.59      577.52]
  [      745.8      608.59]
  [     648.88      614.44]
  [        712      622.29]
  [     677.92      622.28]
  [     712.39      683.35]
  [     675.92      683.05]
  [     714.47      743.83]
  [     672.63      743.86]]]