[[     913.56      399.81]
 [     922.94      403.56]
 [     951.06      403.56]
 [     907.94      409.19]
 [     951.06      412.94]
 [     906.06      418.56]
 [     922.94      422.31]
 [     952.94      422.31]
 [     913.56      442.94]
 [     904.19      450.44]
 [     891.06      452.31]
 [     945.44      452.31]
 [     870.44      461.69]
 [     909.81      465.44]
 [     969.81      467.31]
 [     979.19      467.31]
 [     889.19      469.19]
 [     928.56      482.31]
 [     859.19      484.19]
 [     883.56      495.44]
 [     853.56      504.81]
 [     982.94      508.56]
 [     877.94      510.44]
 [     966.06      512.31]
 [     851.69      527.31]
 [     864.81      527.31]
 [     967.94      529.19]
 [     874.19      531.06]
 [     849.81      536.69]
 [     992.31      536.69]
 [     969.81      538.56]
 [     992.31      546.06]
 [     911.69      557.31]
 [     876.06      561.06]
 [     930.44      561.06]
 [     941.69      561.06]
 [     967.94      562.94]
 [     986.69      562.94]
 [     906.06      570.44]
 [     932.31      570.44]
 [     971.69      581.69]
 [     932.31      587.31]
 [     876.06      594.81]
 [     928.56      607.94]
 [     958.56      607.94]
 [     971.69      607.94]
 [     973.56      624.81]
 [     877.94      628.56]
 [     894.81      662.31]
 [     879.81      667.94]
 [     967.94      679.19]
 [     885.44      690.44]
 [     926.69      690.44]
 [     952.94      690.44]
 [     969.81      711.06]
 [     936.06      712.94]
 [     883.56      718.56]
 [     881.69      742.94]
 [     913.56      742.94]
 [     936.06      742.94]
 [     966.06      746.69]
 [     883.56      757.94]
 [     913.56      763.56]
 [     885.44      772.94]
 [     913.56      772.94]
 [     964.19      776.69]
 [     889.19      791.69]]