[[     921.06      409.19]
 [     896.69      411.06]
 [     934.19      412.94]
 [     909.81      414.81]
 [     936.06      424.19]
 [     891.06      427.94]
 [     907.94      433.56]
 [     937.94      433.56]
 [     898.56      454.19]
 [     889.19      457.94]
 [     930.44      463.56]
 [     876.06      465.44]
 [     857.31      471.06]
 [     896.69      472.94]
 [     876.06      476.69]
 [     956.69      476.69]
 [     847.94      489.81]
 [     913.56      491.69]
 [     967.94      495.44]
 [     951.06      502.94]
 [     870.44      504.81]
 [     840.44      512.31]
 [     967.94      517.94]
 [     864.81      519.81]
 [     951.06      519.81]
 [     982.94      525.44]
 [     951.06      531.06]
 [     840.44      532.94]
 [     849.81      534.81]
 [     971.69      536.69]
 [     859.19      538.56]
 [     836.69      544.19]
 [     979.19      547.94]
 [     954.81      549.81]
 [     979.19      557.31]
 [     898.56      564.81]
 [     862.94      568.56]
 [     926.69      568.56]
 [     952.94      570.44]
 [     971.69      570.44]
 [     917.31      577.94]
 [     954.81      587.31]
 [     917.31      592.94]
 [     862.94      602.31]
 [     947.31      609.81]
 [     966.06      609.81]
 [     913.56      611.69]
 [     956.69      622.94]
 [     913.56      630.44]
 [     864.81      634.19]
 [     881.69      664.19]
 [     952.94      686.69]
 [     870.44      694.19]
 [     913.56      694.19]
 [     941.69      696.06]
 [     922.94      716.69]
 [     956.69      716.69]
 [     870.44      722.31]
 [     870.44      746.69]
 [     900.44      746.69]
 [     922.94      746.69]
 [     952.94      748.56]
 [     900.44      759.81]
 [     870.44      763.56]
 [     922.94      763.56]
 [     951.06      763.56]
 [     900.44      776.69]
 [     872.31      778.56]
 [     951.06      780.44]
 [     894.81      799.19]
 [     900.44      816.06]]