[[     906.06      412.94]
 [     1127.3      414.81]
 [     917.31      416.69]
 [     943.56      416.69]
 [     1142.3      420.44]
 [     917.31      426.06]
 [     943.56      427.94]
 [     1042.9      427.94]
 [     1054.2      429.81]
 [     1144.2      429.81]
 [     898.56      431.69]
 [     915.44      435.44]
 [     945.44      437.31]
 [     1061.7      444.81]
 [     906.06      456.06]
 [     1022.3      459.81]
 [     896.69      463.56]
 [     1101.1      463.56]
 [     937.94      465.44]
 [     1065.4      467.31]
 [     866.69      472.94]
 [     1091.7      472.94]
 [     904.19      476.69]
 [     958.56      476.69]
 [     1140.4      476.69]
 [     883.56      480.44]
 [     1119.8      480.44]
 [     1033.6      491.69]
 [     1069.2      491.69]
 [     921.06      493.56]
 [     1007.3      493.56]
 [     1101.1      493.56]
 [     977.31      501.06]
 [     1052.3      501.06]
 [     1131.1      501.06]
 [     877.94      506.69]
 [     847.94      516.06]
 [     936.06      516.06]
 [     1048.6      519.81]
 [     1087.9      519.81]
 [     975.44      521.69]
 [     1078.6      521.69]
 [     872.31      523.56]
 [     958.56      525.44]
 [     992.31      531.06]
 [     846.06      534.81]
 [     1011.1      534.81]
 [     1125.4      534.81]
 [     960.44      536.69]
 [     1042.9      536.69]
 [     855.44      538.56]
 [     1086.1      540.44]
 [     866.69      542.31]
 [     1067.3      544.19]
 [     960.44      546.06]
 [     1016.7      546.06]
 [     1172.3      546.06]
 [     997.94      547.94]
 [     977.31      549.81]
 [     1084.2      557.31]
 [     1138.6      559.19]
 [     904.19      568.56]
 [     1112.3      568.56]
 [     868.56      572.31]
 [     934.19      572.31]
 [     1011.1      572.31]
 [     1168.6      572.31]
 [     962.31      574.19]
 [     981.06      574.19]
 [     926.69      583.56]
 [     917.31      585.44]
 [     1123.6      585.44]
 [     964.19      592.94]
 [     1119.8      594.81]
 [     924.81      598.56]
 [     1162.9      598.56]
 [     868.56      606.06]
 [     1084.2      611.69]
 [     973.56      615.44]
 [     1007.3      615.44]
 [     951.06      617.31]
 [     1116.1      619.19]
 [     962.31      621.06]
 [     921.06      626.69]
 [     1170.4      626.69]
 [     1033.6      628.56]
 [     1007.3      636.06]
 [     1078.6      636.06]
 [     1172.3      636.06]
 [     966.06      637.94]
 [     870.44      639.81]
 [     967.94      647.31]
 [     1029.8      647.31]
 [     1076.7      647.31]
 [     1097.3      649.19]
 [     1117.9      651.06]
 [     1005.4      652.94]
 [     1029.8      656.69]
 [     1076.7      662.31]
 [     1177.9      662.31]
 [     1140.4      664.19]
 [     1168.6      664.19]
 [     1054.2      666.06]
 [     1095.4      669.81]
 [     874.19      675.44]
 [     1089.8      684.81]
 [     1155.4      686.69]
 [     962.31      688.56]
 [     1146.1      697.94]
 [     877.94      699.81]
 [     921.06      699.81]
 [     947.31      701.69]
 [     1065.4      705.44]
 [     1144.2      709.19]
 [     1012.9      714.81]
 [     1146.1      718.56]
 [     964.19      722.31]
 [     1035.4      722.31]
 [     1007.3      724.19]
 [     909.81      726.06]
 [     876.06      729.81]
 [     1101.1      742.94]
 [     1147.9      744.81]
 [     1009.2      746.69]
 [     876.06      754.19]
 [     928.56      754.19]
 [     1149.8      754.19]
 [     960.44      756.06]
 [     1039.2      756.06]
 [     1082.3      756.06]
 [     1110.4      761.69]
 [     1151.7      763.56]
 [     877.94      765.44]
 [     1132.9      767.31]
 [     928.56      769.19]
 [     876.06      774.81]
 [     877.94      784.19]
 [     956.69      786.06]
 [     930.44      787.94]
 [     1082.3      789.81]
 [     1119.8      789.81]
 [     1153.6      793.56]
 [     1012.9      795.44]
 [     881.69      801.06]
 [     1108.6      804.81]
 [     1039.2      806.69]
 [     1155.4      812.31]
 [     943.56      819.81]
 [     881.69      823.56]
 [     1123.6      823.56]
 [     1101.1      827.31]
 [     1157.3      832.94]
 [     1136.7      834.81]
 [     1089.8      844.19]
 [     1112.3      851.69]
 [     1140.4      851.69]
 [     1157.3      853.56]
 [     1123.6      864.81]
 [     1086.1      866.69]
 [     1157.3      868.56]
 [     1147.9      872.31]
 [     1086.1      876.06]
 [     1119.8      881.69]]