[[     891.06      409.19]
 [     926.69      412.94]
 [     902.31      414.81]
 [     1125.4      418.56]
 [     928.56      424.19]
 [     1037.3      427.94]
 [     883.56      429.81]
 [     1018.6      429.81]
 [     900.44      433.56]
 [     930.44      433.56]
 [     1072.9      439.19]
 [     1044.8      442.94]
 [     1084.2      450.44]
 [     891.06      452.31]
 [     1007.3      454.19]
 [     1048.6      454.19]
 [     879.81      459.81]
 [     1084.2      459.81]
 [     921.06      461.69]
 [     1050.4      463.56]
 [     930.44      465.44]
 [     1011.1      469.19]
 [     847.94      471.06]
 [     1074.8      471.06]
 [     887.31      472.94]
 [     1123.6      474.81]
 [     866.69      478.56]
 [     951.06      478.56]
 [     1042.9      478.56]
 [     1102.9      480.44]
 [     1016.7      487.94]
 [     1052.3      487.94]
 [     990.44      489.81]
 [     1084.2      489.81]
 [     904.19      491.69]
 [     1033.6      497.31]
 [     1112.3      499.19]
 [     943.56      502.94]
 [     861.06      504.81]
 [     921.06      510.44]
 [     831.06      512.31]
 [     1146.1      512.31]
 [     1027.9      514.19]
 [     958.56      517.94]
 [     1061.7      517.94]
 [     855.44      519.81]
 [     939.81      523.56]
 [     975.44      527.31]
 [     1106.7      531.06]
 [     941.69      532.94]
 [     994.19      532.94]
 [     1027.9      532.94]
 [     1069.2      534.81]
 [     840.44      536.69]
 [     1037.3      536.69]
 [     1046.7      536.69]
 [     849.81      538.56]
 [     1119.8      538.56]
 [     1057.9      540.44]
 [     982.94      542.31]
 [     1001.7      542.31]
 [     945.44      544.19]
 [     1155.4      544.19]
 [     1067.3      553.56]
 [     855.44      555.44]
 [     996.06      555.44]
 [     1119.8      555.44]
 [     1144.2      559.19]
 [     887.31      564.81]
 [     1093.6      566.69]
 [     853.56      568.56]
 [     915.44      570.44]
 [     943.56      570.44]
 [     962.31      570.44]
 [     994.19      570.44]
 [     906.06      572.31]
 [     909.81      581.69]
 [     1106.7      581.69]
 [     1065.4      583.56]
 [     945.44      589.19]
 [     907.94      594.81]
 [     1104.8      598.56]
 [     851.69      602.31]
 [     1071.1      609.81]
 [     937.94      611.69]
 [     958.56      611.69]
 [     988.56      611.69]
 [     906.06      613.56]
 [     1099.2      615.44]
 [     947.31      624.81]
 [     1153.6      626.69]
 [     999.81      630.44]
 [     990.44      632.31]
 [     1061.7      632.31]
 [     855.44      636.06]
 [     1012.9      636.06]
 [     1155.4      636.06]
 [     1059.8      645.44]
 [     1080.4      645.44]
 [     986.69      649.19]
 [     1101.1      649.19]
 [     1011.1      654.81]
 [     1159.2      658.56]
 [     1059.8      660.44]
 [     1125.4      660.44]
 [     1140.4      664.19]
 [     872.31      666.06]
 [     1076.7      666.06]
 [     855.44      673.56]
 [     1071.1      679.19]
 [     1050.4      694.19]
 [     1127.3      694.19]
 [     861.06      696.06]
 [     902.31      696.06]
 [     930.44      697.94]
 [     997.94      705.44]
 [     997.94      714.81]
 [     1059.8      714.81]
 [     1127.3      714.81]
 [     891.06      718.56]
 [     945.44      718.56]
 [     1035.4      718.56]
 [     988.56      720.44]
 [     911.69      722.31]
 [     859.19      724.19]
 [     1084.2      739.19]
 [     1129.2      739.19]
 [     990.44      742.94]
 [     889.19      748.56]
 [     911.69      748.56]
 [     1089.8      748.56]
 [     857.31      750.44]
 [     943.56      752.31]
 [     1020.4      752.31]
 [     1061.7      752.31]
 [     1093.6      757.94]
 [     1131.1      757.94]
 [     1112.3      761.69]
 [     889.19      763.56]
 [     889.19      778.56]
 [     859.19      780.44]
 [     939.81      782.31]
 [     1061.7      786.06]
 [     1101.1      786.06]
 [     1134.8      787.94]
 [     1020.4      801.06]
 [     1080.4      801.06]
 [     1020.4      810.44]
 [     937.94      816.06]
 [     862.94      817.94]
 [     1104.8      819.81]
 [     1082.3      821.69]
 [     1136.7      827.31]
 [     1071.1      838.56]
 [     1093.6      846.06]
 [     1119.8      847.94]
 [     1136.7      847.94]
 [     1102.9      859.19]
 [     1136.7      862.94]
 [     1069.2      868.56]]