[[[  0.        0.     ]
  [150.4435  527.36176]
  [194.76515 527.23004]
  [212.39069 600.83044]
  [215.3865  650.9111 ]
  [ 94.64251 527.3397 ]
  [ 79.9979  598.0142 ]
  [103.42881 624.5291 ]
  [144.76904 668.5182 ]
  [174.23172 665.7041 ]
  [174.04625 742.1424 ]
  [171.1065  833.4966 ]
  [112.31735 668.6013 ]
  [103.59038 739.23   ]
  [109.50657 833.46497]
  [177.00967 480.18658]
  [  0.        0.     ]
  [174.09645 480.14703]
  [130.0543  483.07523]
  [112.35939 839.2914 ]
  [106.44414 839.28766]
  [112.35463 851.0231 ]
  [162.354   845.2527 ]
  [174.15974 853.98236]
  [165.36382 845.20685]]

 [[297.70975 477.21872]
  [315.53076 506.90048]
  [280.07666 506.81494]
  [271.1571  559.71014]
  [268.19446 600.9276 ]
  [353.69052 509.6258 ]
  [383.08636 562.6864 ]
  [347.75385 612.6336 ]
  [315.4503  621.54315]
  [291.97772 621.55615]
  [294.91733 706.8699 ]
  [294.95593 786.32025]
  [338.90527 621.56573]
  [338.79532 701.0276 ]
  [336.0714  786.1922 ]
  [294.82034 462.71286]
  [309.5658  465.48703]
  [  0.        0.     ]
  [327.2212  471.398  ]
  [318.42383 803.9823 ]
  [335.9973  801.049  ]
  [336.06836 789.29694]
  [274.27484 806.8808 ]
  [271.32492 795.22034]
  [306.62027 792.2157 ]]]