[[[480.16925 450.78363]
  [500.75668 483.33588]
  [459.56473 483.17227]
  [453.72592 547.8839 ]
  [447.8654  580.2834 ]
  [533.2455  486.18295]
  [556.852   550.90094]
  [527.3718  601.0563 ]
  [480.342   618.4919 ]
  [456.73764 615.60767]
  [456.7388  712.6645 ]
  [456.56702 795.1948 ]
  [506.64032 618.5549 ]
  [509.6738  709.7891 ]
  [506.63754 792.2543 ]
  [477.24854 436.26837]
  [483.34558 439.07578]
  [  0.        0.     ]
  [506.8542  444.9561 ]
  [483.23416 812.7913 ]
  [503.65042 812.8461 ]
  [506.735   806.8607 ]
  [444.918   812.93555]
  [436.1259  812.8292 ]
  [459.74106 806.9122 ]]

 [[  0.        0.     ]
  [285.9259  503.8027 ]
  [330.0983  503.67453]
  [350.751   583.2229 ]
  [365.38773 633.3399 ]
  [244.72583 503.76993]
  [224.27869 589.18024]
  [262.43524 627.5034 ]
  [285.97116 662.7138 ]
  [315.39084 659.8326 ]
  [318.2521  762.6733 ]
  [315.54285 857.10376]
  [247.80908 650.9391 ]
  [253.66576 753.9268 ]
  [256.55374 857.05804]
  [  0.        0.     ]
  [  0.        0.     ]
  [318.26254 450.78717]
  [277.22363 459.5228 ]
  [268.39194 871.73584]
  [259.5127  865.8184 ]
  [256.5876  871.7337 ]
  [365.4037  862.8916 ]
  [356.65033 874.6333 ]
  [309.50458 874.6509 ]]]