[[[341.95206  483.30957 ]
  [362.3722   521.4235  ]
  [318.49002  521.4076  ]
  [315.3563   571.5602  ]
  [297.86942  639.18097 ]
  [391.91467  518.5005  ]
  [433.0006   559.72046 ]
  [412.42282  609.76276 ]
  [359.5193   624.3488  ]
  [336.08066  621.62384 ]
  [335.91995  698.0693  ]
  [347.8556   774.629   ]
  [380.2003   624.3752  ]
  [386.0602   695.17554 ]
  [392.05246  774.535   ]
  [339.04202  480.31476 ]
  [350.7025   480.30142 ]
  [  0.         0.      ]
  [365.5285   483.07553 ]
  [380.15524  792.29254 ]
  [391.94797  792.32874 ]
  [400.80237  786.248   ]
  [350.72812  792.309   ]
  [341.8398   792.2222  ]
  [362.39     783.4438  ]]

 [[176.97337  492.00272 ]
  [150.58174  530.332   ]
  [127.073204 530.2834  ]
  [ 82.82791  574.39166 ]
  [ 97.62938  627.4302  ]
  [  0.         0.      ]
  [  0.         0.      ]
  [  0.         0.      ]
  [147.54071  644.9829  ]
  [127.06412  644.942   ]
  [118.218475 721.6934  ]
  [103.428925 806.9481  ]
  [168.32234  647.979   ]
  [194.7312   739.1479  ]
  [194.7431   818.7423  ]
  [171.13948  483.27908 ]
  [177.07996  483.31232 ]
  [147.55226  492.0359  ]
  [  0.         0.      ]
  [  0.         0.      ]
  [  0.         0.      ]
  [194.70018  833.414   ]
  [129.96362  815.8186  ]
  [118.23361  821.6703  ]
  [ 94.66194  812.7424  ]]]