[[[433.1635  433.02167]
  [456.79825 480.22327]
  [415.55585 480.19135]
  [412.57996 530.38885]
  [406.6905  568.57043]
  [497.93857 480.2241 ]
  [527.2252  544.9896 ]
  [494.96335 600.9032 ]
  [444.88504 615.6679 ]
  [415.56372 612.7159 ]
  [415.44318 715.5949 ]
  [412.49338 809.9533 ]
  [471.40295 618.5101 ]
  [477.3403  715.64166]
  [465.5614  810.01215]
  [433.01498 421.38678]
  [441.952   421.42737]
  [  0.        0.     ]
  [471.43704 433.16965]
  [442.03287 833.2949 ]
  [459.6261  833.41565]
  [474.35938 818.7492 ]
  [394.90015 830.46375]
  [386.16858 821.6954 ]
  [418.4971  818.78436]]]