[[[1068.9609   477.24728]
  [1068.7329   512.66254]
  [1033.5293   512.70215]
  [1012.9959   565.61566]
  [1057.1152   550.72565]
  [1101.3008   515.5822 ]
  [   0.         0.     ]
  [   0.         0.     ]
  [1068.7623   627.49817]
  [1045.2809   630.34357]
  [1039.4774   718.57513]
  [1045.1786   795.2449 ]
  [1092.4213   630.36926]
  [1095.4651   715.7325 ]
  [1113.0212   798.1136 ]
  [1057.1667   465.56024]
  [1074.7651   462.70142]
  [1045.4253   480.07114]
  [   0.         0.     ]
  [   0.         0.     ]
  [   0.         0.     ]
  [1112.976    807.0063 ]
  [1024.6625   815.7677 ]
  [1018.91034  810.0429 ]
  [1048.2969   809.77277]]

 [[ 954.1292   459.52768]
  [ 930.69403  500.73663]
  [ 898.1232   494.90683]
  [ 871.7345   551.00696]
  [ 918.77686  580.3065 ]
  [ 974.69434  500.87704]
  [ 989.43097  553.7628 ]
  [ 989.3817   601.0646 ]
  [ 933.49805  618.5631 ]
  [ 907.1404   618.5682 ]
  [ 907.11115  712.8125 ]
  [ 907.07184  798.1675 ]
  [ 957.1445   618.56146]
  [ 962.9572   712.6561 ]
  [ 957.1011   792.2031 ]
  [ 951.0341   453.67694]
  [ 957.14575  453.70724]
  [ 927.5736   456.616  ]
  [   0.         0.     ]
  [ 954.24005  812.8269 ]
  [ 974.6532   812.7367 ]
  [ 954.0457   806.91583]
  [ 918.76886  818.74347]
  [ 904.0441   815.8926 ]
  [ 912.8785   809.8573 ]]

 [[   0.         0.     ]
  [1142.4236   509.7049 ]
  [1157.2009   506.74048]
  [1136.5319   571.4006 ]
  [   0.         0.     ]
  [1133.553    515.62067]
  [1118.9585   586.2031 ]
  [1112.941    650.9047 ]
  [1142.5597   659.7583 ]
  [1157.1777   656.842  ]
  [1142.4032   762.65204]
  [1154.2294   839.3204 ]
  [1136.6168   659.7468 ]
  [1142.479    759.7698 ]
  [1151.3684   856.8315 ]
  [   0.         0.     ]
  [   0.         0.     ]
  [   0.         0.     ]
  [1115.9513   462.56104]
  [1115.8673   851.09607]
  [1121.8209   854.07056]
  [1162.9612   859.9988 ]
  [1119.0503   839.37067]
  [   0.         0.     ]
  [1163.1722   853.9888 ]]]