[[[600.9238  433.15363]
  [671.7211  462.57617]
  [712.7031  456.80783]
  [739.38214 536.1344 ]
  [703.8844  577.33167]
  [644.9277  465.52832]
  [651.00275 553.6957 ]
  [618.6252  615.6507 ]
  [697.99634 642.1613 ]
  [724.5646  636.2368 ]
  [718.7435  742.34906]
  [762.9036  856.9537 ]
  [671.5871  645.1505 ]
  [671.6356  768.7177 ]
  [718.5467  898.1158 ]
  [  0.        0.     ]
  [603.9247  415.53247]
  [  0.        0.     ]
  [644.90985 412.4852 ]
  [689.23444 906.9079 ]
  [692.0603  909.9509 ]
  [733.373   906.91364]
  [759.865   892.27185]
  [768.70514 883.6089 ]
  [768.7423  865.8447 ]]

 [[221.23021 435.9757 ]
  [200.62024 480.20047]
  [133.05283 480.3238 ]
  [106.45553 592.08264]
  [130.02278 662.78436]
  [268.2341  477.29086]
  [288.8664  571.5181 ]
  [297.7648  647.9764 ]
  [218.18379 686.2808 ]
  [174.07816 689.25604]
  [174.12152 827.5365 ]
  [174.00174 954.23   ]
  [253.65497 680.37775]
  [268.44785 810.0049 ]
  [268.32883 936.49805]
  [200.77922 415.6081 ]
  [233.05365 415.6005 ]
  [174.24342 412.42957]
  [247.91829 412.4756 ]
  [336.0061  951.0465 ]
  [327.19238 939.37384]
  [247.81349 954.2747 ]
  [194.70366 980.66174]
  [171.16283 983.53796]
  [168.30295 971.7186 ]]]