[[[362.50043 483.06073]
  [368.36383 509.76843]
  [338.9518  506.84924]
  [318.43378 553.96277]
  [297.8526  598.0278 ]
  [406.70428 512.6235 ]
  [427.23474 565.6076 ]
  [412.42328 606.8272 ]
  [365.52625 618.50964]
  [344.8401  618.4955 ]
  [353.7157  692.14606]
  [365.59384 765.6305 ]
  [388.91858 618.5612 ]
  [386.1861  692.14044]
  [386.01645 768.6733 ]
  [359.476   477.32318]
  [365.53235 477.33984]
  [350.75177 480.07962]
  [386.02383 480.1279 ]
  [362.45084 786.3834 ]
  [371.29987 789.216  ]
  [388.96603 783.35376]
  [350.74106 783.41296]
  [344.94482 780.442  ]
  [371.42007 768.778  ]]

 [[  0.        0.     ]
  [221.06525 527.3143 ]
  [262.40186 527.21075]
  [271.4403  597.99384]
  [  0.        0.     ]
  [174.10104 527.3261 ]
  [171.15424 580.35645]
  [  0.        0.     ]
  [218.20035 648.04193]
  [244.70953 648.12036]
  [247.6788  733.33765]
  [247.60913 812.9167 ]
  [177.08965 645.05835]
  [177.18066 724.50616]
  [180.0438  815.765  ]
  [  0.        0.     ]
  [  0.        0.     ]
  [241.80823 483.11606]
  [200.71417 486.07968]
  [188.8459  818.7142 ]
  [177.07532 818.73926]
  [180.06923 833.299  ]
  [247.66417 818.72675]
  [259.54276 821.7151 ]
  [244.78621 830.3935 ]]]