[[[ 715.5387   197.55559]
  [ 783.38043  315.36697]
  [ 709.7599   321.3781 ]
  [ 695.1353   477.31006]
  [ 671.4808   615.5888 ]
  [ 856.9139   297.7998 ]
  [ 927.64557  462.62704]
  [ 845.2164   618.5609 ]
  [ 762.7863   642.15875]
  [ 703.98645  639.20245]
  [ 742.3098   880.5683 ]
  [ 768.78394 1074.8677 ]
  [ 815.7776   645.06104]
  [ 833.4772   883.46014]
  [ 851.0705  1074.8804 ]
  [ 709.80927  177.15346]
  [ 739.3337   177.14989]
  [   0.         0.     ]
  [ 798.17706  200.75099]
  [   0.         0.     ]
  [   0.         0.     ]
  [ 859.9438  1074.9115 ]
  [ 748.0494  1074.8865 ]
  [ 751.03577 1074.9136 ]
  [ 777.556   1074.9097 ]]]