[[[156.50287   480.15347  ]
  [ 82.90912   503.91705  ]
  [133.00389   503.90335  ]
  [153.58841   577.32007  ]
  [156.5246    612.6872   ]
  [ 32.919025  503.7674   ]
  [  7.7592664 580.3999   ]
  [ 26.9633    627.48724  ]
  [ 82.90114   642.1387   ]
  [118.261925  639.1443   ]
  [138.84253   718.56     ]
  [150.73604   812.79083  ]
  [ 53.44374   644.9843   ]
  [ 56.39803   718.7372   ]
  [ 56.4157    815.7926   ]
  [150.70192   468.5148   ]
  [159.4755    471.39352  ]
  [109.50391   459.6418   ]
  [ 62.28853   459.59787  ]
  [ 33.006927  830.434    ]
  [ 32.965466  833.34155  ]
  [ 59.448902  833.30853  ]
  [182.99573   812.88275  ]
  [180.06374   818.7642   ]
  [150.45398   830.4033   ]]

 [[433.0468    474.37997  ]
  [480.0838    483.29108  ]
  [500.81387   483.24634  ]
  [512.6551    544.96716  ]
  [509.75803   592.1298   ]
  [456.59607   483.239    ]
  [456.7651    544.9941   ]
  [418.464     589.0898   ]
  [480.23465   600.8126   ]
  [500.8428    598.0443   ]
  [483.22327   671.6405   ]
  [527.1782    739.24457  ]
  [459.59134   600.87384  ]
  [459.59232   689.26746  ]
  [477.23978   765.7705   ]
  [  0.          0.       ]
  [433.0265    459.7936   ]
  [  0.          0.       ]
  [442.00165   456.75693  ]
  [447.87567   771.67096  ]
  [450.85477   780.51495  ]
  [483.10068   774.59076  ]
  [506.68088   759.83057  ]
  [512.6661    751.021    ]
  [530.2995    742.2568   ]]]