[[[342.00824 483.3612 ]
  [362.50565 506.87192]
  [324.33627 506.8363 ]
  [315.27603 553.88965]
  [288.97504 600.90106]
  [392.0674  506.8598 ]
  [415.5503  553.95807]
  [430.192   606.80225]
  [362.62857 609.8    ]
  [341.8023  609.81323]
  [338.83475 683.3681 ]
  [338.95187 756.9139 ]
  [386.0905  609.7865 ]
  [383.143   689.11084]
  [385.94388 765.6258 ]
  [339.04282 480.34244]
  [350.77606 480.31628]
  [  0.        0.     ]
  [368.36948 480.13385]
  [362.516   783.34216]
  [371.38046 786.2132 ]
  [388.98822 771.6361 ]
  [341.90445 765.85187]
  [333.10568 765.8339 ]
  [347.75995 762.7637 ]]

 [[  0.        0.     ]
  [200.69101 524.39026]
  [244.76616 524.363  ]
  [262.3893  597.8805 ]
  [  0.        0.     ]
  [162.3799  524.4198 ]
  [153.59499 577.5033 ]
  [168.253   621.5282 ]
  [200.79156 645.1198 ]
  [230.0255  645.1175 ]
  [244.79964 724.52246]
  [247.6368  809.89844]
  [171.20642 645.05   ]
  [174.20296 721.55743]
  [177.18855 809.9793 ]
  [  0.        0.     ]
  [  0.        0.     ]
  [224.1413  480.25198]
  [194.61789 483.18274]
  [182.97554 812.9197 ]
  [177.0394  812.9087 ]
  [177.22583 827.4682 ]
  [247.71164 815.7408 ]
  [262.4032  815.8437 ]
  [244.86243 818.69   ]]]