[[[877.5758  494.97083]
  [880.45844 530.4474 ]
  [851.10785 533.20636]
  [836.31287 583.2245 ]
  [833.4008  627.3906 ]
  [907.0688  533.3054 ]
  [906.8982  598.0695 ]
  [898.1706  648.00415]
  [874.6109  627.5303 ]
  [856.9156  627.5102 ]
  [854.06903 703.9299 ]
  [853.984   771.6677 ]
  [904.0614  645.02094]
  [915.82495 730.4359 ]
  [930.5078  809.7769 ]
  [862.9759  489.0723 ]
  [883.3965  483.36423]
  [856.98834 500.89005]
  [901.111   494.94394]
  [898.22656 815.8584 ]
  [907.0587  824.6247 ]
  [936.53625 815.7671 ]
  [836.30505 789.27527]
  [833.35986 786.2814 ]
  [857.05695 783.3199 ]]

 [[780.50476 480.31476]
  [765.6205  512.6946 ]
  [730.43774 509.69122]
  [709.7686  559.76385]
  [742.217   592.1244 ]
  [801.05817 518.4573 ]
  [812.8136  568.5212 ]
  [809.7695  603.9543 ]
  [762.81287 621.4563 ]
  [739.3274  621.42474]
  [739.315   700.94666]
  [739.0983  777.51514]
  [786.2804  621.52466]
  [786.2248  698.1324 ]
  [777.5736  774.526  ]
  [768.71747 477.18985]
  [786.3223  477.207  ]
  [756.919   480.13684]
  [789.3807  480.16183]
  [780.4485  792.1906 ]
  [789.3758  789.3047 ]
  [768.675   786.2231 ]
  [742.28235 792.30585]
  [730.4698  792.3068 ]
  [739.1929  786.27277]]]