[[[1422.0797   385.94138]
  [1516.2444   436.1699 ]
  [1563.2527   433.22208]
  [   0.         0.     ]
  [   0.         0.     ]
  [1469.2843   439.10992]
  [1457.4574   559.73883]
  [   0.         0.     ]
  [1522.2269   651.00793]
  [1563.2942   648.096  ]
  [1539.7753   801.06445]
  [1634.1293   933.53784]
  [1492.6746   656.8017 ]
  [1469.1351   812.80664]
  [1495.7721   971.7474 ]
  [   0.         0.     ]
  [1427.9647   365.54828]
  [   0.         0.     ]
  [1469.2651   365.5575 ]
  [   0.         0.     ]
  [   0.         0.     ]
  [1510.4377   983.56683]
  [1634.0135  1007.0816 ]
  [1639.8661  1004.0951 ]
  [1660.5074   951.1084 ]]]