[[[1292.6508   244.82816]
  [1236.8383   347.75476]
  [1142.5287   341.94846]
  [1074.8263   486.22232]
  [1210.2709   524.3417 ]
  [1336.731    356.63257]
  [1375.1064   503.87305]
  [1375.0787   624.5432 ]
  [1236.5403   650.93823]
  [1165.9978   648.07007]
  [1154.2866   880.5807 ]
  [1136.5574  1074.8789 ]
  [1304.2502   651.02435]
  [1277.9231   886.39417]
  [1257.2323  1074.8737 ]
  [1274.8536   224.12776]
  [1307.2788   224.31639]
  [1216.0648   244.6239 ]
  [   0.         0.     ]
  [1221.9362  1074.9023 ]
  [   0.         0.     ]
  [1257.1913  1074.9092 ]
  [1118.8777  1074.8918 ]
  [   0.         0.     ]
  [1139.4379  1074.9069 ]]

 [[1590.0032   262.4611 ]
  [1604.6187   371.35938]
  [1492.8419   388.89746]
  [1448.7369   527.37286]
  [1442.5817   665.70465]
  [1719.3923   356.66812]
  [1825.1914   436.13312]
  [1739.9758   506.6505 ]
  [1607.4968   698.0345 ]
  [1536.8438   698.01746]
  [1507.4183   927.5433 ]
  [1507.419   1074.8838 ]
  [1680.9852   698.0883 ]
  [1663.5317   942.3523 ]
  [1666.3546  1074.8925 ]
  [1563.3134   250.76526]
  [1604.613    238.92575]
  [1525.1743   291.99963]
  [1630.9644   247.7439 ]
  [   0.         0.     ]
  [   0.         0.     ]
  [   0.         0.     ]
  [   0.         0.     ]
  [   0.         0.     ]
  [   0.         0.     ]]]