[[[530.44037 444.96658]
  [550.89166 483.263  ]
  [512.70276 483.2325 ]
  [506.84216 533.2528 ]
  [506.62964 577.348  ]
  [583.2213  483.22928]
  [603.97076 533.35583]
  [580.35223 583.328  ]
  [547.97644 597.9382 ]
  [527.24524 597.9424 ]
  [530.2066  677.4069 ]
  [536.13617 759.75433]
  [571.37616 597.95856]
  [577.27313 677.428  ]
  [592.102   759.82294]
  [530.3283  436.2374 ]
  [545.0057  436.27252]
  [  0.        0.     ]
  [559.7959  447.89243]
  [580.3834  771.5944 ]
  [595.0174  768.65234]
  [595.0784  762.9239 ]
  [521.4388  777.50006]
  [509.7559  768.731  ]
  [547.8783  765.6701 ]]]