[[[ 312.477    435.97552]
  [ 271.15112  483.13568]
  [ 224.1183   480.24963]
  [ 200.72281  597.88586]
  [ 268.42792  665.63525]
  [ 315.405    486.0937 ]
  [ 339.06204  577.4796 ]
  [ 377.25186  650.98096]
  [ 277.15942  692.0389 ]
  [ 247.70241  692.2497 ]
  [ 291.87494  830.4832 ]
  [ 286.00745  992.3506 ]
  [ 312.4456   686.2458 ]
  [ 312.5113   806.87823]
  [ 262.45038  951.1573 ]
  [ 294.776    415.5759 ]
  [ 321.28818  418.4652 ]
  [ 256.56613  412.47586]
  [   0.         0.     ]
  [ 327.20758  951.0571 ]
  [ 321.3746   945.2261 ]
  [ 244.76082  965.9154 ]
  [ 356.65277 1004.2047 ]
  [ 336.0145  1018.8596 ]
  [ 268.24652 1004.1766 ]]

 [[   0.         0.     ]
  [ 609.746    441.9699 ]
  [ 683.37665  436.05655]
  [ 733.3346   530.29694]
  [ 789.3406   627.48267]
  [ 536.13745  450.80838]
  [ 489.1503   550.97797]
  [ 544.98474  603.8808 ]
  [ 621.57367  671.5102 ]
  [ 668.7454   671.5032 ]
  [ 698.0653   818.6962 ]
  [ 718.77606  960.042  ]
  [ 574.4695   671.51965]
  [ 553.8451   836.42725]
  [ 527.41406 1015.8654 ]
  [   0.         0.     ]
  [   0.         0.     ]
  [ 645.0345   371.35675]
  [ 577.3194   383.16394]
  [ 547.9317  1048.2    ]
  [ 530.27124 1045.3093 ]
  [ 527.2699  1033.6177 ]
  [ 739.23334  954.12665]
  [ 745.11505  960.0282 ]
  [ 718.64087  977.8046 ]]]