[[[   0.         0.     ]
  [ 630.4365   456.5591 ]
  [ 695.22614  439.16327]
  [ 750.9733   550.93256]
  [ 718.6576   615.5788 ]
  [ 568.54785  459.77563]
  [ 530.1725   553.7877 ]
  [ 559.6775   636.24536]
  [ 645.07     659.79205]
  [ 692.01843  653.9077 ]
  [ 677.4527   815.8101 ]
  [ 621.6393   974.773  ]
  [ 600.89795  662.70135]
  [ 650.9977   812.89594]
  [ 677.4051   945.2859 ]
  [   0.         0.     ]
  [   0.         0.     ]
  [ 656.7902   403.73355]
  [ 597.8072   409.57104]
  [ 695.15204  951.2261 ]
  [ 680.3752   951.144  ]
  [ 683.2914   957.17957]
  [ 642.12177 1018.9133 ]
  [ 627.4653  1015.94464]
  [ 606.76764  992.3929 ]]

 [[ 341.80133  506.8931 ]
  [ 291.77036  530.4329 ]
  [ 256.55063  521.40247]
  [ 274.22397  509.7172 ]
  [ 315.43997  500.87195]
  [ 318.43964  550.8831 ]
  [ 312.46063  624.4612 ]
  [ 315.55426  689.19165]
  [ 268.3367   695.08716]
  [ 241.77368  695.099  ]
  [ 262.42877  809.85114]
  [ 274.187    912.92114]
  [ 294.81525  695.10474]
  [ 315.4013   795.12885]
  [ 318.4739   892.356  ]
  [ 338.905    494.99078]
  [ 350.79816  503.87936]
  [ 312.49655  480.33798]
  [   0.         0.     ]
  [ 365.50165  907.0854 ]
  [ 365.435    904.002  ]
  [ 315.34625  906.9902 ]
  [ 291.8996   942.2899 ]
  [ 271.35318  942.3081 ]
  [ 274.28134  927.5357 ]]]