[[[244.85057 433.14328]
  [221.30658 480.09927]
  [156.46541 477.2224 ]
  [129.89705 580.3557 ]
  [150.48254 650.9845 ]
  [286.00198 480.19238]
  [300.73734 577.2573 ]
  [315.54742 648.11   ]
  [230.04637 680.42737]
  [191.85019 686.2343 ]
  [188.86304 821.63806]
  [174.17328 954.2022 ]
  [271.25095 677.4917 ]
  [271.1899  812.809  ]
  [268.41074 933.5531 ]
  [227.17561 412.65567]
  [262.3791  412.697  ]
  [200.5471  409.56006]
  [271.35898 412.5271 ]
  [336.02948 951.0414 ]
  [327.20016 939.3954 ]
  [250.64676 954.1157 ]
  [197.74622 980.5837 ]
  [176.99783 983.5087 ]
  [171.14536 971.73553]]

 [[606.7885  435.97476]
  [677.52625 462.53687]
  [727.4412  456.6948 ]
  [751.0628  542.10986]
  [703.90076 577.46826]
  [630.42664 474.32562]
  [642.0277  562.6947 ]
  [618.5797  624.5026 ]
  [700.98987 645.04535]
  [739.08813 642.0671 ]
  [745.22455 759.74677]
  [762.9151  856.94855]
  [671.5336  648.0717 ]
  [674.5205  774.6217 ]
  [718.586   898.1288 ]
  [  0.        0.     ]
  [606.8553  418.478  ]
  [  0.        0.     ]
  [642.03284 412.50302]
  [692.13605 904.0325 ]
  [692.07666 907.02124]
  [727.5561  907.0435 ]
  [759.8936  927.57184]
  [765.8305  924.63763]
  [765.80457 862.8418 ]]]