[[[1045.4407   268.20178]
  [1001.0896   350.7494 ]
  [ 924.5905   341.96088]
  [ 862.89594  468.5363 ]
  [ 980.6823   497.95425]
  [1077.7303   362.42355]
  [1112.9224   483.2851 ]
  [1113.1079   583.24744]
  [1001.2909   606.8427 ]
  [ 951.07806  606.82837]
  [ 933.6141   809.77325]
  [ 930.46704  995.3366 ]
  [1054.1937   609.7137 ]
  [1048.3385   809.78876]
  [1042.3756   980.6389 ]
  [1024.8309   247.68321]
  [1054.2408   250.617  ]
  [ 980.6499   259.48917]
  [   0.         0.     ]
  [1045.219   1024.7515 ]
  [1065.9143  1024.6549 ]
  [1024.7018   998.31525]
  [ 939.44385 1045.3882 ]
  [ 915.8661  1045.1863 ]
  [ 930.5726  1004.147  ]]

 [[1310.193    291.75107]
  [1298.5018   386.1554 ]
  [1213.2439   389.12207]
  [1186.5383   515.5765 ]
  [1180.6863   624.57404]
  [1378.0186   383.0501 ]
  [1448.6063   436.20972]
  [1424.9661   509.77698]
  [1298.472    645.0746 ]
  [1242.5912   645.07135]
  [1233.5931   830.431  ]
  [1230.7538   989.47314]
  [1351.459    645.1629 ]
  [1345.5845   836.31757]
  [1333.7357  1001.16534]
  [1292.5713   271.36874]
  [1327.9158   274.27957]
  [1257.3824   294.846  ]
  [1345.537    294.90884]
  [1333.8801  1048.1727 ]
  [1357.3243  1045.1984 ]
  [1327.853   1015.931  ]
  [1183.664   1033.5507 ]
  [1171.9312  1021.8352 ]
  [1239.6412  1004.107  ]]]