[[[403.77432 483.2849 ]
  [388.883   527.3011 ]
  [342.08694 521.47424]
  [291.88092 518.52826]
  [241.79985 503.6524 ]
  [433.07086 530.18677]
  [436.25018 589.1566 ]
  [424.34723 642.02155]
  [380.13123 648.0121 ]
  [347.78116 647.96747]
  [344.87274 739.2631 ]
  [344.85275 812.9083 ]
  [406.65247 648.1546 ]
  [409.4358  736.28625]
  [409.68628 812.71216]
  [389.0459  480.28412]
  [409.45105 480.1062 ]
  [365.54382 486.07538]
  [  0.        0.     ]
  [415.51736 833.3645 ]
  [433.0185  827.5816 ]
  [406.666   818.6857 ]
  [321.28714 836.2894 ]
  [315.55115 830.51324]
  [356.6716  824.57544]]

 [[630.4348  436.1161 ]
  [668.5898  480.20514]
  [627.4847  480.32132]
  [621.5178  542.0174 ]
  [618.60095 583.25336]
  [701.055   480.1244 ]
  [715.72034 547.92847]
  [653.9133  595.0067 ]
  [668.4665  618.5807 ]
  [642.07367 618.55334]
  [648.0292  718.81   ]
  [651.0425  815.87115]
  [692.13794 618.57794]
  [698.1094  718.7873 ]
  [712.7137  821.65283]
  [627.44885 433.01135]
  [642.1713  433.01956]
  [  0.        0.     ]
  [668.64935 433.07593]
  [692.0957  839.37787]
  [709.7765  842.2573 ]
  [715.6056  833.4097 ]
  [645.17065 839.4163 ]
  [633.2587  836.44495]
  [665.6557  833.28125]]

 [[494.94882 459.69012]
  [524.37616 509.63553]
  [483.16446 509.78873]
  [477.3207  574.48114]
  [459.7183  621.5964 ]
  [556.8865  506.8313 ]
  [580.32635 565.6572 ]
  [553.9344  618.50275]
  [515.56805 639.12634]
  [491.9718  639.15027]
  [497.88782 727.48016]
  [503.85107 810.0032 ]
  [539.15656 639.1196 ]
  [550.8447  721.63934]
  [556.7335  812.7157 ]
  [489.0959  456.68234]
  [503.73718 456.68536]
  [  0.        0.     ]
  [527.4046  459.64948]
  [547.8577  833.42065]
  [556.7274  833.4256 ]
  [559.68604 815.898  ]
  [480.2397  833.4115 ]
  [480.12222 827.56665]
  [509.76746 815.86426]]]