[[[765.62366 480.11563]
  [748.0667  509.76422]
  [715.7131  506.84818]
  [692.1     556.7823 ]
  [724.5688  586.19116]
  [786.42126 512.6982 ]
  [801.0656  568.4762 ]
  [789.21924 603.8425 ]
  [742.2676  621.4626 ]
  [718.7705  621.40674]
  [718.8222  700.96735]
  [718.7119  783.4394 ]
  [765.73145 621.57086]
  [762.93945 698.12604]
  [762.71857 777.49023]
  [759.8894  468.45584]
  [768.7076  471.38687]
  [739.36566 477.18765]
  [780.49817 480.18878]
  [762.83954 792.3264 ]
  [774.5335  789.35785]
  [753.9939  786.3614 ]
  [730.3912  798.1755 ]
  [715.81006 798.10046]
  [721.61456 789.21375]]

 [[859.99774 497.9086 ]
  [859.8173  530.3403 ]
  [833.57086 530.4249 ]
  [827.5148  580.344  ]
  [815.7944  624.59906]
  [895.2161  530.4586 ]
  [895.2948  595.07324]
  [883.43616 645.1241 ]
  [859.8863  627.4606 ]
  [842.26117 627.4393 ]
  [836.3968  703.9232 ]
  [836.3288  777.4794 ]
  [889.3545  642.15015]
  [901.181   721.58826]
  [912.881   809.7657 ]
  [856.8379  489.07407]
  [865.87726 486.1881 ]
  [839.3375  500.72815]
  [883.58026 489.0348 ]
  [880.5388  815.7642 ]
  [889.3597  824.58453]
  [927.47925 818.6913 ]
  [812.969   789.44293]
  [812.7638  786.4003 ]
  [842.2847  786.28937]]]