[[[347.7652  503.68204]
  [294.73868 521.4353 ]
  [271.22836 503.86688]
  [315.51532 509.69666]
  [362.5641  500.73315]
  [318.2751  533.3119 ]
  [306.56998 618.612  ]
  [312.45483 665.7043 ]
  [268.26334 686.27814]
  [244.74141 686.2547 ]
  [268.20602 792.2921 ]
  [271.4514  904.12274]
  [291.81207 686.3193 ]
  [294.9957  789.1685 ]
  [288.9193  880.47577]
  [344.87848 486.14267]
  [359.57263 486.2541 ]
  [321.33475 477.34424]
  [  0.        0.     ]
  [330.10852 889.4117 ]
  [324.2751  883.45935]
  [280.10013 889.3471 ]
  [294.94614 930.48724]
  [280.08405 930.6497 ]
  [271.38223 910.0691 ]]

 [[  0.        0.     ]
  [648.0161  436.25095]
  [712.78455 433.22638]
  [762.8593  530.4181 ]
  [724.5205  597.91547]
  [586.1832  447.85446]
  [551.023   547.9611 ]
  [577.4586  618.6203 ]
  [662.7462  636.2022 ]
  [703.8937  627.474  ]
  [718.60974 774.55743]
  [683.38043 904.18634]
  [621.41376 642.094  ]
  [656.8213  789.3529 ]
  [668.62244 915.88544]
  [  0.        0.     ]
  [600.8346  406.67203]
  [659.7553  388.90927]
  [606.7939  403.7277 ]
  [689.1756  974.6794 ]
  [671.59125 968.8581 ]
  [659.8009  930.66187]
  [677.477   971.75366]
  [692.08575 960.038  ]
  [671.5146  921.77405]]]