[[[456.64874  444.95154 ]
  [471.398    486.0845  ]
  [433.14917  486.16318 ]
  [409.68518  544.9308  ]
  [424.33856  553.7469  ]
  [506.87338  483.34607 ]
  [530.2111   547.99384 ]
  [465.557    559.7763  ]
  [468.49286  615.62006 ]
  [439.14545  615.5874  ]
  [450.82547  712.7098  ]
  [456.55188  792.3573  ]
  [497.88318  618.48236 ]
  [503.67004  709.7665  ]
  [503.88547  789.4506  ]
  [450.8483   436.1193  ]
  [462.59225  436.17694 ]
  [  0.         0.      ]
  [483.34613  441.97748 ]
  [486.19394  812.89215 ]
  [506.62323  812.87146 ]
  [503.8662   806.83716 ]
  [441.93625  815.892   ]
  [433.16367  812.8742  ]
  [459.69116  809.736   ]]

 [[179.99872  500.89008 ]
  [194.77524  527.38965 ]
  [150.71701  518.5572  ]
  [103.38019  518.4918  ]
  [ 56.300907 503.71817 ]
  [233.06352  530.46765 ]
  [244.80368  589.1247  ]
  [224.29156  624.5429  ]
  [174.0215   645.0563  ]
  [144.72435  642.1516  ]
  [130.14824  721.7057  ]
  [130.13965  801.0353  ]
  [197.75597  647.95496 ]
  [197.7057   721.67236 ]
  [200.56891  795.2066  ]
  [176.99791  489.09354 ]
  [191.85277  489.08676 ]
  [174.0673   486.0942  ]
  [212.39717  486.1106  ]
  [206.52919  815.77954 ]
  [221.3263   812.7531  ]
  [197.5593   806.9906  ]
  [106.56904  824.5836  ]
  [103.46637  812.8356  ]
  [144.67908  809.834   ]]

 [[294.94238  477.3248  ]
  [338.86768  512.57275 ]
  [303.64355  512.6969  ]
  [297.76492  565.5834  ]
  [291.89224  609.7125  ]
  [365.56033  509.69464 ]
  [388.8942   568.5753  ]
  [362.5218   609.7966  ]
  [327.14722  627.4099  ]
  [309.47498  624.6054  ]
  [294.9759   715.5718  ]
  [297.86032  792.2313  ]
  [344.96735  627.489   ]
  [356.57877  715.6072  ]
  [359.5486   792.18353 ]
  [294.7837   474.36234 ]
  [303.70898  465.5335  ]
  [  0.         0.      ]
  [333.01382  471.38248 ]
  [341.86942  810.01807 ]
  [359.51498  812.7115  ]
  [362.36688  804.0579  ]
  [274.2114   812.8179  ]
  [271.2549   809.808   ]
  [312.4985   806.84283 ]]]