[[[130.03615  462.6679  ]
  [106.39292  506.61963 ]
  [ 85.8615   506.6386  ]
  [ 62.43815  556.7204  ]
  [112.31572  598.0209  ]
  [  0.         0.      ]
  [  0.         0.      ]
  [  0.         0.      ]
  [106.50887  624.4298  ]
  [ 97.61169  624.4091  ]
  [ 83.03614  706.86536 ]
  [ 65.26302  786.33124 ]
  [  0.         0.      ]
  [  0.         0.      ]
  [  0.         0.      ]
  [126.91084  459.60535 ]
  [130.13818  459.65677 ]
  [103.3772   465.51874 ]
  [  0.         0.      ]
  [  0.         0.      ]
  [  0.         0.      ]
  [  0.         0.      ]
  [ 97.644394 801.01794 ]
  [ 82.95231  806.88776 ]
  [ 59.28095  789.4289  ]]

 [[330.19656  459.5792  ]
  [342.0576   497.90826 ]
  [315.31866  494.97287 ]
  [294.85602  544.96375 ]
  [291.9864   580.3887  ]
  [383.0953   497.95755 ]
  [409.64963  547.84674 ]
  [380.13336  589.1725  ]
  [341.99652  600.96735 ]
  [318.5231   600.9559  ]
  [324.24313  680.36646 ]
  [333.06873  759.8453  ]
  [365.479    601.01575 ]
  [365.44638  677.4841  ]
  [365.6027   759.7778  ]
  [321.43872  456.5565  ]
  [338.95963  456.57657 ]
  [  0.         0.      ]
  [359.45215  456.75385 ]
  [350.7027   774.5677  ]
  [365.3896   774.522   ]
  [368.49533  762.9354  ]
  [315.5016   780.4189  ]
  [312.48398  768.76666 ]
  [338.9929   765.6482  ]]

 [[  0.         0.      ]
  [177.2474   509.73846 ]
  [224.2846   509.63626 ]
  [247.875    577.3433  ]
  [  0.         0.      ]
  [130.1185   512.57745 ]
  [124.00174  589.1512  ]
  [138.84209  618.55536 ]
  [177.2272   647.94666 ]
  [206.55083  645.1723  ]
  [221.08061  721.5958  ]
  [221.30267  812.7711  ]
  [150.46817  645.0464  ]
  [150.69096  718.6549  ]
  [159.48601  809.9155  ]
  [  0.         0.      ]
  [  0.         0.      ]
  [200.80775  459.8136  ]
  [168.30228  468.49924 ]
  [  0.         0.      ]
  [  0.         0.      ]
  [162.38988  821.70416 ]
  [218.29568  821.7013  ]
  [238.92474  833.37164 ]
  [221.1608   830.43384 ]]]