[[[1139.4304   406.68323]
  [1139.6504   468.5322 ]
  [1089.4348   471.44733]
  [1068.7921   556.7845 ]
  [1113.0188   624.38385]
  [1195.414    462.67694]
  [1213.0133   550.9628 ]
  [1171.9072   621.5541 ]
  [1139.517    645.0784 ]
  [1098.3138   645.0899 ]
  [1115.8472   786.3585 ]
  [1127.8136   906.9993 ]
  [1177.7836   645.1038 ]
  [1195.4904   786.27014]
  [1210.1503   915.8864 ]
  [1119.0531   394.92493]
  [1142.5486   389.13388]
  [1101.2432   412.44962]
  [1163.0104   400.77515]
  [1216.0278   957.0985 ]
  [1233.6442   951.235  ]
  [1198.4214   927.7265 ]
  [1104.2181   936.4477 ]
  [1095.365    930.489  ]
  [1142.359    921.72314]]

 [[ 977.76154  365.6322 ]
  [ 951.14764  436.2061 ]
  [ 889.35364  433.151  ]
  [ 853.95624  524.43054]
  [ 930.54785  544.93866]
  [1010.01825  441.98767]
  [1027.7427   530.2648 ]
  [1015.9117   577.3702 ]
  [ 948.19214  624.53815]
  [ 904.2136   624.4746 ]
  [ 904.01025  768.7812 ]
  [ 895.24115  904.0991 ]
  [ 980.6848   627.4378 ]
  [ 977.62006  768.6701 ]
  [ 968.8207   901.1548 ]
  [ 968.86755  362.3441 ]
  [ 989.45685  362.45013]
  [ 933.5367   365.548  ]
  [   0.         0.     ]
  [ 968.8282   930.69556]
  [ 983.5274   930.47296]
  [ 954.2368   907.1564 ]
  [ 903.97864  933.55524]
  [ 883.37177  930.6375 ]
  [ 898.19556  912.97986]]

 [[1224.8484   362.3987 ]
  [1295.4987   436.21786]
  [1301.4158   435.99866]
  [1257.2634   539.14886]
  [   0.         0.     ]
  [1286.7523   441.9433 ]
  [1280.7855   574.4612 ]
  [1236.7565   674.5903 ]
  [1289.6229   692.10876]
  [1286.7322   692.16846]
  [1277.9176   868.7639 ]
  [1283.635   1007.1384 ]
  [1286.7626   692.1298 ]
  [1304.3607   877.50684]
  [1310.2688  1042.4545 ]
  [   0.         0.     ]
  [1230.803    344.86526]
  [   0.         0.     ]
  [1254.3184   359.46896]
  [1260.1658  1048.2278 ]
  [1280.8147  1074.815  ]
  [1327.8466  1051.2689 ]
  [1233.7157  1015.952  ]
  [1236.7289  1004.25256]
  [1283.7966  1021.8859 ]]]