[[[ 765.6442   359.5512 ]
  [ 780.46405  456.63882]
  [ 701.05865  436.2766 ]
  [ 603.95026  415.45813]
  [ 586.23694  318.29236]
  [ 856.9021   465.4968 ]
  [ 865.8256   597.9192 ]
  [ 830.47833  674.5732 ]
  [ 745.10706  698.11194]
  [ 698.0344   695.18756]
  [ 698.0869   859.98804]
  [ 715.5892  1001.3456 ]
  [ 792.2036   703.928  ]
  [ 806.89966  868.7285 ]
  [ 812.7119  1021.6823 ]
  [ 756.93805  341.99197]
  [ 786.3692   341.99307]
  [   0.         0.     ]
  [ 824.5903   365.61786]
  [ 815.76276 1048.4609 ]
  [ 836.3162  1048.1971 ]
  [ 804.0398  1027.655  ]
  [ 650.9337  1048.2126 ]
  [ 648.087   1039.4869 ]
  [ 724.5618  1021.7743 ]]

 [[ 936.48645  297.76984]
  [1007.14166  409.70023]
  [ 930.6078   421.3685 ]
  [ 921.66406  550.9142 ]
  [ 889.42554  671.4972 ]
  [1092.334    391.95505]
  [1163.2106   506.8782 ]
  [1136.5929   639.1679 ]
  [1001.1663   689.14307]
  [ 951.088    689.1614 ]
  [ 960.0438   883.4535 ]
  [ 983.5538  1054.1986 ]
  [1051.3479   689.2255 ]
  [1068.9458   880.5831 ]
  [1092.4917  1074.8258 ]
  [ 936.5308   291.77603]
  [ 957.15533  288.90692]
  [   0.         0.     ]
  [1012.9794   297.83752]
  [1071.8375  1074.8302 ]
  [1092.388   1074.8901 ]
  [1095.3694  1074.8666 ]
  [ 960.0324  1074.8467 ]
  [ 951.2259  1074.819  ]
  [ 998.25684 1074.8456 ]]]