[[[ 483.1381   459.814  ]
  [ 530.27795  503.72662]
  [ 530.2812   503.79272]
  [ 500.81763  553.8459 ]
  [ 465.5518   503.81934]
  [ 530.2255   503.7069 ]
  [ 553.8617   562.701  ]
  [ 506.8853   615.6406 ]
  [ 547.96027  644.99567]
  [ 562.6145   642.1337 ]
  [ 574.44214  742.2924 ]
  [ 577.3463   845.23956]
  [ 530.2301   645.0937 ]
  [ 483.33325  748.05597]
  [ 471.43896  859.8998 ]
  [ 480.2736   456.78644]
  [ 489.04095  456.65704]
  [   0.         0.     ]
  [ 521.5042   456.62082]
  [ 439.0053   859.8653 ]
  [ 439.0942   862.9481 ]
  [ 477.30783  877.5815 ]
  [   0.         0.     ]
  [   0.         0.     ]
  [ 577.392    853.97754]]

 [[ 892.2854   433.1026 ]
  [ 965.8402   433.26746]
  [ 992.3357   436.03116]
  [   0.         0.     ]
  [   0.         0.     ]
  [ 936.45276  433.22333]
  [ 974.5757   527.38745]
  [ 951.18207  639.12274]
  [ 992.3784   633.25635]
  [1018.8678   627.4261 ]
  [1027.7035   771.61725]
  [1068.9663   927.5918 ]
  [ 965.89624  639.18207]
  [ 907.0806   786.34265]
  [ 877.6366   909.9223 ]
  [   0.         0.     ]
  [ 886.42786  415.49576]
  [   0.         0.     ]
  [ 907.0985   400.76807]
  [ 812.8422   907.10803]
  [ 827.48926  924.60046]
  [ 883.5534   930.46423]
  [1010.03894  936.45074]
  [1021.7383   930.62537]
  [1083.5698   945.23334]]]