[[[836.55786 471.44925]
  [827.4708  503.7266 ]
  [792.1986  500.84778]
  [771.60583 544.9426 ]
  [809.94037 553.74396]
  [856.8956  503.84937]
  [860.01904 550.9204 ]
  [857.0784  592.0161 ]
  [818.7499  595.04846]
  [803.96814 595.0325 ]
  [807.00336 665.6874 ]
  [803.9478  730.45514]
  [836.5388  597.8221 ]
  [839.36804 665.63715]
  [836.4461  730.4064 ]
  [833.55164 462.5515 ]
  [845.1891  462.64716]
  [815.7362  462.6256 ]
  [  0.        0.     ]
  [848.19366 742.1028 ]
  [856.93036 739.25885]
  [833.45703 739.1542 ]
  [812.7696  742.3403 ]
  [801.03314 742.3436 ]
  [803.9756  739.122  ]]

 [[927.661   483.22037]
  [930.6412  515.58856]
  [904.1248  515.57367]
  [889.38257 553.955  ]
  [907.16077 592.13556]
  [954.0294  521.4179 ]
  [951.0305  574.29443]
  [930.727   600.9483 ]
  [930.541   601.03564]
  [907.0246  598.0986 ]
  [903.942   662.7668 ]
  [903.9944  721.57623]
  [951.17633 615.61914]
  [959.96594 692.02277]
  [971.80566 753.92566]
  [924.63165 480.3057 ]
  [930.687   480.28778]
  [910.05206 483.28403]
  [951.03485 483.24445]
  [945.2673  762.64044]
  [954.0399  762.8421 ]
  [974.8464  762.78973]
  [889.40027 739.2434 ]
  [886.4574  736.2412 ]
  [906.8915  730.47205]]]