[[[883.55005 503.7034 ]
  [883.35364 530.3693 ]
  [859.8097  530.2974 ]
  [854.0511  574.31757]
  [854.01697 606.8065 ]
  [912.9095  533.2744 ]
  [910.0706  580.377  ]
  [904.0416  621.53894]
  [883.38007 615.625  ]
  [862.88153 612.68304]
  [860.06836 671.64374]
  [860.0266  736.18976]
  [907.0267  624.4075 ]
  [912.9093  692.155  ]
  [927.5854  759.8633 ]
  [880.5148  497.9003 ]
  [886.54333 497.88287]
  [871.6469  503.78186]
  [904.1347  503.7226 ]
  [898.14795 762.91504]
  [906.9415  765.7922 ]
  [930.72107 765.7692 ]
  [851.1018  745.17053]
  [845.2172  742.0988 ]
  [862.9952  739.2378 ]]

 [[798.10315 483.28433]
  [789.1648  518.4977 ]
  [762.6374  512.6166 ]
  [739.3036  553.91736]
  [765.7174  583.28754]
  [815.7506  521.4664 ]
  [833.4102  559.71857]
  [818.70935 598.0372 ]
  [786.43604 601.0087 ]
  [765.81775 600.95776]
  [768.69507 671.481  ]
  [765.87415 739.20215]
  [809.73676 601.08215]
  [803.9292  671.44336]
  [789.43445 736.2836 ]
  [789.4412  480.3193 ]
  [806.87573 480.358  ]
  [783.3384  483.20694]
  [807.0009  483.2827 ]
  [798.1587  745.1167 ]
  [809.89514 742.228  ]
  [789.1817  742.08307]
  [777.5029  751.0135 ]
  [765.70074 748.15216]
  [768.676   742.2344 ]]]