[[[789.2389  474.41522]
  [771.68744 506.81372]
  [739.33325 506.61514]
  [715.8305  553.7326 ]
  [751.02924 577.49384]
  [810.01556 509.69852]
  [824.6541  562.69666]
  [812.90186 600.904  ]
  [768.68097 615.5864 ]
  [745.2056  612.66364]
  [748.07965 692.2149 ]
  [745.09485 765.77466]
  [792.19135 618.52277]
  [789.40314 692.15765]
  [786.4817  765.6239 ]
  [786.2115  462.6355 ]
  [792.31384 465.51758]
  [765.65643 468.4773 ]
  [806.80585 477.30414]
  [789.3916  783.395  ]
  [803.977   777.4711 ]
  [783.3806  771.59155]
  [759.7946  786.357  ]
  [742.2406  786.3351 ]
  [748.07526 771.6737 ]]

 [[883.4144  483.3546 ]
  [883.35706 527.31256]
  [856.9551  527.3602 ]
  [839.42456 574.3841 ]
  [839.3704  621.35095]
  [912.9386  527.4185 ]
  [909.93854 580.42706]
  [904.0991  639.17725]
  [883.3723  624.4411 ]
  [862.9062  624.3831 ]
  [859.8849  695.01105]
  [859.8749  765.65027]
  [909.9524  636.25745]
  [924.71173 718.56366]
  [933.50244 792.2523 ]
  [874.57336 483.1878 ]
  [886.4492  480.3755 ]
  [859.9352  489.15225]
  [907.0522  483.2426 ]
  [904.19324 803.98645]
  [912.9605  809.80774]
  [948.18744 806.95026]
  [836.5422  777.51685]
  [836.3962  768.6796 ]
  [865.8293  768.7602 ]]]