[[[185.9223  436.10135]
  [180.0029  483.3109 ]
  [106.54146 486.0831 ]
  [ 76.95869 589.1628 ]
  [ 85.91229 653.93414]
  [250.68666 483.2255 ]
  [274.31    577.4229 ]
  [277.20178 650.9559 ]
  [197.81282 689.19916]
  [153.47124 692.12775]
  [165.26447 830.54755]
  [165.28592 957.118  ]
  [244.78802 686.235  ]
  [265.32562 815.76996]
  [238.85217 918.7595 ]
  [174.00475 421.37216]
  [200.59521 418.49188]
  [150.49324 415.46066]
  [224.04836 412.6827 ]
  [286.04688 951.0193 ]
  [288.84827 936.46106]
  [221.17389 927.7072 ]
  [185.92831 992.423  ]
  [165.30542 995.2428 ]
  [159.45685 971.8196 ]]

 [[609.78937 453.76324]
  [648.0783  486.0891 ]
  [624.517   486.135  ]
  [621.43567 559.7608 ]
  [580.43335 618.4678 ]
  [671.661   483.34683]
  [715.60223 553.888  ]
  [677.4162  618.46906]
  [651.0222  642.0492 ]
  [645.04504 642.1077 ]
  [665.712   753.9208 ]
  [689.1126  857.00684]
  [665.6889  642.09576]
  [647.98145 762.76154]
  [712.7013  880.53906]
  [601.0872  436.26666]
  [621.5731  436.2427 ]
  [  0.        0.     ]
  [648.0853  436.1179 ]
  [671.5021  909.93146]
  [686.2579  915.88666]
  [724.54956 883.5679 ]
  [647.9502  871.65295]
  [650.9915  862.8344 ]
  [695.02405 862.8321 ]]]