[[[1042.3981   439.1457 ]
  [1045.3842   500.90796]
  [1001.3092   503.71494]
  [ 974.8271   571.3857 ]
  [1015.97205  553.9871 ]
  [1089.5431   497.95227]
  [1101.3341   556.8577 ]
  [1068.9752   559.6856 ]
  [1045.2921   644.9978 ]
  [1015.9477   644.95197]
  [1021.9268   745.19635]
  [1042.4058   851.0277 ]
  [1071.7544   645.0705 ]
  [1092.3674   745.1252 ]
  [1098.4459   853.93677]
  [1024.8923   436.14325]
  [1045.4684   433.2642 ]
  [1018.84406  450.86258]
  [1060.0532   441.98697]
  [1113.0944   889.43414]
  [1118.8667   883.5039 ]
  [1095.3022   859.85345]
  [1018.8102   874.65216]
  [1010.0664   862.92   ]
  [1048.2926   857.0556 ]]

 [[ 915.84283  415.62704]
  [ 892.2924   465.5707 ]
  [ 842.2705   462.58353]
  [ 812.8111   533.2704 ]
  [ 877.5202   577.3258 ]
  [ 945.2139   471.3959 ]
  [ 959.9512   544.99634]
  [ 954.2037   600.93933]
  [ 886.527    618.6204 ]
  [ 857.0733   618.58307]
  [ 856.96094  736.3315 ]
  [ 851.1174   845.16656]
  [ 924.71344  621.4036 ]
  [ 915.90436  736.2444 ]
  [ 907.0631   836.52484]
  [ 906.9437   409.62616]
  [ 927.45374  409.72308]
  [ 880.61804  412.50613]
  [   0.         0.     ]
  [ 907.1332   871.6742 ]
  [ 927.6453   862.9914 ]
  [ 901.1909   854.04315]
  [ 857.0695   877.48157]
  [ 836.5503   871.7281 ]
  [ 853.9696   857.0107 ]]

 [[1139.3458   433.27902]
  [1163.0009   468.44583]
  [1166.087    462.66092]
  [1145.4697   571.4061 ]
  [1092.3147   562.698  ]
  [1160.1683   471.4357 ]
  [1074.7618   427.2935 ]
  [1130.6923   412.72003]
  [1139.6093   665.7239 ]
  [1133.6901   665.6682 ]
  [1139.6396   809.8626 ]
  [1151.3218   915.82245]
  [1142.4966   668.5863 ]
  [1160.1583   812.764  ]
  [1166.1097   930.48   ]
  [   0.         0.     ]
  [1121.9163   412.6435 ]
  [1163.0049   409.5156 ]
  [1139.5391   415.55344]
  [1116.0579   927.61664]
  [1130.7151   948.2198 ]
  [1180.7906   948.1827 ]
  [1113.0583   921.7723 ]
  [1116.0577   912.947  ]
  [1162.9991   927.584  ]]]