[[[406.63147 409.61914]
  [427.32037 459.5248 ]
  [386.09204 456.82803]
  [377.26215 527.4723 ]
  [362.56262 583.2688 ]
  [465.51532 459.5475 ]
  [497.89297 527.41614]
  [459.63135 592.0167 ]
  [412.42444 600.90546]
  [386.04422 600.84   ]
  [380.13647 706.8336 ]
  [371.3289  809.866  ]
  [436.1497  600.97876]
  [436.2476  712.7557 ]
  [433.11743 809.93286]
  [397.86316 400.7974 ]
  [412.61642 403.71112]
  [  0.        0.     ]
  [436.2748  412.4539 ]
  [403.74756 830.4814 ]
  [415.53256 833.37384]
  [436.04086 818.74005]
  [347.81735 833.3237 ]
  [341.8378  824.5825 ]
  [385.95273 818.6924 ]]]