[[[ 680.44684  244.87668]
  [ 715.58356  385.90857]
  [ 621.4699   383.0594 ]
  [ 583.3367   530.34467]
  [ 583.2541   524.4484 ]
  [ 809.78345  386.00937]
  [ 830.4435   556.759  ]
  [ 771.5987   674.51276]
  [ 671.65906  706.8422 ]
  [ 612.73694  698.0427 ]
  [ 603.87463  921.7651 ]
  [ 627.41956 1074.8644 ]
  [ 739.1687   712.7879 ]
  [ 742.17395  930.67334]
  [ 751.04047 1074.8822 ]
  [ 671.4744   224.29828]
  [ 715.606    224.34683]
  [   0.         0.     ]
  [ 762.90216  262.49387]
  [   0.         0.     ]
  [   0.         0.     ]
  [   0.         0.     ]
  [ 609.739   1074.8912 ]
  [ 618.55176 1074.9176 ]
  [ 636.25665 1074.8972 ]]]