[[[565.58295 453.64944]
  [577.24225 489.04086]
  [539.0799  489.11237]
  [524.4071  544.99994]
  [530.306   565.56104]
  [615.6893  486.19162]
  [630.3393  550.8039 ]
  [577.257   571.5448 ]
  [574.45447 615.64264]
  [550.77686 615.6143 ]
  [553.73413 706.88983]
  [556.7321  789.33594]
  [598.0878  615.65967]
  [600.90344 706.8672 ]
  [603.8561  789.388  ]
  [556.792   439.11844]
  [574.4493  439.08594]
  [553.74304 450.81772]
  [595.0208  447.8687 ]
  [589.19434 812.7584 ]
  [603.81573 812.8012 ]
  [603.96594 803.9282 ]
  [550.727   812.8667 ]
  [536.1871  809.9443 ]
  [571.3901  801.0522 ]]

 [[300.70383 503.7198 ]
  [315.4936  530.1905 ]
  [277.2045  524.32825]
  [232.99942 521.49365]
  [188.83784 506.64813]
  [356.56525 533.33923]
  [362.5616  594.9346 ]
  [341.9124  627.4308 ]
  [294.69748 645.10706]
  [268.35074 644.95386]
  [262.45285 718.753  ]
  [262.41867 789.4472 ]
  [318.35858 647.9756 ]
  [318.34503 718.7005 ]
  [318.45844 789.4199 ]
  [294.9515  494.93945]
  [312.52368 494.98938]
  [  0.        0.     ]
  [333.09076 497.86935]
  [330.13443 809.9535 ]
  [339.07703 806.9898 ]
  [315.43533 801.0945 ]
  [238.845   812.8036 ]
  [227.21    809.73096]
  [268.38116 801.0821 ]]

 [[412.6013  480.26297]
  [453.68265 515.60205]
  [421.35165 518.4891 ]
  [415.46783 568.49274]
  [409.6138  606.82196]
  [480.25037 512.5972 ]
  [497.91296 571.4164 ]
  [474.32742 612.7502 ]
  [439.1269  624.60016]
  [424.28955 624.55237]
  [412.48642 709.8216 ]
  [412.56927 789.15485]
  [459.76736 624.6314 ]
  [459.78256 709.78766]
  [459.82687 786.47784]
  [412.41016 477.3284 ]
  [418.51514 474.38797]
  [  0.        0.     ]
  [441.95346 477.32898]
  [453.71222 806.8426 ]
  [459.72324 806.8543 ]
  [462.64502 792.34265]
  [389.1396  807.0093 ]
  [388.97128 801.0069 ]
  [421.41348 792.2708 ]]]