[[[  0.         0.      ]
  [103.37721  503.9258  ]
  [156.46906  503.85364 ]
  [168.23427  571.3835  ]
  [177.20999  603.88434 ]
  [ 53.437122 503.9281  ]
  [ 38.86442  577.38043 ]
  [  0.         0.      ]
  [103.342    642.0723  ]
  [129.91136  642.026   ]
  [141.75702  721.69946 ]
  [150.44737  815.78845 ]
  [ 65.319214 642.15375 ]
  [ 82.769226 730.39307 ]
  [ 82.85072  830.4509  ]
  [  0.         0.      ]
  [  0.         0.      ]
  [129.95828  456.81927 ]
  [ 83.004486 459.5669  ]
  [100.567795 833.48883 ]
  [ 82.94364  833.4052  ]
  [ 80.01419  839.32025 ]
  [168.27133  815.7877  ]
  [171.26257  827.52277 ]
  [141.73561  833.4065  ]]

 [[550.7529   462.56628 ]
  [597.93085  483.09415 ]
  [621.50354  483.0887  ]
  [648.0138   536.1681  ]
  [645.165    598.0312  ]
  [574.3492   483.0713  ]
  [556.86273  550.7301  ]
  [527.235    600.8271  ]
  [600.8332   601.04474 ]
  [621.485    600.97687 ]
  [577.4243   694.9861  ]
  [574.4759   780.44745 ]
  [577.4876   603.85095 ]
  [594.9664   695.0748  ]
  [651.0006   771.67865 ]
  [  0.         0.      ]
  [550.8751   456.7028  ]
  [  0.         0.      ]
  [568.5454   450.8647  ]
  [630.35645  795.2161  ]
  [642.1131   798.141   ]
  [668.6425   780.48334 ]
  [536.2299   786.2689  ]
  [547.974    783.33875 ]
  [577.39276  789.1722  ]]]