[[[550.73956 456.64587]
  [559.7142  494.9606 ]
  [530.15924 492.00833]
  [524.3879  545.00055]
  [524.40845 583.231  ]
  [597.8709  494.98633]
  [621.4717  547.9402 ]
  [597.9042  597.8913 ]
  [556.7396  603.81464]
  [536.1266  603.8256 ]
  [547.8922  692.12115]
  [550.8611  765.75854]
  [577.46844 603.8163 ]
  [586.25555 689.1703 ]
  [598.0905  765.62885]
  [547.83105 447.8612 ]
  [553.8713  450.77805]
  [  0.        0.     ]
  [574.54846 456.69226]
  [597.95013 783.44275]
  [603.8816  780.4511 ]
  [598.00024 768.7724 ]
  [536.16547 786.3431 ]
  [530.2108  783.3843 ]
  [553.9449  774.5504 ]]]