[[[ 680.38916  197.7693 ]
  [ 753.9924   315.41846]
  [ 674.51526  324.31653]
  [ 671.508    483.19778]
  [ 645.0241   621.6046 ]
  [ 830.518    297.75488]
  [ 904.11804  465.5527 ]
  [ 818.6751   624.43616]
  [ 739.2457   645.11383]
  [ 680.3486   645.04755]
  [ 718.57117  889.3214 ]
  [ 742.3273  1074.8729 ]
  [ 795.13605  648.00653]
  [ 809.8265   903.98315]
  [   0.         0.     ]
  [ 671.7101   177.22488]
  [ 709.849    177.18668]
  [   0.         0.     ]
  [ 768.68646  200.61783]
  [   0.         0.     ]
  [   0.         0.     ]
  [   0.         0.     ]
  [ 718.58307 1074.8898 ]
  [   0.         0.     ]
  [ 753.9444  1074.9126 ]]]