[[[606.8564  453.76144]
  [621.4984  503.74118]
  [577.3544  500.89557]
  [553.9559  554.00116]
  [553.8926  606.8145 ]
  [665.62286 503.79013]
  [689.2821  556.75555]
  [674.57245 597.8684 ]
  [621.42163 633.3507 ]
  [592.08057 633.354  ]
  [594.9163  739.18256]
  [598.0811  827.5964 ]
  [645.1825  636.19556]
  [645.0632  739.18744]
  [644.9906  824.62494]
  [600.9786  441.95013]
  [621.44934 439.1688 ]
  [597.875   450.84677]
  [642.0189  450.8466 ]
  [645.1246  845.26056]
  [656.8411  839.3686 ]
  [639.18427 833.50824]
  [577.4961  854.0557 ]
  [574.4435  845.2451 ]
  [606.7897  836.2566 ]]]