[[[480.3621  456.60434]
  [500.7867  497.8673 ]
  [459.54614 489.1137 ]
  [450.85794 550.9433 ]
  [439.00122 594.97723]
  [533.2321  500.7873 ]
  [553.91833 556.8165 ]
  [527.3145  615.6102 ]
  [480.26202 621.5903 ]
  [456.586   621.4635 ]
  [456.66537 715.7709 ]
  [453.78745 803.9905 ]
  [503.922   624.4209 ]
  [506.78323 715.81476]
  [503.89172 806.9887 ]
  [480.12134 444.90063]
  [489.10126 450.73416]
  [  0.        0.     ]
  [509.67896 456.64682]
  [483.1838  827.5767 ]
  [500.87628 830.39307]
  [506.68533 812.8102 ]
  [444.9402  818.78845]
  [436.15533 815.8382 ]
  [459.668   809.9013 ]]

 [[  0.        0.     ]
  [277.16748 509.72647]
  [324.25104 509.63828]
  [344.83682 592.1125 ]
  [362.422   645.0092 ]
  [235.93124 512.6433 ]
  [221.25813 598.1006 ]
  [256.55853 636.2742 ]
  [274.21066 671.5788 ]
  [309.54926 671.5642 ]
  [315.27768 768.7946 ]
  [315.47833 877.5299 ]
  [244.78667 665.6638 ]
  [247.74112 765.75903]
  [250.69803 874.5909 ]
  [315.62772 456.56116]
  [  0.        0.     ]
  [312.5303  456.69284]
  [268.3007  459.74542]
  [268.309   883.4332 ]
  [250.71991 880.53314]
  [250.73534 883.54926]
  [365.3629  880.5214 ]
  [356.6628  886.3733 ]
  [306.56976 886.48615]]]