[[[886.4012  503.74728]
  [883.34467 530.334  ]
  [857.1145  530.26184]
  [842.26794 565.5962 ]
  [859.82025 597.98035]
  [915.8337  533.2147 ]
  [907.10114 577.3488 ]
  [883.5014  574.33795]
  [883.3785  615.7079 ]
  [860.0272  612.70874]
  [859.9146  671.6721 ]
  [859.9609  736.2002 ]
  [906.967   624.45233]
  [909.99207 692.1294 ]
  [927.4861  759.81586]
  [880.64014 500.76025]
  [892.2975  497.92123]
  [874.5697  503.8194 ]
  [907.0423  503.71826]
  [898.1186  762.92596]
  [904.16547 765.7553 ]
  [930.5979  765.69684]
  [848.1513  745.22375]
  [842.26935 742.14325]
  [862.96094 739.2414 ]]

 [[803.9387  483.36374]
  [789.2312  515.58167]
  [762.7221  509.79175]
  [739.37775 553.81946]
  [765.8036  583.25964]
  [815.8351  518.49725]
  [833.48737 556.7359 ]
  [818.7458  595.0488 ]
  [786.4286  601.00696]
  [765.8122  600.93964]
  [768.6758  671.4565 ]
  [765.83795 739.13995]
  [809.7236  601.06635]
  [801.0448  671.45874]
  [789.4491  736.3178 ]
  [792.2784  480.3631 ]
  [809.7205  483.05753]
  [783.4056  483.18015]
  [809.7851  483.18436]
  [795.2393  745.1971 ]
  [809.88    742.2999 ]
  [789.1969  742.1029 ]
  [774.5594  750.9835 ]
  [765.6334  748.1068 ]
  [768.63617 742.15906]]]