[[[ 342.0506   309.51917]
  [ 339.08112  415.4943 ]
  [ 247.67284  409.62045]
  [   0.         0.     ]
  [   0.         0.     ]
  [ 430.11795  430.162  ]
  [ 421.4023   550.84814]
  [   0.         0.     ]
  [ 347.79532  692.22235]
  [ 294.8382   692.18744]
  [ 262.46475  886.3955 ]
  [ 197.74161 1074.8475 ]
  [ 409.4904   692.21014]
  [ 377.1796   886.3964 ]
  [ 338.9259  1054.252  ]
  [ 321.29367  294.72113]
  [ 362.58066  294.70505]
  [ 291.9482   318.4688 ]
  [ 386.19803  318.46072]
  [ 338.94858 1074.8846 ]
  [ 362.58136 1074.8612 ]
  [ 318.48114 1074.8264 ]
  [   0.         0.     ]
  [   0.         0.     ]
  [ 200.65361 1074.8895 ]]

 [[ 745.24896  247.63243]
  [ 812.7156   344.80594]
  [ 742.1293   359.57993]
  [ 724.5626   489.09113]
  [ 703.94037  612.7057 ]
  [ 880.5177   338.94   ]
  [ 942.2953   483.16284]
  [ 862.8619   621.5664 ]
  [ 786.4628   645.0659 ]
  [ 739.2557   642.10406]
  [ 765.8625   860.05963]
  [ 786.27637 1054.2507 ]
  [ 836.4547   647.97986]
  [ 856.9239   871.66925]
  [ 859.8882  1074.8619 ]
  [ 742.28845  230.12193]
  [ 768.80023  230.05212]
  [   0.         0.     ]
  [ 830.3731   247.81525]
  [ 836.30444 1074.9111 ]
  [ 859.917   1074.9325 ]
  [ 860.0687  1074.8972 ]
  [ 762.7404  1074.8694 ]
  [ 748.0576  1074.8308 ]
  [ 792.2694  1074.8707 ]]]