[[[ 542.0256   456.616  ]
  [ 586.2284   492.00662]
  [ 589.13904  492.00787]
  [ 565.59155  568.4802 ]
  [ 512.59863  577.3435 ]
  [ 586.21277  489.04184]
  [ 621.5368   553.748  ]
  [ 577.29504  612.7451 ]
  [ 595.06134  642.1404 ]
  [ 603.9647   642.1159 ]
  [ 583.3317   739.23413]
  [ 609.7124   836.3566 ]
  [ 577.4193   644.9251 ]
  [ 539.07544  742.15137]
  [ 550.9642   833.4697 ]
  [ 536.2255   447.8093 ]
  [ 550.9212   441.9372 ]
  [   0.         0.     ]
  [ 577.4783   439.16058]
  [   0.         0.     ]
  [   0.         0.     ]
  [ 553.8367   833.47687]
  [   0.         0.     ]
  [   0.         0.     ]
  [ 615.59015  842.25116]]

 [[ 954.16846  412.6181 ]
  [1036.5062   415.48886]
  [1071.7628   427.20502]
  [1113.0536   527.36194]
  [1095.2885   603.84235]
  [ 998.23315  409.66824]
  [1021.82574  506.64056]
  [ 998.1458   621.4019 ]
  [1048.3778   624.53345]
  [1077.7283   624.5256 ]
  [1068.8358   771.6543 ]
  [1071.823    924.6982 ]
  [1024.6965   624.5644 ]
  [ 951.1842   765.62103]
  [1024.6279   924.5753 ]
  [   0.         0.     ]
  [ 953.9979   403.6766 ]
  [   0.         0.     ]
  [ 974.6999   385.92072]
  [ 971.8228   957.0451 ]
  [ 983.5697   959.9447 ]
  [1045.2662   930.60767]
  [1048.1931   933.5198 ]
  [   0.         0.     ]
  [1077.6947   936.4316 ]]]