[[[886.401   441.94287]
  [883.3746  500.855  ]
  [836.5389  497.89297]
  [812.8921  553.94116]
  [836.3259  601.03485]
  [927.625   500.87076]
  [936.4244  556.7419 ]
  [927.72186 609.7748 ]
  [880.5879  627.3663 ]
  [856.82666 624.6111 ]
  [856.8198  733.3644 ]
  [853.9932  815.8298 ]
  [906.9927  627.3693 ]
  [904.08014 739.1635 ]
  [886.4342  833.32947]
  [880.5541  436.00992]
  [901.0106  436.0094 ]
  [862.8785  442.028  ]
  [907.0317  444.91016]
  [904.0582  857.01263]
  [910.0448  854.0115 ]
  [880.53906 836.4488 ]
  [856.87494 848.1439 ]
  [836.4995  839.44653]
  [856.8258  830.4569 ]]

 [[388.88324 503.80222]
  [406.66147 512.6488 ]
  [368.44733 509.70892]
  [344.8127  550.8957 ]
  [368.402   530.4182 ]
  [435.9983  512.69617]
  [456.58417 559.7381 ]
  [433.11707 597.8497 ]
  [394.88974 603.9785 ]
  [377.22293 603.9472 ]
  [377.2768  680.3601 ]
  [380.09677 748.16516]
  [415.4638  603.9797 ]
  [424.34662 674.5719 ]
  [430.18985 742.27246]
  [385.94446 497.94858]
  [391.9038  497.9392 ]
  [  0.        0.     ]
  [409.69824 491.97653]
  [412.7091  762.6228 ]
  [430.1378  759.9035 ]
  [430.2092  751.03314]
  [374.27216 762.9261 ]
  [365.47363 762.8176 ]
  [385.95386 759.79346]]]