[[[333.0593  394.87958]
  [362.39566 450.83328]
  [315.4845  447.8292 ]
  [303.62256 524.2917 ]
  [294.7299  583.3092 ]
  [406.55756 450.83582]
  [436.07553 521.4215 ]
  [397.86618 592.08453]
  [347.7708  601.0614 ]
  [318.41797 603.84625]
  [333.0829  715.7871 ]
  [338.82352 815.8378 ]
  [380.14114 603.8234 ]
  [386.0037  715.8117 ]
  [385.97675 818.7857 ]
  [324.31833 388.88843]
  [341.89432 388.95248]
  [  0.        0.     ]
  [368.4558  394.89273]
  [356.59778 842.28754]
  [371.32742 845.2097 ]
  [388.95847 833.45245]
  [312.40402 845.2592 ]
  [300.6526  836.4328 ]
  [342.0639  833.3601 ]]]