[[[ 565.6113   518.55273]
  [ 539.0782   524.308  ]
  [ 512.61523  521.439  ]
  [ 483.1312   554.00806]
  [ 503.85144  598.0515 ]
  [ 562.6814   524.445  ]
  [ 568.4708   553.97516]
  [ 574.3502   594.92114]
  [ 533.3246   612.6949 ]
  [ 518.5244   615.5854 ]
  [ 506.66315  677.4617 ]
  [ 486.19205  748.15405]
  [ 553.87744  609.8102 ]
  [ 577.3729   671.6557 ]
  [ 600.9413   739.3048 ]
  [ 556.84973  506.90048]
  [ 571.5155   509.67294]
  [ 542.0321   503.68494]
  [   0.         0.     ]
  [ 601.0141   756.895  ]
  [ 615.6352   748.1132 ]
  [ 600.9095   742.3563 ]
  [ 512.66315  762.77246]
  [ 503.80054  765.6622 ]
  [ 483.07523  759.84314]]

 [[ 712.7354   503.8267 ]
  [ 715.62213  530.4655 ]
  [ 689.2046   530.4162 ]
  [ 668.7164   571.4908 ]
  [ 668.5449   601.03564]
  [ 742.07404  533.2423 ]
  [ 762.90955  571.43835]
  [ 762.75323  601.0442 ]
  [ 715.56885  621.36554]
  [ 692.30597  618.6348 ]
  [ 692.2968   677.5071 ]
  [ 694.9755   742.0737 ]
  [ 730.4373   621.3855 ]
  [ 736.2198   677.4331 ]
  [ 736.3105   742.0877 ]
  [ 703.93854  500.82257]
  [ 715.76556  500.80502]
  [ 695.1869   503.8009 ]
  [ 721.7049   503.76053]
  [ 733.372    759.81323]
  [ 742.12775  756.8715 ]
  [ 733.32086  745.187  ]
  [ 689.10944  756.8916 ]
  [ 674.55255  748.0892 ]
  [ 698.06683  745.1047 ]]

 [[   0.         0.     ]
  [1004.1537   489.06552]
  [1048.3987   486.17453]
  [1077.7905   574.315  ]
  [1074.7388   627.39716]
  [ 959.96204  489.13733]
  [ 939.4435   574.40204]
  [ 927.6895   642.1579 ]
  [1007.1552   651.05145]
  [1045.298    651.0371 ]
  [1027.6892   771.62225]
  [1027.6486   883.4766 ]
  [ 977.5894   653.88165]
  [ 951.2436   745.24445]
  [ 983.573    854.08093]
  [   0.         0.     ]
  [   0.         0.     ]
  [1004.15045  436.09683]
  [ 962.9691   441.9892 ]
  [ 968.80035  892.3121 ]
  [ 959.9557   886.41534]
  [ 998.1593   860.03735]
  [1024.8784   886.409  ]
  [1042.381    892.2819 ]
  [1024.8986   895.2354 ]]]