[[[177.1883   480.14288 ]
  [153.45445  521.3932  ]
  [132.91673  515.6318  ]
  [106.626945 568.48596 ]
  [150.50774  612.64276 ]
  [  0.         0.      ]
  [  0.         0.      ]
  [  0.         0.      ]
  [150.58434  630.31805 ]
  [132.89815  627.48627 ]
  [127.02835  715.67804 ]
  [106.492134 789.2259  ]
  [  0.         0.      ]
  [  0.         0.      ]
  [  0.         0.      ]
  [174.08205  471.4353  ]
  [177.24564  471.37912 ]
  [150.55173  480.16895 ]
  [  0.         0.      ]
  [  0.         0.      ]
  [  0.         0.      ]
  [  0.         0.      ]
  [133.0061   801.1073  ]
  [127.00817  806.9554  ]
  [103.4893   795.21533 ]]

 [[356.60208  483.32233 ]
  [368.41284  503.91776 ]
  [339.01398  503.88138 ]
  [336.05695  550.7613  ]
  [335.95636  586.2417  ]
  [406.67752  506.62085 ]
  [444.8824   547.8377  ]
  [433.0631   595.05664 ]
  [377.19147  603.9649  ]
  [359.49197  603.9554  ]
  [365.50323  683.3096  ]
  [374.3206   756.95844 ]
  [392.06558  603.96277 ]
  [389.01343  683.3424  ]
  [386.1609   762.9048  ]
  [344.9456   480.2674  ]
  [362.4868   480.29034 ]
  [  0.         0.      ]
  [380.20407  477.34296 ]
  [353.69415  777.48175 ]
  [365.43558  783.3572  ]
  [389.1103   771.7092  ]
  [347.8372   768.6836  ]
  [347.84906  765.6943  ]
  [383.16443  762.9115  ]]

 [[268.13205  480.14935 ]
  [227.17557  527.2515  ]
  [271.151    524.3898  ]
  [291.8006   594.91876 ]
  [297.78052  627.4147  ]
  [185.90988  527.17737 ]
  [174.06229  589.165   ]
  [197.78394  618.5373  ]
  [227.08884  648.0156  ]
  [253.60797  647.98627 ]
  [265.30505  721.57855 ]
  [250.76118  806.97656 ]
  [194.70578  645.10345 ]
  [197.7473   718.7995  ]
  [200.5123   809.8999  ]
  [265.27118  477.3048  ]
  [  0.         0.      ]
  [250.66525  480.1163  ]
  [221.38977  483.18643 ]
  [  0.         0.      ]
  [  0.         0.      ]
  [197.8105   818.6951  ]
  [256.55496  812.7594  ]
  [268.27875  812.9168  ]
  [247.78484  815.7466  ]]]