[[[530.2508  456.53848]
  [550.80743 492.02866]
  [512.59546 492.0552 ]
  [506.76352 547.9809 ]
  [503.80887 589.1956 ]
  [580.3406  489.09476]
  [601.0246  547.91504]
  [577.40015 597.9294 ]
  [542.10944 603.9072 ]
  [521.46045 603.88245]
  [527.2841  692.189  ]
  [530.3819  765.745  ]
  [565.5515  603.9404 ]
  [574.4303  692.0996 ]
  [580.2978  765.8589 ]
  [527.39935 444.95   ]
  [536.24976 447.8415 ]
  [  0.        0.     ]
  [556.74884 453.78616]
  [574.516   786.3726 ]
  [586.2465  786.249  ]
  [580.31494 774.59485]
  [521.4636  786.396  ]
  [509.7127  783.4239 ]
  [542.10443 771.6449 ]]

 [[  0.        0.     ]
  [383.06207 506.81485]
  [415.56656 506.77682]
  [436.18253 577.473  ]
  [447.8684  624.49664]
  [341.80212 506.81226]
  [327.25937 580.3077 ]
  [359.5757  618.6108 ]
  [383.0464  645.07227]
  [406.71133 645.0765 ]
  [406.6508  733.39307]
  [409.59796 812.89935]
  [347.83923 639.1502 ]
  [359.5535  721.5395 ]
  [359.61362 812.7873 ]
  [  0.        0.     ]
  [  0.        0.     ]
  [406.67294 459.67743]
  [365.6146  465.51465]
  [359.58124 830.4579 ]
  [353.64575 821.6923 ]
  [344.81955 827.5104 ]
  [453.79532 824.64307]
  [444.96753 830.5258 ]
  [409.59903 827.57635]]]