[[[ 739.2025   318.3413 ]
  [ 756.96246  433.01035]
  [ 671.5634   415.49622]
  [ 556.7546   409.56592]
  [ 559.67456  291.8255 ]
  [ 839.34155  439.01102]
  [ 856.9455   580.37964]
  [ 809.8746   674.4784 ]
  [ 718.54175  701.00757]
  [ 668.498    698.01135]
  [ 668.47766  883.46045]
  [ 671.58746 1045.3627 ]
  [ 768.65985  706.9041 ]
  [ 777.47595  895.1962 ]
  [ 786.27673 1074.837  ]
  [ 721.6948   309.51743]
  [ 762.73145  306.63196]
  [   0.         0.     ]
  [ 806.92926  336.01007]
  [ 771.64703 1074.887  ]
  [ 795.19934 1074.905  ]
  [ 786.2707  1074.873  ]
  [ 639.1882  1074.8232 ]
  [ 627.4203  1051.338  ]
  [ 689.25305 1051.3461 ]]

 [[ 951.03314  250.6171 ]
  [1021.83746  377.24698]
  [ 930.5892   389.1561 ]
  [ 910.059    536.19696]
  [ 883.40216  671.67944]
  [1113.0233   362.41904]
  [1192.5223   497.9304 ]
  [1163.0784   644.9888 ]
  [1004.24506  695.04144]
  [ 948.215    695.0478 ]
  [ 954.1506   912.8651 ]
  [ 980.6435  1074.8793 ]
  [1071.7538   695.0545 ]
  [1074.8616   921.7751 ]
  [1104.1836  1074.8864 ]
  [ 945.24426  241.8108 ]
  [ 974.61053  235.94339]
  [   0.         0.     ]
  [1027.673    250.78749]
  [   0.         0.     ]
  [   0.         0.     ]
  [   0.         0.     ]
  [   0.         0.     ]
  [   0.         0.     ]
  [ 986.5265  1074.9044 ]]]