[[[712.7776  362.51535]
  [745.2159  433.2444 ]
  [695.23517 436.09073]
  [689.11975 533.22406]
  [668.64026 624.4175 ]
  [795.2412  433.05325]
  [833.39557 533.2437 ]
  [759.84125 621.64404]
  [736.25305 648.059  ]
  [695.0743  648.01447]
  [712.687   809.9006 ]
  [718.728   951.2697 ]
  [768.6505  650.92834]
  [774.5904  809.9717 ]
  [780.50696 957.09625]
  [706.89545 347.7853 ]
  [727.43506 353.65103]
  [  0.        0.     ]
  [762.8678  365.47656]
  [739.14465 998.3233 ]
  [759.90765 998.3414 ]
  [789.26154 977.6355 ]
  [683.34314 995.23474]
  [674.5055  977.79675]
  [736.23126 971.80133]]]