[[[177.22696   462.54617  ]
  [221.30234   503.8693   ]
  [185.96092   506.67175  ]
  [180.01097   553.96783  ]
  [177.02666   600.95905  ]
  [253.64754   503.76376  ]
  [274.30624   556.8556   ]
  [247.85501   603.84045  ]
  [218.30658   621.47815  ]
  [197.564     621.45135  ]
  [182.97931   703.95105  ]
  [182.9714    789.4339   ]
  [241.75397   621.5073   ]
  [244.74759   706.82544  ]
  [244.86858   789.3258   ]
  [177.0635    459.52554  ]
  [185.95396   456.71075  ]
  [  0.          0.       ]
  [218.2275    456.79712  ]
  [227.08464   809.8358   ]
  [244.76106   809.83844  ]
  [247.69357   801.1037   ]
  [156.58441   812.7708   ]
  [153.5528    809.7089   ]
  [194.79355   804.0345   ]]

 [[353.6589    436.05884  ]
  [365.56955   480.13776  ]
  [330.1377    480.20773  ]
  [303.65015   530.40045  ]
  [341.89767   547.8618   ]
  [409.54492   477.32333  ]
  [412.43057   533.2878   ]
  [350.7242    539.0743   ]
  [365.5361    603.94073  ]
  [341.78897   603.9698   ]
  [344.83408   701.0623   ]
  [350.731     792.2167   ]
  [392.0334    603.89355  ]
  [403.70465   698.14526  ]
  [406.65317   789.399    ]
  [344.86084   430.2401   ]
  [362.5807    430.26074  ]
  [  0.          0.       ]
  [386.0431    433.26855  ]
  [386.03055   812.78503  ]
  [403.66348   812.79474  ]
  [409.4969    803.97644  ]
  [338.9299    812.9987   ]
  [324.2863    810.0349   ]
  [362.51718   806.90247  ]]

 [[ 59.27502   483.30878  ]
  [ 65.265785  515.5887   ]
  [ 26.901756  506.75134  ]
  [  7.8115535 509.689    ]
  [  0.          0.       ]
  [109.51605   527.21985  ]
  [124.10737   583.3067   ]
  [103.45944   624.44525  ]
  [ 41.726845  642.0121   ]
  [  6.3339715 633.2495   ]
  [  7.7977433 715.7848   ]
  [  7.784578  792.19977  ]
  [ 76.920456  644.97595  ]
  [ 77.05948   718.74634  ]
  [ 79.80608   801.074    ]
  [ 53.45344   480.17484  ]
  [ 65.231575  480.1405   ]
  [ 38.77323   477.3626   ]
  [ 85.83392   477.27423  ]
  [ 82.96897   815.73944  ]
  [ 97.67709   812.72144  ]
  [ 68.19747   809.93384  ]
  [  0.          0.       ]
  [  0.          0.       ]
  [  0.          0.       ]]]