[[[ 912.93164  383.12024]
  [ 883.59534  436.23254]
  [ 833.3233   435.97678]
  [ 792.3372   521.43463]
  [ 865.7999   565.5474 ]
  [ 948.1162   439.16583]
  [ 957.11053  527.3883 ]
  [ 951.24133  583.3338 ]
  [ 883.57135  618.59454]
  [ 851.0467   618.6337 ]
  [ 842.32416  748.1299 ]
  [ 842.23755  877.5844 ]
  [ 927.4813   618.6297 ]
  [ 924.5668   745.248  ]
  [ 907.06805  868.8128 ]
  [ 904.0163   365.60364]
  [ 924.71545  368.40588]
  [ 874.6842   377.22464]
  [   0.         0.     ]
  [ 907.16846  904.19775]
  [ 927.66425  903.98157]
  [ 901.1506   883.4078 ]
  [ 851.134    907.0078 ]
  [ 833.41986  904.1849 ]
  [ 848.11     886.3986 ]]

 [[1068.7314   409.63596]
  [1068.8713   474.32147]
  [1018.90515  474.35474]
  [ 998.25055  550.95264]
  [1042.3721   612.67096]
  [1118.953    468.4986 ]
  [1139.4314   550.75037]
  [1119.0099   621.4997 ]
  [1068.7441   633.26166]
  [1027.7139   633.28784]
  [1045.3477   762.87744]
  [1065.8639   877.6263 ]
  [1095.5408   633.2578 ]
  [1124.7932   762.7282 ]
  [1139.4276   883.438  ]
  [1048.3993   403.7623 ]
  [1071.8043   394.97794]
  [1033.5298   415.47183]
  [1089.4116   409.54095]
  [1142.3829   927.6065 ]
  [1148.3993   924.6142 ]
  [1127.7737   895.26056]
  [1039.4893   907.0665 ]
  [1027.6406   903.9668 ]
  [1071.9457   883.6016 ]]

 [[1160.0122   368.45825]
  [1213.1788   444.88867]
  [1230.7764   439.06342]
  [1192.5575   544.99774]
  [   0.         0.     ]
  [1207.2345   450.74908]
  [1204.2137   559.78455]
  [   0.         0.     ]
  [1201.3152   680.3921 ]
  [1201.3374   680.39545]
  [1189.6711   839.4216 ]
  [1198.4281   962.94977]
  [1198.3931   680.37396]
  [1213.1608   848.1251 ]
  [1221.9884   995.3376 ]
  [   0.         0.     ]
  [1163.0072   362.5025 ]
  [   0.         0.     ]
  [1180.7777   365.61368]
  [1160.0884  1018.9285 ]
  [1174.8756  1024.831  ]
  [1236.7408  1010.02734]
  [1151.285    968.8228 ]
  [1160.0602   957.1303 ]
  [1207.1373   974.8104 ]]]