[[[715.7369  506.67627]
  [718.5438  533.219  ]
  [692.25854 530.4707 ]
  [689.1222  577.27094]
  [680.43256 618.5131 ]
  [756.9135  536.19867]
  [765.77625 580.39014]
  [748.0402  621.4048 ]
  [718.51544 621.50665]
  [695.261   621.48505]
  [695.054   677.4069 ]
  [694.95026 739.1568 ]
  [753.9527  624.47156]
  [742.14075 689.21344]
  [762.8469  756.8818 ]
  [703.9468  503.73788]
  [718.75226 503.7048 ]
  [695.3205  506.73703]
  [742.2015  503.82706]
  [736.2338  762.8877 ]
  [742.24457 765.6661 ]
  [771.5851  765.6181 ]
  [677.51025 748.0674 ]
  [674.52856 742.26697]
  [695.1448  742.1281 ]]

 [[621.4284  486.1948 ]
  [612.6581  521.3837 ]
  [577.47656 512.6099 ]
  [571.39325 556.896  ]
  [571.4861  601.07275]
  [645.01404 524.41956]
  [650.94775 568.5969 ]
  [650.98975 609.8027 ]
  [603.8402  606.83295]
  [586.2446  606.759  ]
  [583.21875 674.5433 ]
  [580.4488  742.0693 ]
  [624.42633 609.71454]
  [621.66815 677.4086 ]
  [618.5803  742.1269 ]
  [615.5995  483.13092]
  [624.4073  483.21747]
  [600.812   483.2672 ]
  [627.52106 486.1447 ]
  [615.65576 759.85175]
  [624.4472  756.93207]
  [612.6401  745.22473]
  [583.2295  759.89343]
  [577.2757  759.7571 ]
  [592.03705 742.35114]]]