[[[698.08374 362.43774]
  [736.2584  433.05887]
  [686.22217 433.15118]
  [671.43823 527.39484]
  [648.1132  606.79974]
  [786.19073 430.25754]
  [812.8133  527.4679 ]
  [742.1725  609.76917]
  [715.7843  642.06085]
  [674.6173  636.2665 ]
  [677.42596 786.27185]
  [691.99664 918.82623]
  [753.9543  642.177  ]
  [754.00037 789.2008 ]
  [745.15344 927.67316]
  [695.1331  344.89026]
  [718.53107 350.71405]
  [  0.        0.     ]
  [748.1199  365.4606 ]
  [709.80676 957.0443 ]
  [733.3652  957.17035]
  [759.78296 948.1695 ]
  [653.9579  951.02167]
  [647.9642  936.4401 ]
  [697.99445 933.49347]]]