[[[1001.3482   436.0282 ]
  [1048.2301   483.19626]
  [1042.3204   483.30927]
  [ 980.6928   524.32245]
  [ 906.99664  506.7883 ]
  [1051.3491   480.3683 ]
  [1071.9194   556.7975 ]
  [1021.76514  615.5869 ]
  [1062.9607   647.91394]
  [1071.9719   645.0212 ]
  [1101.2784   765.83215]
  [1145.5461   883.3946 ]
  [1045.4175   648.0416 ]
  [1001.2836   762.63837]
  [ 980.6014   871.67773]
  [1001.14514  427.28024]
  [1015.92303  430.08337]
  [   0.         0.     ]
  [1045.4342   432.9923 ]
  [ 983.62366  862.87427]
  [ 974.723    865.85864]
  [ 983.54645  883.4761 ]
  [1110.1382   903.9845 ]
  [1116.0496   898.20496]
  [1163.0693   895.24115]]

 [[1448.5372   365.43503]
  [1563.2698   347.8735 ]
  [1619.2681   344.83896]
  [1687.0746   480.34354]
  [1625.2097   556.812  ]
  [1495.796    353.68875]
  [1539.749    492.03998]
  [1504.4896   648.00275]
  [1610.4841   645.06555]
  [1660.6143   639.19836]
  [1684.1198   856.876  ]
  [1801.8918  1074.8635 ]
  [1557.4294   647.9718 ]
  [1480.9321   856.93756]
  [1483.9464  1027.6488 ]
  [   0.         0.     ]
  [1442.6721   347.75418]
  [   0.         0.     ]
  [1460.3282   318.35898]
  [1398.542   1024.6676 ]
  [1410.3191  1036.4781 ]
  [1498.5973  1048.267  ]
  [1801.7825  1074.8977 ]
  [1804.7786  1074.9276 ]
  [1816.5138  1074.8871 ]]

 [[ 789.3659   435.9655 ]
  [ 859.87524  480.10526]
  [ 906.9685   477.29077]
  [ 904.0533   577.4084 ]
  [   0.         0.     ]
  [ 812.8034   480.1961 ]
  [ 809.87714  586.19055]
  [ 774.59894  621.3936 ]
  [ 880.37744  692.2189 ]
  [ 912.96204  692.0853 ]
  [ 930.5924   836.4939 ]
  [ 965.83246  977.79126]
  [ 836.43585  695.14545]
  [ 792.3458   860.01825]
  [ 789.2183  1024.8113 ]
  [   0.         0.     ]
  [ 789.3169   427.20178]
  [ 856.88324  409.69293]
  [ 809.71326  415.54706]
  [ 795.1794  1074.8025 ]
  [ 789.28174 1074.833  ]
  [ 792.25555 1045.3575 ]
  [ 930.6009   977.5832 ]
  [ 936.5087   974.714  ]
  [ 974.63684  998.27203]]]