[[[486.15393 456.5573 ]
  [506.6361  486.17743]
  [468.5193  483.3125 ]
  [459.6661  542.0137 ]
  [462.5862  580.2711 ]
  [545.0066  489.02756]
  [574.3329  547.8591 ]
  [550.9413  598.1126 ]
  [506.66013 612.6793 ]
  [483.12067 612.66833]
  [486.23306 695.1498 ]
  [500.7362  774.5384 ]
  [530.2225  612.6617 ]
  [530.43243 695.204  ]
  [533.2355  786.2769 ]
  [483.2162  442.0682 ]
  [500.8313  444.9799 ]
  [  0.        0.     ]
  [521.4424  453.7556 ]
  [521.49347 798.15356]
  [530.32825 803.9299 ]
  [539.1401  789.42236]
  [483.2347  789.22437]
  [480.2915  786.3111 ]
  [503.90335 783.4267 ]]]