[[[786.4619  474.37128]
  [768.7621  506.76526]
  [739.2894  503.92108]
  [715.807   551.00165]
  [748.05273 577.4099 ]
  [809.8183  509.66092]
  [821.6387  556.7675 ]
  [812.93176 600.8478 ]
  [765.8735  612.65674]
  [745.1129  609.7707 ]
  [745.11334 692.2549 ]
  [742.3293  765.6679 ]
  [789.3502  615.5745 ]
  [789.2792  692.1653 ]
  [786.36664 765.6382 ]
  [783.38385 462.57867]
  [789.46094 462.7188 ]
  [762.8982  465.54672]
  [801.03503 477.18546]
  [789.3422  783.3898 ]
  [801.0753  777.4987 ]
  [780.4732  771.59735]
  [753.98285 786.2555 ]
  [742.1214  786.2033 ]
  [745.226   768.7556 ]]

 [[883.3885  483.3503 ]
  [880.5882  527.2632 ]
  [856.90515 527.31433]
  [839.3509  571.48706]
  [839.3722  612.7026 ]
  [912.87616 527.3396 ]
  [907.12024 583.30634]
  [901.1687  642.0174 ]
  [880.4339  621.60767]
  [859.8564  621.554  ]
  [857.0271  692.27124]
  [857.0415  762.7423 ]
  [906.978   633.3269 ]
  [918.78314 715.7824 ]
  [930.5748  789.4041 ]
  [871.67    483.1894 ]
  [886.4289  480.346  ]
  [859.8969  489.1671 ]
  [907.04486 483.17654]
  [904.0376  803.93713]
  [909.98114 807.0002 ]
  [942.328   806.87177]
  [836.47095 777.47876]
  [836.309   768.62195]
  [860.08954 765.7798 ]]]