[[[715.5783  506.59567]
  [715.61786 533.18616]
  [689.2442  533.1911 ]
  [668.50244 571.5442 ]
  [680.407   600.91754]
  [739.3373  533.1809 ]
  [765.6402  556.8481 ]
  [745.2381  592.10486]
  [715.6379  621.4083 ]
  [695.1104  621.4254 ]
  [695.25116 680.3815 ]
  [703.95483 739.2315 ]
  [733.2912  621.39905]
  [736.23724 677.50024]
  [739.0802  739.31854]
  [709.7549  503.6873 ]
  [715.8399  503.63275]
  [695.2305  503.91687]
  [724.49927 503.82224]
  [733.2975  754.016  ]
  [742.08527 753.96   ]
  [736.3448  742.25366]
  [698.12805 748.0415 ]
  [692.2342  742.33185]
  [712.7461  742.1235 ]]

 [[406.61624 486.18137]
  [391.94144 512.63403]
  [362.52048 509.66937]
  [338.9323  553.71216]
  [362.56982 550.7894 ]
  [430.1876  515.5431 ]
  [447.9293  553.88574]
  [433.29617 586.25836]
  [391.9358  606.8663 ]
  [371.30246 609.7166 ]
  [371.4142  680.4132 ]
  [377.29062 745.2187 ]
  [412.65277 606.81976]
  [415.622   677.4275 ]
  [430.21527 742.2135 ]
  [394.9431  483.08902]
  [409.64172 483.11548]
  [386.02417 483.05133]
  [412.68518 483.33548]
  [415.51572 762.6363 ]
  [433.0085  759.8614 ]
  [432.99557 748.07355]
  [377.24316 762.8907 ]
  [365.49695 762.77905]
  [385.95255 756.8458 ]]]