[[[ 621.58417  456.73227]
  [ 651.0412   500.84637]
  [ 648.0672   500.88495]
  [   0.         0.     ]
  [   0.         0.     ]
  [ 659.76733  497.89722]
  [ 692.05066  565.5554 ]
  [ 648.08417  630.3984 ]
  [ 653.91174  648.10364]
  [ 648.1272   648.1211 ]
  [ 636.2418   756.9115 ]
  [ 630.4181   856.8475 ]
  [ 659.79443  648.1367 ]
  [ 674.582    756.92017]
  [ 742.14276  865.79803]
  [ 618.4576   447.90945]
  [ 627.5289   444.93826]
  [   0.         0.     ]
  [ 656.84607  444.9518 ]
  [ 703.9645   895.2171 ]
  [ 718.6192   901.0204 ]
  [ 759.8884   877.5299 ]
  [ 627.43396  856.9832 ]
  [ 642.1606   857.05804]
  [ 642.08124  862.85846]]

 [[1033.6002   409.69528]
  [1110.1307   412.6873 ]
  [1160.0458   421.3957 ]
  [1213.2238   527.2241 ]
  [1216.0903   624.4724 ]
  [1057.1515   409.65048]
  [1065.8776   518.52716]
  [1018.80786  636.18555]
  [1121.9575   636.2465 ]
  [1157.1244   630.39594]
  [1089.5011   789.2444 ]
  [1083.6523   930.5151 ]
  [1095.4552   639.21027]
  [1118.8469   806.98944]
  [1227.8861   980.657  ]
  [   0.         0.     ]
  [1024.9077   397.85727]
  [   0.         0.     ]
  [1045.3259   380.21506]
  [1160.0626  1007.1565 ]
  [1174.8804  1018.82745]
  [1254.2208  1001.1956 ]
  [1024.8274   930.68835]
  [1030.6738   927.6547 ]
  [1095.4374   951.0407 ]]]