[[[889.3296  450.78635]
  [889.3403  503.86783]
  [851.13165 503.8742 ]
  [824.6337  571.43774]
  [856.8401  615.6222 ]
  [930.7293  503.92575]
  [951.104   562.61957]
  [951.0196  618.5489 ]
  [904.0209  633.3304 ]
  [877.5112  636.24634]
  [883.51917 742.25995]
  [898.1914  859.8116 ]
  [927.74036 630.4119 ]
  [933.49884 739.3029 ]
  [906.94507 827.4965 ]
  [880.60846 439.0472 ]
  [901.1635  436.25314]
  [862.9866  453.76926]
  [909.9796  450.84042]
  [921.69037 856.9691 ]
  [927.5067  845.2495 ]
  [903.9942  830.43976]
  [907.14764 886.4738 ]
  [892.2619  886.3954 ]
  [898.23944 865.86664]]

 [[386.18527 503.72464]
  [403.77496 512.6139 ]
  [365.60315 509.72852]
  [344.80457 550.9469 ]
  [368.39035 530.374  ]
  [433.23334 512.6917 ]
  [456.569   559.7185 ]
  [433.03833 597.8964 ]
  [392.06873 606.7664 ]
  [377.17148 603.96014]
  [377.2844  680.3967 ]
  [377.24197 745.23615]
  [412.70926 603.9836 ]
  [424.3094  674.58435]
  [430.17755 742.17944]
  [385.8972  497.85095]
  [389.16284 495.0181 ]
  [  0.        0.     ]
  [409.59406 489.1374 ]
  [415.45334 759.90546]
  [430.19794 759.84503]
  [430.2353  745.26447]
  [374.2386  762.8922 ]
  [365.4049  762.7678 ]
  [385.92004 756.88257]]]