[[[ 339.08466  359.61234]
  [ 321.32574  453.7282 ]
  [ 268.38416  453.7386 ]
  [ 271.23434  574.4576 ]
  [ 327.16983  671.51355]
  [ 383.0706   456.55057]
  [ 380.21402  544.9952 ]
  [   0.         0.     ]
  [ 333.08267  668.7084 ]
  [ 291.91934  671.5844 ]
  [ 274.22598  830.49915]
  [ 265.43484  980.66   ]
  [ 368.36707  668.70337]
  [ 341.94342  824.5617 ]
  [ 315.45956  974.8119 ]
  [ 318.49213  341.9799 ]
  [ 353.6948   344.842  ]
  [ 288.8658   359.55283]
  [ 365.36737  365.53418]
  [ 362.46835 1015.94556]
  [ 365.3921  1001.3246 ]
  [ 294.9042   998.1524 ]
  [ 321.40338 1001.1246 ]
  [ 318.4986  1004.2357 ]
  [ 268.3363  1001.129  ]]

 [[ 671.5856   318.25305]
  [ 718.60223  391.9676 ]
  [ 668.47076  394.88956]
  [ 653.8676   506.70267]
  [ 627.381    601.00696]
  [ 771.62036  389.13525]
  [ 810.0101   506.72876]
  [ 730.4548   601.0945 ]
  [ 698.0244   642.0604 ]
  [ 653.9187   633.331  ]
  [ 671.6165   809.92694]
  [ 692.1295   965.8311 ]
  [ 742.1477   644.9672 ]
  [ 745.21844  809.90717]
  [ 750.9936   971.72314]
  [ 668.60455  300.76453]
  [ 692.2154   306.60342]
  [   0.         0.     ]
  [ 736.2241   318.51828]
  [ 712.7018  1007.1224 ]
  [ 733.39185 1007.10315]
  [ 762.88617  986.5386 ]
  [ 645.1633  1001.35156]
  [ 642.16595  995.3566 ]
  [ 701.04364  980.60114]]]