[[[436.19464 459.7379 ]
  [459.56555 506.75677]
  [418.4733  506.63553]
  [412.5892  568.5066 ]
  [409.58884 612.71313]
  [500.8228  506.8157 ]
  [527.17377 574.3635 ]
  [489.0698  630.30396]
  [441.93814 642.16254]
  [415.44763 639.2114 ]
  [412.7047  739.26074]
  [412.63235 836.31946]
  [468.45425 645.008  ]
  [477.27985 739.382  ]
  [462.71048 836.31757]
  [436.04697 456.64874]
  [453.6538  456.76508]
  [  0.        0.     ]
  [477.29947 462.54913]
  [444.87555 856.9935 ]
  [459.68774 859.81714]
  [471.38068 845.1866 ]
  [409.4528  856.88043]
  [394.8991  851.0771 ]
  [424.27133 845.19006]]

 [[268.4408  474.29065]
  [221.2645  527.3925 ]
  [271.22073 527.31274]
  [291.92657 612.6511 ]
  [294.91772 659.748  ]
  [171.24567 527.41223]
  [153.68996 621.3841 ]
  [188.85666 665.59033]
  [218.35356 695.0704 ]
  [247.82144 695.0678 ]
  [241.8587  801.0939 ]
  [247.76913 907.08405]
  [174.20938 680.3611 ]
  [182.99055 792.25635]
  [197.55804 906.9942 ]
  [268.324   462.56754]
  [  0.        0.     ]
  [250.74103 468.4701 ]
  [203.63303 477.30667]
  [194.78929 924.6689 ]
  [180.11482 921.6884 ]
  [197.59357 924.6941 ]
  [297.78305 915.8341 ]
  [294.85947 921.7837 ]
  [244.68774 927.5415 ]]]