[[[359.61176 486.2332 ]
  [380.1824  503.88547]
  [342.05984 503.751  ]
  [339.11395 547.9324 ]
  [338.89478 583.28705]
  [409.70972 506.61218]
  [456.56284 542.05396]
  [436.20505 589.1032 ]
  [380.20245 603.9155 ]
  [362.35388 603.8775 ]
  [365.53668 683.32056]
  [374.2907  759.80005]
  [397.85846 603.9635 ]
  [391.90112 683.356  ]
  [386.19577 762.8428 ]
  [353.67014 483.13376]
  [362.63776 483.10324]
  [  0.        0.     ]
  [385.88766 480.0837 ]
  [362.47513 777.54974]
  [371.3588  783.3642 ]
  [389.0648  768.78174]
  [356.5704  774.5434 ]
  [350.7614  768.70667]
  [383.1033  765.6347 ]]

 [[268.0865  477.36154]
  [224.3511  524.3831 ]
  [268.45407 521.3804 ]
  [291.88602 577.31415]
  [288.8763  621.5095 ]
  [180.03487 521.496  ]
  [174.10703 583.23676]
  [177.08284 621.42957]
  [224.15042 645.1672 ]
  [247.79515 645.1159 ]
  [262.41116 718.7461 ]
  [253.68037 806.9122 ]
  [194.69266 645.0642 ]
  [197.75964 718.6307 ]
  [197.78996 806.90436]
  [265.26974 474.38232]
  [  0.        0.     ]
  [250.65201 477.31726]
  [221.29901 480.36206]
  [200.63644 809.7645 ]
  [191.78348 806.9063 ]
  [197.71594 812.98004]
  [256.5519  809.7792 ]
  [268.37177 809.96875]
  [250.6239  815.7372 ]]]