[[[ 580.335    383.18356]
  [ 606.81165  436.2342 ]
  [ 559.69836  436.12018]
  [ 547.925    521.4067 ]
  [ 530.42255  592.02936]
  [ 653.8919   436.26645]
  [ 686.25024  524.43945]
  [ 645.09326  598.1042 ]
  [ 594.97235  612.70605]
  [ 556.8841   612.67554]
  [ 574.4327   742.14716]
  [ 586.26215  857.0657 ]
  [ 621.6312   615.6181 ]
  [ 624.43665  742.108  ]
  [ 639.1209   859.97363]
  [ 577.2922   368.501  ]
  [ 597.95654  368.49988]
  [   0.         0.     ]
  [ 624.4005   385.99063]
  [ 606.77423  886.4176 ]
  [ 624.5588   886.52216]
  [ 645.1701   877.60767]
  [ 553.89014  886.4388 ]
  [ 550.9254   880.5676 ]
  [ 598.04395  868.7793 ]]

 [[ 330.1385   383.0298 ]
  [ 268.25684  450.7661 ]
  [ 327.18326  447.86234]
  [ 342.07803  565.572  ]
  [ 365.61407  642.1114 ]
  [ 200.73312  453.67163]
  [ 200.69127  556.75104]
  [   0.         0.     ]
  [ 268.30795  668.6588 ]
  [ 297.84308  671.5617 ]
  [ 306.64096  830.5125 ]
  [ 294.9868   989.3994 ]
  [ 227.20386  668.5279 ]
  [ 291.93018  818.74866]
  [ 303.68652  977.6337 ]
  [ 333.08987  365.43314]
  [   0.         0.     ]
  [ 315.33212  365.39722]
  [ 247.90054  368.39648]
  [ 386.07034  995.21576]
  [ 377.26413  980.71014]
  [ 274.27783 1004.1021 ]
  [ 383.09818  998.16956]
  [ 365.4721  1001.3533 ]
  [ 285.97342 1007.1649 ]]]