[[[500.8785  459.5212 ]
  [524.3839  494.90497]
  [483.29556 494.97287]
  [480.33362 550.85815]
  [480.19598 597.91644]
  [553.9137  489.06485]
  [580.3864  547.8713 ]
  [556.748   597.9801 ]
  [521.46893 606.8589 ]
  [500.79776 606.8513 ]
  [506.65698 695.1937 ]
  [518.543   780.39154]
  [542.10394 609.7036 ]
  [547.9422  695.132  ]
  [553.908   783.3046 ]
  [497.8561  453.78476]
  [506.69278 453.7802 ]
  [  0.        0.     ]
  [527.4595  456.61652]
  [542.0047  795.16644]
  [553.76605 795.1965 ]
  [559.73175 786.4129 ]
  [503.8722  792.3243 ]
  [500.85632 789.3346 ]
  [527.361   786.3201 ]]

 [[  0.        0.     ]
  [362.64667 506.89685]
  [409.45563 509.68637]
  [415.5555  583.322  ]
  [418.50858 642.05145]
  [318.39    506.79935]
  [309.55658 589.1329 ]
  [335.96167 627.4675 ]
  [362.35406 648.0306 ]
  [386.06787 648.0252 ]
  [388.94525 742.11273]
  [386.07916 830.5268 ]
  [321.30978 642.13324]
  [327.18588 727.47687]
  [338.97333 818.68536]
  [  0.        0.     ]
  [  0.        0.     ]
  [394.958   462.66275]
  [359.55093 459.65448]
  [427.24393 836.4703 ]
  [  0.        0.     ]
  [341.86707 833.42413]
  [427.3036  839.30206]
  [415.55447 845.2298 ]
  [380.18408 839.3772 ]]]