[[[586.1767  433.1626 ]
  [597.81226 483.23132]
  [550.8201  483.3011 ]
  [530.16205 547.8285 ]
  [533.32166 589.1814 ]
  [642.0597  483.1178 ]
  [668.5031  539.1636 ]
  [653.9362  571.47626]
  [600.78455 621.6414 ]
  [574.27094 624.4847 ]
  [577.353   733.32263]
  [595.0161  827.55505]
  [624.6377  621.5151 ]
  [647.9491  721.55475]
  [662.7736  827.532  ]
  [577.3565  427.23178]
  [597.92194 424.3589 ]
  [571.391   433.1784 ]
  [612.6844  433.13974]
  [668.60425 854.068  ]
  [680.3565  848.14874]
  [653.8849  836.2648 ]
  [574.2851  848.18353]
  [565.6319  839.3527 ]
  [600.942   833.57587]]

 [[271.4138  439.0398 ]
  [288.88058 486.1844 ]
  [230.08807 483.2809 ]
  [212.42255 553.8805 ]
  [  0.        0.     ]
  [341.8103  492.00748]
  [362.56006 574.3256 ]
  [368.51743 642.03595]
  [286.0235  668.4955 ]
  [247.64941 665.68494]
  [233.06065 789.2613 ]
  [221.30005 904.0209 ]
  [318.41736 668.51245]
  [318.3675  786.21454]
  [318.26544 889.4096 ]
  [265.37256 433.00464]
  [288.98544 430.25406]
  [247.78188 433.0709 ]
  [315.2533  432.97803]
  [362.42105 909.9625 ]
  [362.5704  904.10345]
  [303.69464 906.94635]
  [233.01096 930.5909 ]
  [218.26358 930.5442 ]
  [221.31317 907.1655 ]]]