[[[624.5533  483.16968]
  [644.93353 524.3471 ]
  [603.8115  512.6498 ]
  [556.8301  512.57733]
  [518.5069  500.8377 ]
  [677.4252  527.28394]
  [692.06976 580.38574]
  [671.47205 627.4451 ]
  [624.47455 645.09705]
  [600.8506  645.02924]
  [600.9184  730.44763]
  [601.0138  804.0596 ]
  [648.0464  647.9213 ]
  [651.04156 727.5395 ]
  [662.6716  809.7185 ]
  [621.5953  480.14703]
  [633.3258  480.0731 ]
  [  0.        0.     ]
  [651.04706 480.1874 ]
  [668.5831  827.4898 ]
  [674.6013  815.8742 ]
  [651.0673  812.7792 ]
  [580.42004 821.70306]
  [577.3025  812.90796]
  [612.69073 809.9677 ]]

 [[880.5891  427.31525]
  [910.0368  462.62506]
  [880.61273 471.4026 ]
  [868.79877 530.3619 ]
  [859.8543  577.45905]
  [948.17615 459.6963 ]
  [951.17584 533.3475 ]
  [889.32025 586.2346 ]
  [907.0245  612.70844]
  [883.40796 609.78595]
  [883.5464  718.6443 ]
  [886.3985  815.8018 ]
  [930.6264  612.73926]
  [945.3377  721.5459 ]
  [951.2296  827.51465]
  [880.5042  415.51202]
  [886.4353  415.44003]
  [  0.        0.     ]
  [918.8355  415.47925]
  [930.56    842.3445 ]
  [951.1508  845.22473]
  [954.024   833.5574 ]
  [880.65497 836.5259 ]
  [868.6997  836.2904 ]
  [898.2352  830.53687]]

 [[739.3352  456.81384]
  [765.8862  503.6779 ]
  [739.12524 503.9308 ]
  [721.63947 565.5795 ]
  [712.7861  621.4978 ]
  [806.836   497.95117]
  [842.306   539.14484]
  [836.3402  600.8394 ]
  [765.6857  624.4813 ]
  [742.1094  624.5297 ]
  [742.1373  718.6535 ]
  [745.2595  806.99725]
  [789.2205  624.4784 ]
  [789.3116  718.56915]
  [798.15454 809.7789 ]
  [739.173   453.76154]
  [745.11707 453.69193]
  [  0.        0.     ]
  [765.89105 456.59198]
  [786.383   830.38983]
  [795.2484  830.39136]
  [803.9463  812.86237]
  [721.6065  830.42834]
  [718.7379  818.70514]
  [759.90356 812.78503]]]