[[[ 907.1251   365.52646]
  [ 880.55005  436.01813]
  [ 818.7951   430.259  ]
  [ 786.246    515.5567 ]
  [ 857.10455  539.1387 ]
  [ 936.487    439.04367]
  [ 954.26996  527.20264]
  [ 951.07806  553.8606 ]
  [ 880.52295  618.6224 ]
  [ 836.4354   618.5989 ]
  [ 833.4821   762.7835 ]
  [ 830.36664  889.3423 ]
  [ 921.70264  621.42834]
  [ 907.12494  762.8216 ]
  [ 898.13556  883.46375]
  [ 901.0234   359.50726]
  [ 921.675    362.3626 ]
  [ 865.7725   365.4323 ]
  [   0.         0.     ]
  [ 901.1517   924.6019 ]
  [ 912.9499   915.8916 ]
  [ 883.44543  895.2326 ]
  [ 833.48596  927.51794]
  [ 812.90356  924.59357]
  [ 830.47644  904.0639 ]]

 [[1065.877    409.46213]
  [1068.7512   468.44525]
  [1012.9828   468.4967 ]
  [ 995.2014   550.95245]
  [1030.7118   618.545  ]
  [1118.8729   465.54465]
  [1136.5076   550.9456 ]
  [1095.4092   621.37067]
  [1063.0645   642.1668 ]
  [1024.7971   644.93085]
  [1042.293    774.58966]
  [1051.3462   889.37726]
  [1095.437    642.1168 ]
  [1118.9712   771.65906]
  [1136.5255   904.0698 ]
  [1048.1945   397.80286]
  [1071.7117   391.90054]
  [1027.6624   412.49435]
  [1086.6066   406.54462]
  [1139.4756   945.2039 ]
  [1145.5538   933.59845]
  [1124.7797   912.94305]
  [1030.6674   924.7128 ]
  [1024.6508   912.9826 ]
  [1068.7924   903.9755 ]]

 [[1145.3743   365.48532]
  [1216.094    439.07294]
  [1230.722    436.11398]
  [   0.         0.     ]
  [   0.         0.     ]
  [1210.2588   444.89926]
  [1213.1022   562.7083 ]
  [1183.731    668.553  ]
  [1198.416    689.14526]
  [1192.5612   689.192  ]
  [1192.6045   859.8381 ]
  [1195.5356   983.5135 ]
  [1201.3738   689.2505 ]
  [1213.1564   862.86816]
  [1221.9373  1018.88434]
  [   0.         0.     ]
  [1148.4363   359.53607]
  [   0.         0.     ]
  [1169.0582   362.6599 ]
  [1157.2332  1042.4418 ]
  [1171.9513  1048.2885 ]
  [1236.7246  1033.6345 ]
  [1151.346    992.3312 ]
  [1160.1154   980.67847]
  [1198.3866   998.2036 ]]]