[[[294.90158  468.48944 ]
  [315.35538  503.92218 ]
  [274.22363  503.8707  ]
  [265.36618  553.90643 ]
  [259.43948  600.9882  ]
  [344.91888  506.66867 ]
  [377.2176   556.7139  ]
  [342.0017   603.9559  ]
  [309.5343   621.5371  ]
  [286.01434  621.5119  ]
  [291.8561   706.8855  ]
  [294.75797  786.31195 ]
  [333.01328  621.59015 ]
  [335.9969   706.8544  ]
  [338.9882   786.2497  ]
  [294.74194  459.718   ]
  [309.46405  459.76227 ]
  [  0.         0.      ]
  [324.22125  465.53732 ]
  [324.2901   801.07776 ]
  [338.95483  798.09436 ]
  [338.9364   789.29865 ]
  [271.23685  806.8546  ]
  [268.40012  795.21326 ]
  [303.62735  792.2039  ]]

 [[  0.         0.      ]
  [130.1382   527.221   ]
  [177.12709  524.3785  ]
  [197.75227  598.04834 ]
  [200.5882   648.0639  ]
  [ 82.880424 524.37585 ]
  [ 71.164894 600.9327  ]
  [ 97.66571  633.281   ]
  [130.0235   668.52386 ]
  [162.35075  665.6963  ]
  [168.27744  745.09906 ]
  [159.46109  836.37225 ]
  [103.40607  668.5263  ]
  [103.46651  739.3343  ]
  [106.589905 836.32153 ]
  [174.05931  468.46582 ]
  [  0.         0.      ]
  [159.39696  474.3572  ]
  [121.17942  480.25647 ]
  [106.55434  839.2995  ]
  [103.47658  839.2993  ]
  [106.51909  853.93066 ]
  [147.64925  856.90076 ]
  [156.5396   856.9619  ]
  [156.45305  848.1539  ]]]