[[[ 580.2989   391.93668]
  [ 603.95386  453.66724]
  [ 559.71564  450.86227]
  [ 550.7787   530.3583 ]
  [ 536.1351   600.8737 ]
  [ 651.0691   450.78488]
  [ 686.29974  530.1499 ]
  [ 647.99725  601.0942 ]
  [ 597.85864  621.4515 ]
  [ 565.6202   621.4249 ]
  [ 577.3734   742.2677 ]
  [ 586.2171   859.90717]
  [ 624.4491   621.5043 ]
  [ 630.31934  745.1108 ]
  [ 633.3558   862.8857 ]
  [ 577.30865  386.0787 ]
  [ 597.8649   386.09412]
  [   0.         0.     ]
  [ 624.34045  391.91312]
  [ 603.8634   886.4988 ]
  [ 624.4472   889.41125]
  [ 644.9609   880.5187 ]
  [ 556.77057  889.3206 ]
  [ 550.94366  880.6754 ]
  [ 597.99243  877.4752 ]]

 [[ 338.91925  394.84558]
  [ 271.18243  459.71524]
  [ 333.1241   459.52283]
  [ 356.61862  574.2963 ]
  [ 365.62363  642.043  ]
  [ 206.55516  462.6928 ]
  [ 200.65485  586.1829 ]
  [ 209.44221  662.6757 ]
  [ 271.38104  677.47375]
  [ 315.27496  677.49347]
  [ 315.37097  833.3091 ]
  [ 309.55078  986.4705 ]
  [ 235.98076  677.47534]
  [ 300.67874  824.6342 ]
  [ 312.38013  977.73474]
  [ 338.89957  383.11285]
  [   0.         0.     ]
  [ 318.34164  383.15768]
  [ 265.3664   386.096  ]
  [ 389.04617  989.4609 ]
  [ 383.1575   980.5968 ]
  [ 285.91943 1007.1433 ]
  [ 386.14734  995.2643 ]
  [ 374.28348 1001.1145 ]
  [ 291.87738 1012.9863 ]]]