[[[ 948.28534  442.03204]
  [ 927.5387   486.1043 ]
  [ 883.3849   483.1832 ]
  [ 857.0985   547.96295]
  [ 909.9465   577.4728 ]
  [ 971.6705   486.21335]
  [ 980.5994   550.8493 ]
  [ 977.81146  600.94476]
  [ 927.6149   618.5542 ]
  [ 901.1272   618.5868 ]
  [ 901.1469   718.53064]
  [ 900.99896  812.783  ]
  [ 954.0221   618.5213 ]
  [ 954.1845   715.6659 ]
  [ 954.0022   809.9093 ]
  [ 933.5656   436.0537 ]
  [ 951.2325   436.03076]
  [ 910.04266  436.2517 ]
  [   0.         0.     ]
  [ 951.23486  833.3298 ]
  [ 965.8762   830.4217 ]
  [ 948.2341   818.6987 ]
  [ 904.1885   833.5605 ]
  [ 886.49347  833.54346]
  [ 901.17114  821.6339 ]]

 [[1054.1483   465.49933]
  [1066.013    509.62296]
  [1024.8403   509.63663]
  [1004.1863   571.4151 ]
  [1048.3804   553.8903 ]
  [1098.4758   506.86655]
  [   0.         0.     ]
  [   0.         0.     ]
  [1065.8829   633.26166]
  [1039.5052   630.428  ]
  [1027.7827   721.6668 ]
  [1042.3483   809.91614]
  [1089.5388   633.31793]
  [1095.4792   718.7727 ]
  [1116.0074   810.0049 ]
  [1048.1774   459.72278]
  [1065.9473   459.5294 ]
  [1039.4965   471.42105]
  [1071.9177   459.6595 ]
  [   0.         0.     ]
  [   0.         0.     ]
  [1115.8704   815.75   ]
  [1018.79645  830.5109 ]
  [1007.1062   818.7742 ]
  [1048.2349   815.80865]]

 [[   0.         0.     ]
  [1148.3439   503.7335 ]
  [1163.0808   500.86493]
  [1145.4076   571.5265 ]
  [   0.         0.     ]
  [1136.621    503.86972]
  [1121.9059   580.32025]
  [1115.8269   656.80975]
  [1154.2053   659.78436]
  [1163.1252   656.8754 ]
  [1142.6005   765.8694 ]
  [1163.0857   859.8611 ]
  [1142.4674   662.67993]
  [1157.1398   771.62305]
  [1163.1781   874.57947]
  [   0.         0.     ]
  [1109.9852   444.8986 ]
  [   0.         0.     ]
  [1118.9313   450.7946 ]
  [1119.0073   865.8268 ]
  [1133.6509   877.6068 ]
  [1168.9829   883.35614]
  [1127.7627   859.9204 ]
  [1136.5599   859.90076]
  [1174.8547   871.6757 ]]]