[[[803.9975  483.37802]
  [789.2682  518.452  ]
  [762.735   509.7907 ]
  [742.05524 553.80505]
  [765.7811  583.28033]
  [818.71185 521.4152 ]
  [833.389   556.8759 ]
  [815.7391  595.0284 ]
  [786.36786 601.0419 ]
  [765.77484 600.9662 ]
  [768.667   671.4641 ]
  [765.8452  739.17957]
  [806.92413 603.84766]
  [801.03467 671.44446]
  [789.4666  736.3007 ]
  [792.35114 480.37292]
  [809.756   483.08066]
  [786.18933 483.16702]
  [809.8039  483.2291 ]
  [798.1753  745.16   ]
  [812.7199  742.2573 ]
  [789.18195 742.11786]
  [774.60144 751.0026 ]
  [765.65265 748.14795]
  [768.648   742.209  ]]

 [[886.38995 503.67432]
  [883.5154  530.2705 ]
  [859.83777 527.4842 ]
  [842.2858  565.56757]
  [862.8323  580.3859 ]
  [915.8606  530.4427 ]
  [901.1547  577.3879 ]
  [880.4915  553.88104]
  [883.4693  615.6995 ]
  [859.97144 609.7762 ]
  [859.8968  671.5307 ]
  [859.9495  733.3013 ]
  [909.9608  624.4747 ]
  [921.67267 695.0247 ]
  [927.70654 762.6271 ]
  [880.6539  497.87067]
  [892.2836  497.8633 ]
  [874.6554  503.64832]
  [907.02747 503.71378]
  [898.17865 765.6337 ]
  [906.9742  765.80554]
  [930.7099  765.77106]
  [851.06604 745.23456]
  [842.3148  742.13275]
  [862.92145 739.1841 ]]]