[[[601.07336 486.1565 ]
  [598.0017  521.41046]
  [568.50354 518.5178 ]
  [547.8785  553.90576]
  [550.9047  592.07056]
  [624.6253  518.5639 ]
  [645.2119  553.73566]
  [648.08887 577.46185]
  [597.9331  606.8002 ]
  [574.5434  606.7637 ]
  [577.44037 674.50806]
  [574.5284  742.264  ]
  [618.5639  606.80853]
  [615.62305 674.5291 ]
  [603.9385  742.0616 ]
  [598.05444 483.11313]
  [609.7428  483.13702]
  [580.4188  486.13763]
  [618.5964  486.08337]
  [609.75507 759.73474]
  [621.56647 751.0237 ]
  [600.8936  745.21545]
  [586.2642  762.6468 ]
  [577.2746  762.70526]
  [574.49133 751.0324 ]]

 [[715.7563  506.71716]
  [718.7863  536.12994]
  [695.025   533.3367 ]
  [689.20746 577.2666 ]
  [689.23584 615.5825 ]
  [745.1715  536.1677 ]
  [765.8835  577.4837 ]
  [753.97876 618.5658 ]
  [718.6674  621.48425]
  [703.9236  621.4616 ]
  [697.9969  674.5912 ]
  [695.14026 739.1259 ]
  [739.12134 621.50995]
  [739.09827 677.45605]
  [736.2492  739.3593 ]
  [712.7419  503.78268]
  [718.6982  503.7251 ]
  [701.0393  506.6138 ]
  [733.3497  503.8347 ]
  [733.302   754.0137 ]
  [739.2232  751.0042 ]
  [733.3255  745.0831 ]
  [683.3105  745.2144 ]
  [674.57697 742.1454 ]
  [703.8891  742.1331 ]]

 [[  0.        0.     ]
  [827.577   533.27814]
  [854.0917  533.2691 ]
  [862.8857  592.10895]
  [860.0577  636.24945]
  [806.82184 533.26917]
  [  0.        0.     ]
  [  0.        0.     ]
  [821.729   639.1754 ]
  [839.325   642.03284]
  [833.46045 703.971  ]
  [833.40985 774.5636 ]
  [806.98193 639.1514 ]
  [809.90356 703.96124]
  [827.5197  786.27374]
  [  0.        0.     ]
  [  0.        0.     ]
  [833.42365 497.86182]
  [809.7051  500.78143]
  [806.9605  795.2216 ]
  [809.9384  798.1625 ]
  [833.3953  792.17645]
  [812.7712  789.38324]
  [812.9686  789.17633]
  [836.3919  786.28705]]]