[[[1018.74536  362.58557]
  [ 980.59094  433.0621 ]
  [ 924.6847   427.30243]
  [ 883.4093   515.6058 ]
  [ 959.95184  530.44586]
  [1045.3795   433.27298]
  [1068.7172   527.2483 ]
  [1045.4879   574.41364]
  [ 977.75134  621.60645]
  [ 939.4077   621.5488 ]
  [ 930.6708   765.8032 ]
  [ 930.44     903.9749 ]
  [1021.78784  624.4496 ]
  [1015.9296   765.79034]
  [1001.08594  901.0657 ]
  [1001.13715  350.73248]
  [1021.889    353.6943 ]
  [ 971.6807   362.4532 ]
  [   0.         0.     ]
  [1001.1427   930.66394]
  [1021.7425   930.4383 ]
  [ 992.37976  907.1215 ]
  [ 933.50964  933.4666 ]
  [ 915.83325  930.6225 ]
  [ 930.63385  912.9005 ]]

 [[1169.0706   392.01965]
  [1177.7472   462.5683 ]
  [1118.9326   465.49   ]
  [1095.5642   550.98456]
  [1142.4557   618.58154]
  [1233.7477   459.63425]
  [1254.3143   547.9481 ]
  [1212.9905   618.6218 ]
  [1171.9926   639.2263 ]
  [1139.4862   642.0789 ]
  [1142.651    786.268  ]
  [1165.9955   906.9342 ]
  [1213.0874   639.1864 ]
  [1236.5504   783.36444]
  [1248.4722   918.8173 ]
  [1162.9368   386.20935]
  [1183.7112   385.98746]
  [1142.3668   403.75073]
  [1195.4763   391.9218 ]
  [1257.358    959.98883]
  [1274.9069   954.0723 ]
  [1236.7789   930.5116 ]
  [1142.4669   939.45624]
  [1136.5676   930.60876]
  [1177.8535   915.8801 ]]

 [[1260.297    350.7062 ]
  [1336.7041   433.06348]
  [1351.5093   427.3058 ]
  [1304.3386   527.37854]
  [   0.         0.     ]
  [1327.8904   433.2403 ]
  [1310.285    574.4223 ]
  [1280.7644   689.141  ]
  [1336.7471   689.21344]
  [1345.5681   689.18823]
  [1327.8049   877.57025]
  [1327.7764  1012.99036]
  [1330.8942   692.0836 ]
  [1351.3555   880.5959 ]
  [1354.3679  1045.244  ]
  [   0.         0.     ]
  [1263.2592   338.99234]
  [   0.         0.     ]
  [1289.624    342.02606]
  [1301.4526  1048.2168 ]
  [1322.0328  1074.807  ]
  [1371.9741  1051.3029 ]
  [1277.795   1018.8901 ]
  [1280.8126  1010.0716 ]
  [1327.9911  1024.6239 ]]]