[[[280.0758  433.13434]
  [291.93262 474.38132]
  [232.97305 462.56894]
  [177.18811 480.21945]
  [147.60419 480.20517]
  [350.72226 480.2299 ]
  [368.51285 559.6814 ]
  [386.11478 636.19946]
  [274.21164 648.14935]
  [235.98772 648.04083]
  [227.08029 786.3232 ]
  [218.35477 912.89923]
  [318.23517 651.0434 ]
  [303.7016  783.36664]
  [291.95868 889.31714]
  [268.41568 415.48676]
  [294.71362 415.4711 ]
  [250.79279 412.59784]
  [318.49448 412.69247]
  [338.9735  909.9307 ]
  [339.01303 904.0919 ]
  [274.3236  904.16736]
  [215.3897  951.1103 ]
  [197.6361  945.29736]
  [221.27489 927.5879 ]]

 [[642.0629  412.631  ]
  [650.95197 462.70456]
  [609.7425  459.73694]
  [580.27356 527.3638 ]
  [553.80475 574.54895]
  [695.1553  471.40417]
  [721.5692  533.27747]
  [701.03687 574.54333]
  [644.9625  618.5068 ]
  [615.68774 615.58185]
  [580.29346 715.6837 ]
  [621.56104 801.0095 ]
  [668.67944 621.3975 ]
  [668.479   721.6632 ]
  [668.72076 830.4894 ]
  [627.51666 409.47495]
  [648.0153  409.4622 ]
  [624.47546 409.68304]
  [671.482   409.6857 ]
  [647.9266  856.9505 ]
  [668.5313  857.0273 ]
  [671.59973 836.3824 ]
  [597.88654 833.51794]
  [594.9862  827.58075]
  [630.3991  806.908  ]]]