[[[ 701.01526  506.69785]
  [ 715.7598   533.2079 ]
  [ 692.0425   533.16846]
  [ 674.50195  574.54474]
  [ 671.6417   618.4767 ]
  [ 742.16144  533.24866]
  [ 759.79254  574.42914]
  [ 756.8739   603.88324]
  [ 715.53015  618.5805 ]
  [ 694.9978   618.55176]
  [ 692.26624  674.6018 ]
  [ 695.0101   739.34644]
  [ 724.6186   618.6195 ]
  [ 733.34357  674.60596]
  [ 736.3406   742.14435]
  [ 695.25183  503.75797]
  [ 709.8399   503.71698]
  [ 695.13635  503.8389 ]
  [ 721.54114  503.75937]
  [ 733.35156  759.80316]
  [ 742.1034   756.8909 ]
  [ 733.40106  745.232  ]
  [ 689.10706  753.9855 ]
  [ 677.40204  745.2164 ]
  [ 698.13525  742.32764]]

 [[ 600.8892   509.7836 ]
  [ 595.04865  518.5156 ]
  [ 559.79626  509.77435]
  [ 533.2072   545.03925]
  [ 547.8956   580.41223]
  [ 621.6657   524.38806]
  [ 642.06335  559.749  ]
  [ 624.5143   597.9369 ]
  [ 580.2627   609.7767 ]
  [ 562.65497  606.8056 ]
  [ 551.0229   671.69165]
  [ 550.7771   739.37427]
  [ 600.87     615.61597]
  [ 601.0828   680.3469 ]
  [ 603.8492   742.1066 ]
  [ 597.9495   506.68774]
  [ 606.7713   506.7122 ]
  [ 580.3825   500.80762]
  [ 615.6628   503.63556]
  [ 606.8689   756.9456 ]
  [ 621.49554  753.90875]
  [ 600.96313  745.21924]
  [ 547.97437  759.9039 ]
  [ 533.3065   756.9378 ]
  [ 550.98175  742.3513 ]]

 [[   0.         0.     ]
  [ 951.0933   506.7169 ]
  [ 989.46826  506.6485 ]
  [1001.1945   580.333  ]
  [ 992.30255  624.4744 ]
  [ 906.9995   506.66592]
  [ 898.17633  577.34625]
  [ 883.4693   642.1202 ]
  [ 951.01904  647.9482 ]
  [ 974.7363   647.9629 ]
  [ 974.6996   739.208  ]
  [ 977.78424  803.999  ]
  [ 921.7028   647.90753]
  [ 918.847    754.008  ]
  [ 927.7151   851.0414 ]
  [   0.         0.     ]
  [ 901.14294  462.66122]
  [ 951.29913  456.81613]
  [ 909.9338   459.80518]
  [ 912.9216   842.2743 ]
  [ 907.06195  853.9684 ]
  [ 930.63745  859.8511 ]
  [ 989.4218   859.89026]
  [ 998.30994  856.9176 ]
  [ 977.7132   806.93695]]]