[[[539.0685  462.58713]
  [553.929   503.75735]
  [527.23645 503.75845]
  [515.5393  553.8264 ]
  [506.89087 600.8267 ]
  [592.0972  503.7445 ]
  [615.56494 553.88605]
  [583.3194  609.73694]
  [553.71234 618.6163 ]
  [530.2539  618.60754]
  [536.127   698.0834 ]
  [547.94763 783.33185]
  [574.5062  618.6029 ]
  [580.35565 698.0558 ]
  [595.016   786.22046]
  [533.25195 456.82996]
  [550.80115 459.54645]
  [  0.        0.     ]
  [571.47974 459.8179 ]
  [580.29517 801.05304]
  [595.0625  798.1119 ]
  [597.97156 789.28204]
  [530.2357  798.09015]
  [527.1933  789.375  ]
  [553.85144 789.1922 ]]

 [[  0.        0.     ]
  [389.06638 518.54144]
  [433.11792 521.4803 ]
  [450.8252  595.0028 ]
  [453.69318 644.9594 ]
  [347.8144  521.47363]
  [338.82095 594.93933]
  [365.3492  627.47156]
  [389.038   656.8534 ]
  [415.53842 653.87994]
  [418.44073 742.15045]
  [421.34177 833.30884]
  [362.4878  650.9156 ]
  [362.60822 733.34375]
  [368.37268 818.7536 ]
  [  0.        0.     ]
  [  0.        0.     ]
  [415.51642 474.3747 ]
  [383.045   474.38568]
  [362.47708 824.6412 ]
  [362.4874  824.605  ]
  [368.43124 833.4035 ]
  [456.7789  836.4574 ]
  [456.58582 842.2227 ]
  [418.40582 839.3745 ]]]