[[[789.23517 480.1449 ]
  [768.8171  509.78967]
  [739.2753  506.871  ]
  [715.79535 556.81165]
  [754.0056  583.3357 ]
  [809.9131  515.57385]
  [824.6519  568.6008 ]
  [812.8961  603.963  ]
  [768.67084 621.39984]
  [745.1878  618.6243 ]
  [748.11914 695.20215]
  [745.18933 771.6475 ]
  [789.4224  621.5036 ]
  [792.231   695.1646 ]
  [789.16156 768.78564]
  [786.18787 468.53192]
  [792.26904 471.41992]
  [762.93604 477.28568]
  [  0.        0.     ]
  [792.3212  789.26117]
  [807.00073 786.36206]
  [783.38654 783.34955]
  [759.90106 789.3792 ]
  [742.30316 789.3644 ]
  [748.13464 783.44403]]

 [[883.39233 491.99265]
  [883.3504  530.2692 ]
  [856.954   530.3455 ]
  [845.175   577.50977]
  [839.4267  624.43207]
  [912.94055 530.33417]
  [909.9594  586.212  ]
  [906.9745  644.93756]
  [883.395   627.41534]
  [862.95233 627.40173]
  [859.96594 700.9563 ]
  [859.8871  768.72626]
  [912.9251  642.12555]
  [927.6135  724.5175 ]
  [942.26636 806.90796]
  [874.70074 486.0909 ]
  [886.4475  483.30145]
  [860.0356  494.98444]
  [904.1699  489.0577 ]
  [906.9605  809.8953 ]
  [915.8494  812.85956]
  [951.07745 812.90216]
  [842.3335  786.33026]
  [839.27734 783.2976 ]
  [865.79895 780.5088 ]]]