[[[388.8731  503.79587]
  [406.6891  512.6373 ]
  [368.49734 509.7057 ]
  [344.86792 550.8945 ]
  [371.3498  533.2949 ]
  [435.99435 512.70374]
  [456.59705 559.77795]
  [433.0972  597.8444 ]
  [394.91605 603.96533]
  [377.2645  603.9208 ]
  [380.16418 677.52313]
  [380.13763 748.0762 ]
  [415.4739  606.76227]
  [424.30972 674.5799 ]
  [430.1041  742.2582 ]
  [385.9828  497.88013]
  [391.96027 500.74   ]
  [  0.        0.     ]
  [412.47635 492.07446]
  [415.45163 762.64197]
  [430.22415 759.8849 ]
  [427.3121  751.0257 ]
  [377.20956 762.93774]
  [365.49973 762.8265 ]
  [385.97623 756.9672 ]]

 [[833.57355 477.3202 ]
  [833.34296 524.2995 ]
  [792.2701  524.34814]
  [780.45184 571.54095]
  [795.1512  609.79047]
  [862.8768  518.5447 ]
  [880.4     565.57324]
  [874.61566 603.9858 ]
  [833.57776 627.42694]
  [812.83795 627.43726]
  [815.87555 715.5437 ]
  [830.3778  792.34393]
  [856.95874 627.4228 ]
  [853.91986 712.68945]
  [836.39014 786.30023]
  [830.4732  468.42508]
  [839.2836  468.45145]
  [812.85645 480.11942]
  [851.1119  480.1562 ]
  [842.3152  809.76764]
  [856.9373  804.0038 ]
  [833.5598  789.4401 ]
  [833.41205 815.7506 ]
  [815.8656  812.9686 ]
  [833.28357 809.72125]]]