[[[809.9057  456.66473]
  [792.2618  486.20258]
  [762.7826  483.28702]
  [739.37616 530.3217 ]
  [768.8068  553.9485 ]
  [833.29663 489.0684 ]
  [839.4236  539.0758 ]
  [833.42413 577.3912 ]
  [789.327   586.22424]
  [765.908   586.15735]
  [768.7499  668.4512 ]
  [768.7042  739.19934]
  [812.77936 589.1783 ]
  [812.75433 668.455  ]
  [809.9125  739.08386]
  [804.01624 447.90414]
  [812.86206 450.76566]
  [786.35425 453.78723]
  [815.75476 456.67273]
  [812.7485  753.919  ]
  [824.5813  745.2291 ]
  [806.8371  742.21814]
  [783.37305 756.9119 ]
  [765.81793 756.8841 ]
  [774.52094 742.20337]]

 [[907.0144  465.58023]
  [903.967   506.61603]
  [877.61566 506.6149 ]
  [860.0522  550.786  ]
  [871.7509  580.3624 ]
  [939.398   506.7802 ]
  [930.4591  562.7164 ]
  [907.0165  601.02655]
  [895.2876  597.9973 ]
  [880.4586  597.9224 ]
  [880.3962  668.6706 ]
  [880.4046  736.36884]
  [927.6093  609.7586 ]
  [939.41425 692.27435]
  [951.2021  765.77277]
  [898.23517 459.80917]
  [910.0473  459.74698]
  [883.5437  471.4098 ]
  [933.48364 465.55417]
  [918.7897  768.74243]
  [927.69806 780.4203 ]
  [957.01263 777.4877 ]
  [859.9949  751.0007 ]
  [857.0507  742.23987]
  [883.4407  742.15594]]]