[[[618.52686 483.3182 ]
  [601.0658  518.53125]
  [574.4431  512.6096 ]
  [553.7659  556.76544]
  [594.91455 571.4497 ]
  [639.12964 524.2781 ]
  [650.9051  556.86456]
  [630.3634  571.3911 ]
  [601.0162  603.9434 ]
  [580.43146 603.95264]
  [592.12067 674.5552 ]
  [595.0316  742.1519 ]
  [621.6544  603.9356 ]
  [621.4436  674.58636]
  [618.59    742.118  ]
  [606.8031  480.316  ]
  [621.5005  480.35532]
  [597.8351  483.20447]
  [624.46234 483.3203 ]
  [621.46265 759.7416 ]
  [624.5883  753.9602 ]
  [615.5737  748.0512 ]
  [597.9675  759.858  ]
  [586.2164  759.7829 ]
  [595.07654 748.0514 ]]

 [[712.7688  503.68445]
  [715.64844 533.1943 ]
  [691.9823  533.22797]
  [671.66296 574.47174]
  [677.4883  603.87396]
  [748.1229  539.06116]
  [751.0143  589.1046 ]
  [739.26373 624.3544 ]
  [706.9022  621.5478 ]
  [692.148   621.4755 ]
  [692.0821  674.59894]
  [692.19226 739.20483]
  [724.6054  624.3973 ]
  [721.60443 680.4415 ]
  [718.68134 739.2242 ]
  [698.17926 497.9277 ]
  [718.6039  494.98782]
  [695.06647 503.8107 ]
  [739.1966  503.74112]
  [  0.        0.     ]
  [  0.        0.     ]
  [715.73395 739.3592 ]
  [677.4813  753.9247 ]
  [674.5163  745.1004 ]
  [695.08765 742.1768 ]]]