[[[580.31165 471.44415]
  [630.3204  483.29977]
  [653.93695 483.22748]
  [691.991   547.9362 ]
  [683.29706 600.9325 ]
  [603.87506 483.27682]
  [589.1086  553.93665]
  [550.7703  598.113  ]
  [639.13776 606.8148 ]
  [653.96826 603.95306]
  [621.5771  698.0424 ]
  [595.08673 783.28   ]
  [618.6414  609.72485]
  [639.2089  700.97675]
  [668.68756 801.09644]
  [  0.        0.     ]
  [577.54205 459.63477]
  [  0.        0.     ]
  [597.96185 453.81406]
  [636.2121  809.88293]
  [642.15906 812.8524 ]
  [674.6274  809.9679 ]
  [556.85046 771.613  ]
  [571.41644 768.6497 ]
  [597.9581  789.3423 ]]]