[[[1469.1799   380.22626]
  [1566.249    439.0012 ]
  [1613.3125   433.27313]
  [   0.         0.     ]
  [   0.         0.     ]
  [1519.272    444.9882 ]
  [1498.6929   571.4217 ]
  [   0.         0.     ]
  [1586.8973   668.6656 ]
  [1628.0463   665.6657 ]
  [1648.757    836.3443 ]
  [1751.5795  1015.91455]
  [1545.6586   671.6305 ]
  [1519.1716   839.33545]
  [1489.6992   971.7396 ]
  [   0.         0.     ]
  [1475.0242   365.3433 ]
  [   0.         0.     ]
  [1516.3716   365.50467]
  [1436.8337   974.7051 ]
  [1439.7297   977.6085 ]
  [1472.0801   977.74774]
  [1704.6573  1054.2081 ]
  [1707.5696  1048.2942 ]
  [1775.1626  1024.8438 ]]]