[[[806.8565  459.50302]
  [789.42303 489.0941 ]
  [762.7254  486.09216]
  [739.3497  530.41003]
  [768.7465  556.80493]
  [827.5824  494.90344]
  [836.4008  539.13275]
  [833.416   577.3214 ]
  [789.26154 586.2315 ]
  [765.8886  586.1896 ]
  [768.6773  665.7099 ]
  [768.6493  739.1158 ]
  [809.986   589.1933 ]
  [809.9021  665.6336 ]
  [809.78625 736.24194]
  [792.34674 453.7911 ]
  [809.8573  453.7994 ]
  [786.1991  456.69366]
  [812.81024 456.70627]
  [812.7269  748.0837 ]
  [818.7398  742.3275 ]
  [801.10876 742.094  ]
  [783.3848  753.9298 ]
  [765.833   751.0782 ]
  [771.6221  742.10895]]]