[[[647.9884  247.64946]
  [692.00757 394.87302]
  [589.1761  389.11313]
  [568.52234 553.9252 ]
  [553.88794 527.3487 ]
  [786.3327  400.74408]
  [809.8477  586.1888 ]
  [745.1542  700.9482 ]
  [645.17914 736.2806 ]
  [580.2734  727.46515]
  [580.37787 968.79584]
  [  0.        0.     ]
  [712.7764  739.3146 ]
  [718.66455 971.7517 ]
  [  0.        0.     ]
  [642.12897 227.21632]
  [680.3416  227.20741]
  [  0.        0.     ]
  [739.2314  268.4305 ]
  [  0.        0.     ]
  [  0.        0.     ]
  [  0.        0.     ]
  [  0.        0.     ]
  [  0.        0.     ]
  [  0.        0.     ]]]