[[[1304.403    224.2393 ]
  [1248.4287   335.98682]
  [1145.3893   321.40256]
  [1074.7778   477.31964]
  [1213.1184   506.89096]
  [1351.338    341.8018 ]
  [1380.8853   494.97543]
  [1377.9392   621.5471 ]
  [1236.5756   648.07697]
  [1165.9912   648.0288 ]
  [1165.9965   883.6003 ]
  [1163.082   1074.8789 ]
  [1304.3032   648.10394]
  [1280.8419   883.5706 ]
  [1257.2006  1074.8774 ]
  [1280.9376   200.78917]
  [1319.1172   209.43387]
  [1227.8541   221.26707]
  [1330.9271   224.08649]
  [   0.         0.     ]
  [   0.         0.     ]
  [1257.3417  1074.9181 ]
  [1145.381   1074.8995 ]
  [   0.         0.     ]
  [1166.0109  1074.9059 ]]

 [[1613.3483   241.71973]
  [1628.1538   356.64624]
  [1513.3633   365.5379 ]
  [1469.1509   512.678  ]
  [1451.5923   648.176  ]
  [1748.828    339.07324]
  [1857.6995   430.24432]
  [1775.1807   489.1101 ]
  [1619.2666   695.1631 ]
  [1542.8679   692.1992 ]
  [1519.1744   918.75116]
  [1513.2548  1074.8864 ]
  [1698.7499   701.0108 ]
  [1681.0011   942.3359 ]
  [   0.         0.     ]
  [1586.7793   227.12674]
  [1628.1445   218.24992]
  [1545.7671   268.43335]
  [1657.5629   227.16591]
  [   0.         0.     ]
  [   0.         0.     ]
  [   0.         0.     ]
  [   0.         0.     ]
  [   0.         0.     ]
  [   0.         0.     ]]]