[[[739.2417  368.35574]
  [771.6882  439.11166]
  [721.67004 442.05322]
  [715.7207  542.0716 ]
  [694.9895  624.41235]
  [821.7137  436.26236]
  [856.85187 539.09326]
  [786.2028  621.56396]
  [762.66846 647.94495]
  [718.8015  645.13666]
  [727.43945 792.3372 ]
  [739.0866  930.5512 ]
  [792.26355 648.0969 ]
  [792.3369  801.07336]
  [792.3464  945.2901 ]
  [736.3121  362.43835]
  [756.8396  362.5591 ]
  [  0.        0.     ]
  [789.19824 377.2412 ]
  [756.8836  974.7757 ]
  [777.522   977.564  ]
  [809.7639  959.9829 ]
  [706.90875 960.04694]
  [695.14496 951.28467]
  [742.32886 951.04565]]]