[[[274.31186 447.91757]
  [294.82373 483.28253]
  [259.53195 483.18283]
  [247.69342 536.22327]
  [244.72658 577.427  ]
  [336.0167  486.09366]
  [362.46375 544.9848 ]
  [330.14682 594.95526]
  [291.8091  601.00665]
  [268.1944  600.9735 ]
  [271.2072  692.1035 ]
  [274.22363 768.7468 ]
  [315.38174 601.07007]
  [318.24332 692.04193]
  [333.0817  774.58093]
  [271.41922 436.25122]
  [291.72498 438.99756]
  [  0.        0.     ]
  [312.48727 444.97522]
  [321.31042 798.14746]
  [341.88852 789.3579 ]
  [330.16656 786.35803]
  [256.60553 789.36304]
  [247.76842 786.37177]
  [285.95728 786.26416]]]