[[[ 933.6392   438.9866 ]
  [ 921.6559   483.1432 ]
  [ 877.6325   480.35922]
  [ 854.0254   544.9374 ]
  [ 904.0764   577.29816]
  [ 959.97723  483.22894]
  [ 977.6641   545.0472 ]
  [ 977.55853  598.0087 ]
  [ 924.6515   612.65344]
  [ 892.3391   612.69073]
  [ 889.36975  715.7608 ]
  [ 886.4271   812.73096]
  [ 951.1      609.7882 ]
  [ 951.1086   715.5406 ]
  [ 948.1605   809.7843 ]
  [ 930.42426  433.10306]
  [ 948.10364  433.1461 ]
  [ 907.0183   433.29218]
  [   0.         0.     ]
  [ 939.4317   830.50507]
  [ 954.1831   827.56793]
  [ 936.4799   815.7776 ]
  [ 901.13995  833.4778 ]
  [ 883.42126  833.4357 ]
  [ 892.2714   818.7104 ]]

 [[1051.2462   462.54227]
  [1065.824    506.68515]
  [1021.9303   506.70648]
  [1001.22156  565.6461 ]
  [1051.2716   553.92865]
  [1110.145    503.86716]
  [   0.         0.     ]
  [   0.         0.     ]
  [1060.1179   633.2895 ]
  [1033.5786   633.25354]
  [1024.8214   724.55054]
  [1027.7826   810.0016 ]
  [1089.4565   633.36584]
  [1095.3613   721.601  ]
  [1113.0258   812.7296 ]
  [1045.3773   459.57413]
  [1062.9865   456.70184]
  [1033.5945   468.465  ]
  [1071.8081   456.8323 ]
  [   0.         0.     ]
  [   0.         0.     ]
  [1110.1173   815.7979 ]
  [1007.1047   833.3277 ]
  [1001.21356  824.6261 ]
  [1042.3988   815.8848 ]]

 [[   0.         0.     ]
  [1142.6184   500.78256]
  [1162.9403   492.0307 ]
  [1142.5289   553.93854]
  [   0.         0.     ]
  [1133.5892   503.7173 ]
  [1121.8236   580.4117 ]
  [1113.0184   653.8813 ]
  [1145.4867   659.79443]
  [1160.1787   659.7609 ]
  [1142.5148   771.6686 ]
  [1157.2438   862.8574 ]
  [1139.5751   659.8171 ]
  [1148.3312   774.5359 ]
  [1162.9442   880.45764]
  [   0.         0.     ]
  [1110.0293   436.23083]
  [   0.         0.     ]
  [1118.9858   442.02527]
  [1116.0067   874.5966 ]
  [1124.7754   880.54456]
  [1166.0446   886.4947 ]
  [1119.0511   862.8885 ]
  [1124.8431   862.9004 ]
  [1166.0308   877.6065 ]]]