[[[221.19923 433.26627]
  [221.21193 483.1339 ]
  [150.60452 483.11426]
  [100.47859 556.752  ]
  [ 85.82106 601.00916]
  [291.7931  483.10776]
  [312.4009  574.3405 ]
  [315.31772 645.09106]
  [224.32484 680.3465 ]
  [180.11761 680.4283 ]
  [194.67545 815.77905]
  [182.948   951.24915]
  [271.16428 677.4309 ]
  [268.45392 810.0055 ]
  [250.78668 912.94995]
  [203.56235 418.39563]
  [233.01129 415.59164]
  [185.91469 412.6492 ]
  [253.69125 412.65616]
  [300.75604 939.3553 ]
  [300.72775 930.5057 ]
  [241.83522 927.69507]
  [206.59392 977.7978 ]
  [185.92578 980.5945 ]
  [179.99014 962.90247]]

 [[630.3333  435.98117]
  [656.8698  480.0949 ]
  [621.5947  480.18146]
  [603.96515 544.91785]
  [559.7407  598.00574]
  [695.0214  477.27963]
  [739.1717  539.06165]
  [715.5662  597.8726 ]
  [668.5115  624.4413 ]
  [647.9288  624.52795]
  [674.4573  739.3293 ]
  [709.826   848.1121 ]
  [686.23254 624.40045]
  [648.1534  739.2233 ]
  [695.05493 848.2098 ]
  [624.39813 427.20935]
  [645.0247  427.22495]
  [  0.        0.     ]
  [668.7134  424.3569 ]
  [651.0485  883.40393]
  [671.56726 883.4641 ]
  [712.8085  857.0368 ]
  [668.5103  880.515  ]
  [665.5948  880.37146]
  [724.5093  857.0215 ]]]