[[[918.79266 477.31815]
  [930.5821  506.89465]
  [903.9852  509.6931 ]
  [889.3465  553.8173 ]
  [886.5208  595.0027 ]
  [968.7686  506.78998]
  [971.70624 556.7528 ]
  [948.2722  600.8519 ]
  [933.5485  601.04504]
  [910.05505 600.8857 ]
  [904.08966 668.4594 ]
  [904.0395  727.54504]
  [954.0741  606.8192 ]
  [959.98724 689.1627 ]
  [977.5515  762.6492 ]
  [907.1469  477.22687]
  [933.511   462.69986]
  [904.15894 480.3228 ]
  [951.13617 474.29596]
  [945.2351  765.77655]
  [954.13855 771.596  ]
  [980.7339  765.8827 ]
  [886.3928  742.25323]
  [883.5489  739.251  ]
  [906.96045 739.11115]]

 [[833.4444  459.66898]
  [821.70496 494.94708]
  [789.2921  486.20496]
  [765.8686  533.2442 ]
  [803.9659  559.6887 ]
  [856.9797  500.7491 ]
  [868.7574  547.8902 ]
  [859.9213  580.287  ]
  [815.8953  589.16693]
  [801.0702  589.0953 ]
  [803.9715  665.67145]
  [798.169   736.26733]
  [836.52826 592.0982 ]
  [836.5502  665.58704]
  [836.36676 733.3564 ]
  [830.38684 456.64346]
  [836.3909  456.73938]
  [812.7609  456.80893]
  [839.4487  459.6889 ]
  [842.33923 745.0866 ]
  [856.8722  742.182  ]
  [833.3784  739.23755]
  [812.7295  748.09937]
  [798.1419  748.08856]
  [801.051   739.33044]]]