[[[338.80896 480.067  ]
  [291.97678 506.629  ]
  [277.1702  491.99057]
  [339.00455 527.3151 ]
  [386.05374 550.9697 ]
  [303.70172 509.76675]
  [362.51617 553.7421 ]
  [389.04276 577.33276]
  [274.2402  665.6335 ]
  [268.34518 665.6941 ]
  [280.14902 768.6419 ]
  [271.19696 874.5862 ]
  [288.94885 665.65125]
  [285.97488 765.7476 ]
  [277.1837  857.1031 ]
  [324.23975 459.80847]
  [341.90097 465.54752]
  [294.87268 459.68066]
  [  0.        0.     ]
  [324.25797 865.8146 ]
  [318.353   859.92395]
  [271.25638 868.71423]
  [315.44733 880.5358 ]
  [300.76093 886.3912 ]
  [265.34262 883.4317 ]]

 [[621.45166 462.63876]
  [639.1193  506.88724]
  [598.064   506.842  ]
  [577.54565 562.6944 ]
  [577.4161  612.7055 ]
  [671.7201  509.64056]
  [695.2287  562.61487]
  [  0.        0.     ]
  [642.004   627.5018 ]
  [609.7898  630.3107 ]
  [597.94366 721.54065]
  [597.84814 809.80084]
  [665.7191  627.50885]
  [671.483   718.7237 ]
  [674.5924  806.8798 ]
  [615.6385  459.54776]
  [624.59515 459.50977]
  [  0.        0.     ]
  [648.0077  459.7388 ]
  [686.2621  827.55457]
  [689.2457  818.79645]
  [671.64545 812.7877 ]
  [580.30396 827.6016 ]
  [574.38495 818.7556 ]
  [600.90497 812.94025]]

 [[683.3545  433.23648]
  [748.1372  439.09402]
  [777.4872  439.14252]
  [812.8434  527.2966 ]
  [786.364   550.8957 ]
  [721.5562  439.0457 ]
  [739.3796  527.4694 ]
  [700.9716  597.9646 ]
  [771.6527  612.6781 ]
  [801.08093 606.86346]
  [789.2817  739.3003 ]
  [795.241   859.8893 ]
  [745.238   615.621  ]
  [721.5679  756.83765]
  [727.5379  883.4795 ]
  [  0.        0.     ]
  [683.3103  418.42935]
  [  0.        0.     ]
  [698.07166 409.55276]
  [680.3774  901.0159 ]
  [692.1054  904.0772 ]
  [739.35785 901.12787]
  [762.81573 860.0377 ]
  [765.7951  859.8377 ]
  [809.7358  877.46875]]]