[[[ 436.19217  277.14972]
  [ 427.19153  403.68884]
  [ 321.31595  388.90558]
  [ 250.77536  530.3986 ]
  [ 341.99698  630.332  ]
  [ 524.4549   412.66943]
  [ 509.7635   553.71936]
  [   0.         0.     ]
  [ 421.40756  715.7947 ]
  [ 359.56363  715.7083 ]
  [ 312.52173  951.16077]
  [   0.         0.     ]
  [ 486.11755  718.6552 ]
  [ 456.71625  945.23474]
  [ 430.2644  1074.8977 ]
  [ 415.54877  265.37616]
  [ 459.6742   268.3489 ]
  [ 385.94803  288.89444]
  [ 486.18896  294.92065]
  [   0.         0.     ]
  [   0.         0.     ]
  [   0.         0.     ]
  [   0.         0.     ]
  [   0.         0.     ]
  [   0.         0.     ]]]