[[[197.67389 435.99637]
  [180.07027 483.0779 ]
  [112.41703 483.19513]
  [ 82.97398 597.89825]
  [106.47647 671.56573]
  [247.79294 480.16705]
  [271.40613 574.2947 ]
  [280.1656  645.2024 ]
  [200.67397 689.2349 ]
  [156.57384 692.19434]
  [162.38087 827.56866]
  [168.25455 957.11536]
  [244.86652 686.21625]
  [268.40115 809.76086]
  [250.70367 930.6065 ]
  [177.21204 418.4176 ]
  [209.48901 415.60098]
  [153.47394 412.57898]
  [227.2131  412.5263 ]
  [315.3084  951.27277]
  [312.3867  945.33057]
  [238.88257 951.06964]
  [185.90146 989.4472 ]
  [162.39644 989.488  ]
  [168.23767 974.5869 ]]

 [[601.01434 436.2177 ]
  [665.6931  474.34158]
  [674.46765 468.43744]
  [674.56323 550.91797]
  [  0.        0.     ]
  [650.9357  477.3171 ]
  [686.2236  550.9758 ]
  [627.53864 618.5831 ]
  [683.3476  645.01337]
  [698.03796 642.10724]
  [695.0992  754.     ]
  [712.815   856.92346]
  [668.4744  645.1616 ]
  [668.6891  768.7426 ]
  [715.7369  898.2289 ]
  [600.7902  432.98593]
  [612.7375  430.18585]
  [  0.        0.     ]
  [645.15704 421.44797]
  [674.6011  907.05316]
  [689.1292  918.78827]
  [727.4529  907.06915]
  [668.5609  868.7999 ]
  [671.5552  862.89325]
  [721.5481  859.9185 ]]]