[[[412.58987 471.47913]
  [397.85684 506.79102]
  [359.56107 503.8399 ]
  [303.61362 503.75568]
  [253.64177 483.26874]
  [436.25064 512.61816]
  [453.73944 574.43536]
  [435.98508 615.6695 ]
  [386.1669  630.36035]
  [362.3992  627.48334]
  [359.468   715.814  ]
  [359.50006 789.4182 ]
  [412.57755 633.3484 ]
  [412.62338 715.6471 ]
  [415.49918 789.2504 ]
  [406.66205 462.54935]
  [415.4867  459.7768 ]
  [383.04733 471.42734]
  [  0.        0.     ]
  [424.30994 809.812  ]
  [436.03473 806.91003]
  [412.45425 795.25665]
  [330.13022 810.00696]
  [324.24768 806.9478 ]
  [362.65002 803.955  ]]

 [[506.80002 444.9196 ]
  [530.158   495.01175]
  [492.08374 500.74564]
  [480.1299  551.01587]
  [465.5158  598.11383]
  [568.5898  492.01294]
  [583.28705 550.9828 ]
  [553.9832  600.8125 ]
  [527.20654 618.5752 ]
  [503.62518 618.617  ]
  [503.7696  706.84393]
  [506.85553 789.29553]
  [550.75256 618.56226]
  [553.71277 698.14276]
  [559.7589  786.47565]
  [506.71268 436.18637]
  [518.4847  436.14685]
  [  0.        0.     ]
  [542.00653 444.93225]
  [547.9633  809.803  ]
  [556.79    809.82947]
  [568.51074 792.29425]
  [483.17847 812.71515]
  [480.31522 809.7126 ]
  [521.466   795.2632 ]]

 [[645.0229  424.3488 ]
  [674.5523  462.61996]
  [642.15283 465.54034]
  [624.5292  527.4391 ]
  [624.60565 571.49084]
  [715.74286 462.53616]
  [721.66425 530.3059 ]
  [668.5611  574.5136 ]
  [671.51056 603.8411 ]
  [645.16516 603.8233 ]
  [651.0102  703.9435 ]
  [662.7503  798.16425]
  [695.1615  603.8102 ]
  [703.93353 706.83154]
  [715.54346 803.96594]
  [644.9351  412.69946]
  [648.1265  412.61688]
  [  0.        0.     ]
  [677.40497 415.49304]
  [695.0485  818.7572 ]
  [712.81506 818.80084]
  [715.6195  812.70026]
  [645.16925 821.71045]
  [639.1478  812.993  ]
  [671.43713 809.9403 ]]]