[[[1286.7869   197.55128]
  [1233.7446   315.34302]
  [1127.7231   306.59753]
  [1063.0327   459.7203 ]
  [1210.0558   494.97394]
  [1333.8773   318.33136]
  [1375.0928   480.2541 ]
  [1377.9635   603.84924]
  [1233.7916   642.164  ]
  [1163.142    642.1491 ]
  [1166.1418   883.4898 ]
  [1166.017   1074.8785 ]
  [1304.3348   642.1126 ]
  [1283.733    883.5029 ]
  [1260.3552  1074.8762 ]
  [1263.2192   174.16026]
  [1304.4106   177.132  ]
  [1210.0259   197.56673]
  [   0.         0.     ]
  [   0.         0.     ]
  [   0.         0.     ]
  [1263.1061  1074.9159 ]
  [1145.5168  1074.9005 ]
  [   0.         0.     ]
  [1168.9891  1074.9077 ]]

 [[1657.5869   200.70996]
  [1657.4075   336.0566 ]
  [1536.8694   347.7608 ]
  [1492.7112   500.8377 ]
  [1475.1638   647.9342 ]
  [1778.2631   318.39838]
  [1892.884    412.559  ]
  [1810.6559   480.19257]
  [1657.4163   692.07983]
  [1569.3219   683.3438 ]
  [1542.7643   927.63885]
  [1533.9353  1074.891  ]
  [1734.1249   695.1274 ]
  [1713.5327   951.22473]
  [   0.         0.     ]
  [1622.212    197.61824]
  [1669.3804   182.95073]
  [1581.0449   244.72926]
  [1695.8093   200.7445 ]
  [   0.         0.     ]
  [   0.         0.     ]
  [   0.         0.     ]
  [   0.         0.     ]
  [   0.         0.     ]
  [   0.         0.     ]]]