[[[386.208   503.7554 ]
  [406.5948  512.6251 ]
  [368.35986 509.73245]
  [342.08432 550.9435 ]
  [365.59973 533.1964 ]
  [435.9718  512.6744 ]
  [456.57617 562.6085 ]
  [433.12527 597.8733 ]
  [394.91452 603.97974]
  [377.25443 603.94104]
  [380.10593 677.50903]
  [380.09247 748.1224 ]
  [415.47714 606.7674 ]
  [424.33517 674.53265]
  [430.14874 742.25104]
  [385.92218 497.8907 ]
  [389.18542 497.87222]
  [  0.        0.     ]
  [409.6637  489.14612]
  [415.43927 762.6383 ]
  [430.16302 759.8961 ]
  [430.14417 750.9853 ]
  [377.21674 765.6054 ]
  [365.50806 762.838  ]
  [385.9419  759.7591 ]]

 [[892.324   439.033  ]
  [886.378   500.81512]
  [842.3297  500.738  ]
  [815.9054  556.76013]
  [839.3998  603.94977]
  [930.5892  500.84995]
  [948.1745  556.8221 ]
  [930.7464  615.5641 ]
  [886.5332  630.3078 ]
  [860.084   630.3303 ]
  [871.6673  739.1226 ]
  [877.62683 842.2583 ]
  [918.75    627.51373]
  [907.0793  739.36584]
  [892.3124  833.3779 ]
  [883.39465 433.26657]
  [903.9713  433.24146]
  [865.8847  442.03885]
  [909.992   441.9961 ]
  [906.91144 859.87384]
  [912.8842  856.9098 ]
  [886.4803  839.2958 ]
  [883.3821  874.63007]
  [865.8009  871.72656]
  [880.4891  856.91064]]]