[[[868.7491  494.91986]
  [880.43744 530.32434]
  [851.08905 530.25037]
  [833.5474  577.31903]
  [827.51544 621.61536]
  [924.60583 530.3797 ]
  [927.697   595.0269 ]
  [921.70386 644.9904 ]
  [877.5251  627.4733 ]
  [856.8376  627.4507 ]
  [842.34106 700.9927 ]
  [848.1272  783.4096 ]
  [889.4256  627.5253 ]
  [904.0887  698.14105]
  [907.08575 780.4559 ]
  [860.01746 486.1468 ]
  [886.3856  483.31055]
  [856.9772  494.99295]
  [906.99335 489.0829 ]
  [  0.        0.     ]
  [  0.        0.     ]
  [907.04504 786.2335 ]
  [830.4898  795.2013 ]
  [818.7521  789.2937 ]
  [856.91486 789.2929 ]]

 [[765.8469  477.32623]
  [759.77075 509.77808]
  [718.5638  506.8324 ]
  [695.03143 556.77905]
  [736.2105  586.2373 ]
  [789.4446  512.62585]
  [809.86676 562.6993 ]
  [801.03094 603.97363]
  [748.12775 621.44763]
  [727.44257 621.3625 ]
  [730.4701  701.0104 ]
  [727.4295  786.2716 ]
  [768.8173  621.5577 ]
  [768.7963  701.05743]
  [765.8017  783.4153 ]
  [762.8042  465.57584]
  [774.5424  468.4284 ]
  [742.2471  474.38824]
  [783.43604 477.29773]
  [771.61536 798.0675 ]
  [786.34796 792.25305]
  [762.7551  789.22723]
  [736.3622  804.04663]
  [718.8132  803.99274]
  [733.33765 789.3276 ]]]