[[[ 312.41934  435.97913]
  [ 268.3942   483.11008]
  [ 221.24222  480.20575]
  [ 180.12111  598.0008 ]
  [ 224.34402  668.6708 ]
  [ 315.48056  483.32855]
  [ 338.956    577.3644 ]
  [ 365.4088   650.9421 ]
  [ 277.13968  686.3211 ]
  [ 247.62163  692.05115]
  [ 268.28824  821.65216]
  [ 268.22638  977.7823 ]
  [ 312.53964  680.42004]
  [ 309.4633   815.8027 ]
  [ 274.20718  951.0259 ]
  [ 294.75613  415.5613 ]
  [ 318.52698  421.32922]
  [ 259.45526  412.47217]
  [   0.         0.     ]
  [ 330.15594  957.06274]
  [ 321.37375  951.07654]
  [ 259.47562  957.1053 ]
  [ 321.27045  986.4556 ]
  [ 303.6662  1001.10254]
  [ 250.70303 1001.17377]]

 [[   0.         0.     ]
  [ 647.9451   444.90988]
  [ 718.55273  439.02832]
  [ 765.6472   539.17224]
  [ 804.0436   624.56354]
  [ 577.35986  447.88498]
  [ 536.15717  550.8489 ]
  [ 574.3507   609.7677 ]
  [ 665.6195   662.7087 ]
  [ 709.7584   659.74664]
  [ 718.64923  812.72064]
  [ 718.8199   959.98566]
  [ 621.3914   665.6358 ]
  [ 601.0766   809.77563]
  [ 574.4305   939.39667]
  [   0.         0.     ]
  [   0.         0.     ]
  [ 668.5886   374.31332]
  [ 603.8151   386.02164]
  [ 571.53735 1030.6478 ]
  [ 559.6754  1024.7859 ]
  [ 571.4267   957.1085 ]
  [   0.         0.     ]
  [   0.         0.     ]
  [ 718.6362   977.7498 ]]]