[[[771.5935  480.29663]
  [762.697   515.598  ]
  [718.8203  509.69788]
  [695.27356 559.7649 ]
  [739.3168  594.9814 ]
  [792.3611  518.51654]
  [812.73114 568.51733]
  [806.887   606.8477 ]
  [759.7791  621.57837]
  [736.24976 621.5239 ]
  [739.1377  709.74994]
  [736.22156 786.3958 ]
  [780.48517 621.6471 ]
  [783.33777 706.9182 ]
  [768.8086  786.2052 ]
  [765.67737 477.1765 ]
  [783.3012  477.23892]
  [745.22095 480.11908]
  [786.4057  480.1631 ]
  [774.62604 804.0492 ]
  [789.25006 798.1016 ]
  [765.7256  789.26605]
  [739.3101  806.9756 ]
  [724.56885 806.90643]
  [739.09174 792.1794 ]]

 [[860.076   500.8194 ]
  [880.5523  533.2923 ]
  [853.9717  530.4607 ]
  [836.3553  577.5573 ]
  [833.43604 624.6074 ]
  [924.64374 536.1997 ]
  [930.4461  598.08484]
  [921.7308  648.10645]
  [880.3741  633.2689 ]
  [856.9902  633.2645 ]
  [853.9841  709.8365 ]
  [853.9557  783.4328 ]
  [901.13745 636.2342 ]
  [907.0581  715.60657]
  [907.20294 786.37537]
  [857.12195 492.03036]
  [871.72156 491.97092]
  [  0.        0.     ]
  [895.2982  497.88446]
  [  0.        0.     ]
  [  0.        0.     ]
  [907.1998  789.2445 ]
  [836.31476 801.0303 ]
  [830.5271  789.4659 ]
  [857.02234 789.24286]]]