[[[ 562.69257  250.63333]
  [ 624.39966  353.73102]
  [ 553.7446   362.45203]
  [ 544.93146  494.93863]
  [ 521.3845   609.7449 ]
  [ 695.0715   344.87378]
  [ 756.951    486.1525 ]
  [ 683.32733  621.3593 ]
  [ 601.0162   642.1172 ]
  [ 553.7432   636.2763 ]
  [ 586.1943   856.9307 ]
  [ 601.0949  1045.418  ]
  [ 653.9013   645.01   ]
  [ 671.46674  854.0777 ]
  [ 674.5062  1054.2096 ]
  [ 556.7768   238.8845 ]
  [ 592.06506  241.73062]
  [   0.         0.     ]
  [ 644.9857   256.58728]
  [ 648.009   1074.8348 ]
  [ 674.5493  1074.8916 ]
  [ 677.4861  1074.8411 ]
  [ 574.38324 1074.8387 ]
  [ 559.7071  1057.1763 ]
  [ 621.4073  1074.81   ]]]