[[[ 280.16602   280.0537  ]
  [ 274.19366   389.09274 ]
  [ 180.06792   383.13495 ]
  [ 127.07828   465.5459  ]
  [   0.          0.      ]
  [ 365.5948    406.6421  ]
  [ 365.4171    524.3153  ]
  [   0.          0.      ]
  [ 291.72522   674.5224  ]
  [ 227.07964   674.5075  ]
  [ 185.91046   883.54126 ]
  [ 132.90543  1074.853   ]
  [ 344.95096   677.4627  ]
  [ 318.44818   880.3983  ]
  [ 283.06216  1051.3402  ]
  [ 259.5117    268.27338 ]
  [ 297.72067   268.25427 ]
  [ 224.13023   291.89615 ]
  [ 321.3308    294.74667 ]
  [ 283.0767   1074.8915  ]
  [ 312.43246  1074.8578  ]
  [ 268.267    1074.8214  ]
  [ 121.186584 1074.8558  ]
  [   0.          0.      ]
  [ 135.92827  1074.9012  ]]

 [[ 709.8032    221.10043 ]
  [ 768.6949    318.52765 ]
  [ 698.0108    336.04108 ]
  [ 692.0692    480.16763 ]
  [ 668.4813    597.97375 ]
  [ 839.3298    315.398   ]
  [ 906.99524   459.80334 ]
  [ 833.3365    603.8954  ]
  [ 748.0775    633.28375 ]
  [ 695.1552    627.4341  ]
  [ 733.3794    857.05505 ]
  [ 745.17114  1051.2338  ]
  [ 804.05347   636.24915 ]
  [ 815.85266   860.0017  ]
  [ 824.6048   1074.8285  ]
  [ 701.013     200.68085 ]
  [ 736.19556   200.70757 ]
  [   0.          0.      ]
  [ 789.207     224.05658 ]
  [ 804.00665  1074.9066  ]
  [ 824.6024   1074.9312  ]
  [ 830.44415  1074.8735  ]
  [ 721.6293   1074.8666  ]
  [ 712.7939   1074.8296  ]
  [ 759.8873   1074.8583  ]]]