[[[812.9044  468.4842 ]
  [801.0686  503.73425]
  [765.83734 500.856  ]
  [748.06396 547.87256]
  [786.39996 574.27374]
  [833.35803 503.84662]
  [848.11865 547.9522 ]
  [830.48395 571.54877]
  [801.01605 597.89056]
  [783.3754  597.84045]
  [783.3059  671.4651 ]
  [774.568   739.3389 ]
  [815.8138  597.925  ]
  [815.7557  668.6952 ]
  [812.8412  739.25134]
  [809.88947 459.74545]
  [818.70056 462.5534 ]
  [789.3703  462.57056]
  [  0.        0.     ]
  [821.6904  751.08716]
  [833.45087 745.20886]
  [809.8576  742.3188 ]
  [786.42773 756.9134 ]
  [774.5822  756.8919 ]
  [777.49854 742.3069 ]]

 [[918.7699  480.18484]
  [912.9623  518.5486 ]
  [883.48663 524.2977 ]
  [871.71686 556.7538 ]
  [860.0848  595.0911 ]
  [951.16907 518.4629 ]
  [962.96954 574.39374]
  [942.2948  609.77673]
  [918.7755  615.657  ]
  [889.39905 606.87726]
  [880.5514  671.5036 ]
  [880.45197 733.3897 ]
  [933.5418  615.693  ]
  [945.23267 695.0334 ]
  [951.28796 762.8429 ]
  [889.3921  480.3675 ]
  [921.75244 474.38828]
  [883.4007  486.1166 ]
  [951.0114  480.31656]
  [924.649   768.6244 ]
  [933.52563 771.6746 ]
  [954.2559  768.7068 ]
  [868.80145 748.10034]
  [862.8849  742.2214 ]
  [883.3409  739.2615 ]]]