[[[341.81677  480.25687 ]
  [359.5489   506.88687 ]
  [318.4231   506.8924  ]
  [312.46088  562.73016 ]
  [303.7088   627.42645 ]
  [389.06845  506.80304 ]
  [432.98367  550.8497  ]
  [412.66757  598.024   ]
  [359.60007  615.63696 ]
  [338.8335   618.48773 ]
  [338.96286  692.1643  ]
  [359.54022  762.9045  ]
  [383.08676  615.5676  ]
  [386.09854  689.1506  ]
  [397.84848  765.69354 ]
  [338.8866   474.3977  ]
  [344.95325  474.39395 ]
  [338.93295  477.26575 ]
  [365.45172  477.35422 ]
  [371.29675  786.35925 ]
  [388.9143   786.40643 ]
  [406.70612  771.66815 ]
  [342.0271   783.45013 ]
  [341.86304  780.43945 ]
  [365.38086  768.6539  ]]

 [[244.72801  483.2255  ]
  [224.24812  527.43414 ]
  [268.33353  527.35974 ]
  [291.83792  594.9241  ]
  [  0.         0.      ]
  [180.10927  527.36176 ]
  [165.37561  592.09485 ]
  [197.61566  621.4505  ]
  [224.25928  653.9065  ]
  [250.77808  653.92706 ]
  [265.33597  730.43695 ]
  [256.53522  809.9293  ]
  [191.79062  648.03784 ]
  [153.46707  715.73175 ]
  [130.1186   780.4828  ]
  [247.72366  480.338   ]
  [  0.         0.      ]
  [247.68774  483.07892 ]
  [215.32599  486.11868 ]
  [162.37419  795.23566 ]
  [156.50475  789.35706 ]
  [127.08904  786.30743 ]
  [250.70518  815.8402  ]
  [265.41068  821.68756 ]
  [250.74089  821.64935 ]]

 [[177.00067  483.16855 ]
  [150.67902  524.43414 ]
  [129.91518  524.3041  ]
  [ 80.0707   565.5546  ]
  [ 97.658134 618.6136  ]
  [  0.         0.      ]
  [  0.         0.      ]
  [  0.         0.      ]
  [150.43626  630.3796  ]
  [129.9448   630.384   ]
  [124.14003  715.7782  ]
  [103.60702  792.2297  ]
  [  0.         0.      ]
  [  0.         0.      ]
  [  0.         0.      ]
  [171.1863   480.15686 ]
  [177.1689   480.1285  ]
  [147.67621  483.08276 ]
  [  0.         0.      ]
  [  0.         0.      ]
  [  0.         0.      ]
  [  0.         0.      ]
  [129.99622  809.8292  ]
  [121.139084 812.7434  ]
  [100.489105 803.9698  ]]]