[[[715.64606 503.92642]
  [718.5812  530.4422 ]
  [692.178   530.41907]
  [686.2034  574.55164]
  [680.3925  618.54724]
  [759.8111  533.27045]
  [762.8791  580.39355]
  [745.1259  621.56433]
  [715.7677  621.4235 ]
  [695.2033  621.3958 ]
  [692.245   674.5378 ]
  [692.2058  739.1615 ]
  [733.398   621.54834]
  [  0.        0.     ]
  [  0.        0.     ]
  [701.0781  503.69336]
  [718.6709  500.905  ]
  [695.3198  506.6439 ]
  [739.301   503.7504 ]
  [  0.        0.     ]
  [  0.        0.     ]
  [  0.        0.     ]
  [677.45715 748.09796]
  [674.5108  742.2434 ]
  [695.0722  742.1339 ]]

 [[621.4938  486.20068]
  [609.75867 521.4002 ]
  [577.4667  512.57587]
  [562.6801  556.8464 ]
  [571.4746  600.98975]
  [644.9177  524.417  ]
  [650.91376 571.36743]
  [650.97595 609.70715]
  [603.85406 606.7801 ]
  [589.10834 603.94855]
  [594.90436 674.54016]
  [595.0513  742.09546]
  [624.4166  606.8148 ]
  [621.5447  674.6035 ]
  [621.3374  742.08264]
  [615.6861  483.12738]
  [624.4635  483.22873]
  [600.8173  483.21985]
  [630.32214 486.19925]
  [621.4885  756.8978 ]
  [624.62146 751.06366]
  [615.63684 745.2114 ]
  [597.9525  759.78357]
  [586.188   756.9203 ]
  [597.7968  745.196  ]]]