[[[ 715.7095   503.82413]
  [ 715.78516  533.2671 ]
  [ 692.0288   533.24133]
  [ 671.64136  574.5391 ]
  [ 674.6293   609.7374 ]
  [ 742.2365   533.3538 ]
  [ 762.63226  574.338  ]
  [ 748.0733   601.09454]
  [ 715.61414  621.4696 ]
  [ 695.0492   621.4614 ]
  [ 692.2838   677.51575]
  [ 692.23663  742.1008 ]
  [ 733.3147   621.50165]
  [ 736.2859   677.45   ]
  [ 736.2483   742.2355 ]
  [ 712.69147  500.80637]
  [ 718.65173  500.78903]
  [ 698.1091   503.82614]
  [ 727.54626  503.76672]
  [ 736.2621   762.7094 ]
  [ 742.18475  759.84125]
  [ 727.5416   748.1252 ]
  [ 686.26996  756.95   ]
  [ 674.4616   748.1459 ]
  [ 695.2412   745.1383 ]]

 [[ 462.70477  500.76086]
  [ 436.14255  512.6078 ]
  [ 424.35422  506.75922]
  [ 439.0807   550.88135]
  [ 462.60352  574.52515]
  [ 453.7306   521.4946 ]
  [ 456.73422  562.6687 ]
  [ 459.7124   592.04865]
  [ 427.24155  603.879  ]
  [ 409.6337   601.0583 ]
  [ 392.06723  674.5641 ]
  [ 377.187    745.11487]
  [ 439.0089   603.9772 ]
  [ 436.13995  680.3402 ]
  [ 433.23724  742.27545]
  [ 459.73047  486.24994]
  [ 468.4307   489.0936 ]
  [ 442.02628  483.2827 ]
  [   0.         0.     ]
  [ 453.81525  762.65564]
  [ 456.687    756.9414 ]
  [ 427.22018  753.9158 ]
  [ 385.92075  765.6679 ]
  [ 365.61902  762.89667]
  [ 374.294    751.0625 ]]

 [[1124.8505   374.339  ]
  [1236.766    430.14133]
  [1321.9895   433.01245]
  [1395.6436   559.76843]
  [1439.7909   677.4364 ]
  [1160.136    427.19543]
  [1092.4213   556.79926]
  [1021.86755  574.4657 ]
  [1251.3304   724.5338 ]
  [1304.406    724.56085]
  [1236.5624   904.141  ]
  [1207.261   1048.411  ]
  [1189.6345   730.42487]
  [1189.5057   927.5318 ]
  [1254.3026  1074.8608 ]
  [   0.         0.     ]
  [1121.9298   362.51852]
  [1216.1677   338.9967 ]
  [1145.4938   350.79407]
  [   0.         0.     ]
  [   0.         0.     ]
  [1263.14    1074.8754 ]
  [1169.0736  1036.5582 ]
  [1177.7612  1033.6201 ]
  [1207.2333  1074.8431 ]]]