[[[594.93964 436.26703]
  [597.9598  494.9131 ]
  [551.00195 497.90375]
  [530.3471  553.95953]
  [539.0928  598.07245]
  [644.911   486.2383 ]
  [668.6153  547.9227 ]
  [662.67426 580.2936 ]
  [603.8209  627.4975 ]
  [577.26483 633.2852 ]
  [580.33514 739.16656]
  [598.07153 830.4883 ]
  [633.3012  624.59485]
  [647.9075  730.4518 ]
  [645.19934 818.7864 ]
  [580.27246 433.2379 ]
  [598.1148  433.139  ]
  [574.2604  439.12497]
  [615.68994 436.1953 ]
  [648.0324  851.0992 ]
  [668.4651  842.32544]
  [642.07904 833.35626]
  [577.34644 854.08936]
  [574.3716  845.2699 ]
  [606.78955 836.3728 ]]]