[[[527.2659  342.033  ]
  [553.9205  415.4949 ]
  [503.8829  415.50214]
  [495.011   506.78162]
  [477.23425 592.0277 ]
  [606.81665 412.7241 ]
  [645.14813 509.75665]
  [571.4788  577.49976]
  [536.2151  621.44305]
  [503.73898 618.58124]
  [506.77982 762.8302 ]
  [521.4006  901.1203 ]
  [574.5366  621.54114]
  [577.3051  765.6295 ]
  [574.54645 904.07416]
  [524.3119  338.81772]
  [542.0353  338.95105]
  [  0.        0.     ]
  [574.50775 353.6935 ]
  [533.24445 930.70953]
  [553.89136 933.572  ]
  [580.407   921.75604]
  [480.17313 930.7008 ]
  [474.39026 924.7415 ]
  [530.24646 912.8826 ]]]