[[[     477.34      404.22]
  [     481.42      396.51]
  [     468.17      396.42]
  [          0           0]
  [     445.94       402.4]
  [     496.25      457.46]
  [     424.29      455.94]
  [     511.92      521.03]
  [     416.61         523]
  [     513.67      574.14]
  [     433.04      583.37]
  [     489.34      581.16]
  [     444.23      581.75]
  [     477.26      667.86]
  [     443.75      668.19]
  [     469.57      745.72]
  [     439.41      754.53]]

 [[     773.73       405.2]
  [     778.44      396.33]
  [          0           0]
  [     801.09      398.18]
  [          0           0]
  [     839.49      446.52]
  [     777.36      448.84]
  [     850.02      511.29]
  [     763.04      503.78]
  [     829.02      560.46]
  [     762.86      548.03]
  [      816.6      570.41]
  [     772.05      569.16]
  [     824.15      660.55]
  [     779.53      660.12]
  [     840.76      743.45]
  [     785.86      742.85]]

 [[     656.31      448.87]
  [     661.93      442.15]
  [     649.11       442.5]
  [          0           0]
  [     634.56      445.96]
  [      681.4      486.66]
  [     616.65      485.61]
  [     696.27      536.28]
  [     604.48      533.91]
  [     678.05      535.65]
  [     603.31      581.24]
  [     667.33      591.57]
  [     624.95       591.5]
  [     668.78      665.75]
  [     629.18      667.68]
  [     677.22      733.26]
  [     636.07      734.41]]]