[[[     710.72      445.43]
  [      716.3      439.08]
  [      703.4      439.32]
  [          0           0]
  [     689.22      444.18]
  [     738.51      486.09]
  [     671.79      485.88]
  [      758.2      535.31]
  [     662.68      536.83]
  [     740.72      533.47]
  [     665.54      582.07]
  [     727.97      591.93]
  [     684.41      592.13]
  [     728.06       665.3]
  [     688.03      667.42]
  [     735.31      731.16]
  [     694.89      730.23]]

 [[     540.53      405.33]
  [     544.29      397.57]
  [     532.04      397.47]
  [          0           0]
  [     510.63      401.99]
  [     558.89      456.95]
  [     488.92      455.09]
  [     572.53      521.55]
  [     480.68      522.32]
  [      575.2      575.27]
  [     495.66      583.31]
  [     554.51      580.09]
  [     510.24      580.63]
  [     542.07      665.89]
  [     509.72      666.42]
  [      533.2      741.55]
  [     507.02      751.32]]

 [[     833.21      403.24]
  [     838.38      395.19]
  [          0           0]
  [        860      398.43]
  [          0           0]
  [      895.6      446.26]
  [     837.83      448.19]
  [     903.74      512.31]
  [     824.03      502.56]
  [      884.4      561.94]
  [     820.51      549.25]
  [     873.11      568.36]
  [     831.23         567]
  [     883.05         660]
  [     836.25      659.45]
  [     897.98      743.24]
  [     844.03      741.42]]]