[[[     1103.5      405.35]
  [     1108.2      396.44]
  [     1092.8      396.54]
  [          0           0]
  [     1066.8      402.67]
  [     1129.2      454.59]
  [     1043.6      461.75]
  [       1153      515.04]
  [     1026.2      533.27]
  [     1109.3      528.23]
  [       1031         594]
  [     1118.1      599.84]
  [     1061.1      602.25]
  [     1117.9      704.31]
  [     1061.3      707.13]
  [     1118.5       797.1]
  [     1065.3      792.09]]

 [[       1286      330.11]
  [     1297.1      315.93]
  [     1283.4       317.4]
  [     1335.5       319.3]
  [          0           0]
  [       1378      398.12]
  [     1273.7      398.87]
  [     1394.1       489.6]
  [     1247.2      485.37]
  [     1355.2      559.35]
  [     1243.4      551.85]
  [     1339.6      583.77]
  [     1266.9      583.27]
  [       1350       717.1]
  [       1270      714.86]
  [     1365.3      831.04]
  [     1280.8      823.03]]

 [[     884.59      353.59]
  [     886.22      344.18]
  [     874.08      343.27]
  [          0           0]
  [     843.51      350.45]
  [      895.2      424.84]
  [     811.99      421.19]
  [     909.81      511.85]
  [      801.1       514.7]
  [     914.11      583.19]
  [     821.79      596.86]
  [      891.3      588.85]
  [     837.16      588.45]
  [     870.11      702.77]
  [     828.95       706.2]
  [     857.58      801.63]
  [     821.17       809.5]]]