[[[       1508      155.65]
  [     1532.7      131.05]
  [     1493.4      136.18]
  [     1592.5       141.7]
  [          0           0]
  [     1661.8      281.37]
  [       1445      289.44]
  [     1703.4      450.86]
  [     1392.2      447.59]
  [     1615.2      586.07]
  [     1394.4      563.76]
  [       1588      629.39]
  [     1443.3      624.72]
  [     1599.3      892.17]
  [     1436.5      868.35]
  [          0           0]
  [          0           0]]

 [[     716.78      211.41]
  [     727.17      196.24]
  [     694.74      192.02]
  [          0           0]
  [     646.01      208.36]
  [     759.31      346.89]
  [     590.83      337.41]
  [     787.26      500.29]
  [     569.78      502.73]
  [     793.22      626.36]
  [     606.33      651.61]
  [     749.17      639.99]
  [     640.78      638.68]
  [      721.5      833.75]
  [     635.15      839.94]
  [     700.46      1007.2]
  [     632.85      1024.9]]

 [[     1108.4      317.67]
  [     1122.2      304.23]
  [     1092.3      300.54]
  [          0           0]
  [     1058.8      310.72]
  [     1166.2      415.59]
  [     1015.9      415.53]
  [     1193.5      534.61]
  [     988.89      535.72]
  [     1149.3      636.46]
  [     997.95      638.09]
  [     1136.3      653.26]
  [     1038.4      651.67]
  [     1138.9      820.67]
  [       1046      820.47]
  [     1147.6       970.8]
  [       1052      961.32]]]