[[[     1392.8      376.67]
  [     1398.1      363.88]
  [          0           0]
  [     1427.3      362.57]
  [          0           0]
  [     1483.5      421.35]
  [     1400.1      429.23]
  [     1490.9      503.03]
  [     1382.3      499.01]
  [     1462.4      563.62]
  [     1380.6      546.26]
  [     1453.9      580.11]
  [     1395.2      581.01]
  [     1462.8      689.96]
  [     1398.2       684.7]
  [     1471.1       789.4]
  [     1401.7      777.42]]

 [[       1254      431.07]
  [     1257.8      423.35]
  [     1245.3      423.92]
  [          0           0]
  [     1223.5      429.03]
  [     1278.4      475.66]
  [     1201.5      477.22]
  [     1290.2      534.38]
  [     1188.4      536.87]
  [     1269.5      580.96]
  [       1192       589.3]
  [     1264.2      593.93]
  [     1214.4      594.62]
  [       1264      679.87]
  [     1218.3       678.9]
  [     1267.8      758.09]
  [     1220.8      754.15]]

 [[       1063       395.1]
  [     1065.5      387.58]
  [       1054      387.48]
  [          0           0]
  [     1030.4      394.13]
  [     1075.5      451.03]
  [       1008      450.06]
  [     1090.3      518.89]
  [     999.59      522.11]
  [     1092.1      578.45]
  [     1015.6      585.39]
  [     1071.2      581.61]
  [     1028.5      582.61]
  [       1057      673.38]
  [     1024.7      674.19]
  [     1048.2      757.02]
  [     1017.2      764.74]]]