[[[     1088.5      392.78]
  [     1094.6      383.05]
  [     1077.2       382.3]
  [          0           0]
  [     1048.8       389.2]
  [     1118.5      454.03]
  [     1019.6      459.42]
  [     1135.4      535.37]
  [     1002.6       539.7]
  [     1106.4      594.73]
  [     1010.6      604.89]
  [     1102.6      610.47]
  [     1037.1      612.97]
  [     1105.3      727.79]
  [     1043.2      728.83]
  [     1109.9      835.11]
  [     1045.5      825.86]]

 [[      829.3       337.2]
  [     832.24      325.22]
  [     816.88       324.7]
  [          0           0]
  [     781.41      330.79]
  [     839.02      415.85]
  [     743.61      412.61]
  [     858.52      514.82]
  [      733.4      518.89]
  [     864.33      596.94]
  [     756.72      611.61]
  [     845.74      600.37]
  [     781.57      600.01]
  [     822.51      729.47]
  [     775.74      734.43]
  [      812.5      845.75]
  [     771.17      858.65]]

 [[     1309.9      308.97]
  [     1319.1       293.2]
  [          0           0]
  [     1363.6      294.13]
  [          0           0]
  [     1425.9      381.36]
  [       1313      380.59]
  [     1441.4      493.83]
  [     1290.6      482.08]
  [       1392      571.85]
  [     1279.4      551.35]
  [     1383.4      596.33]
  [     1303.6      591.58]
  [     1389.4      747.71]
  [     1294.8       740.5]
  [     1398.7      881.16]
  [     1296.3      869.97]]]