[[[     1106.3         350]
  [     1117.4      337.56]
  [     1092.5      337.01]
  [          0           0]
  [     1065.3      347.26]
  [     1156.9       433.5]
  [       1030      430.17]
  [     1175.1      535.86]
  [     1004.7      531.54]
  [       1138      621.12]
  [     1014.9      616.45]
  [     1129.3      632.15]
  [     1045.5      630.68]
  [     1128.3      775.33]
  [     1052.8      774.23]
  [     1133.1      901.99]
  [       1053      898.97]]

 [[     790.97      267.89]
  [      795.2      254.68]
  [     774.82      251.71]
  [          0           0]
  [     728.64      261.91]
  [     815.84       376.2]
  [      679.3       368.3]
  [     840.39      504.26]
  [      663.7      508.27]
  [     843.52      607.25]
  [     693.61      627.96]
  [      804.5      620.16]
  [     716.46      619.03]
  [     780.47       784.9]
  [     711.13      786.06]
  [     765.72      928.91]
  [     705.48      942.99]]

 [[     1410.4      243.28]
  [     1426.3      220.98]
  [     1402.3         226]
  [     1485.4      216.71]
  [          0           0]
  [     1550.9      326.52]
  [     1391.1      335.47]
  [     1576.8      467.19]
  [     1354.4      463.46]
  [     1514.3      572.79]
  [       1349       558.2]
  [     1493.8      605.58]
  [     1384.1      604.62]
  [     1500.5      806.44]
  [     1377.9      797.16]
  [     1515.5      981.24]
  [     1382.6       963.5]]]