[[[       1339      290.15]
  [       1353      272.72]
  [     1332.1      275.27]
  [     1400.2      273.74]
  [          0           0]
  [     1453.5      368.95]
  [       1322      369.85]
  [     1474.4      483.27]
  [       1296      480.44]
  [     1425.7      577.03]
  [     1291.7      557.17]
  [     1414.2      605.31]
  [     1324.6      601.26]
  [       1425      775.46]
  [     1319.6      766.45]
  [     1435.5      916.88]
  [     1326.9      908.35]]

 [[     1088.5      380.19]
  [     1097.3      370.55]
  [     1076.8      368.63]
  [          0           0]
  [     1049.8      377.62]
  [     1125.5      447.41]
  [     1021.8       455.4]
  [     1137.1      515.39]
  [     1003.1      541.06]
  [       1096      493.59]
  [     1007.6      615.17]
  [     1109.6      624.67]
  [       1039      627.48]
  [     1112.2      752.23]
  [     1042.3      752.94]
  [     1119.4       867.1]
  [     1047.4      856.41]]

 [[      807.4      313.35]
  [     810.12       301.2]
  [     793.14      300.14]
  [          0           0]
  [     754.11      309.83]
  [     826.07      405.21]
  [     712.73      399.02]
  [     846.45      513.25]
  [     699.23      516.29]
  [     850.12      603.74]
  [     724.38      617.47]
  [     819.12      612.14]
  [     745.55      611.77]
  [     799.55      753.17]
  [     747.63      755.41]
  [     793.31      879.05]
  [     743.57      894.16]]]