[[[     1248.7      437.34]
  [     1252.8      430.03]
  [     1240.7      429.54]
  [          0           0]
  [     1219.2      432.67]
  [     1271.2      478.67]
  [     1194.9      480.28]
  [     1292.1      528.28]
  [     1183.1      538.94]
  [     1282.7      570.81]
  [       1189      589.19]
  [     1260.2      593.26]
  [       1211      594.17]
  [     1260.6      679.91]
  [     1214.5       679.8]
  [     1263.8      757.71]
  [       1217      753.27]]

 [[     1388.9      382.77]
  [     1393.4      370.19]
  [          0           0]
  [     1422.6      368.44]
  [          0           0]
  [     1474.5      426.87]
  [     1396.1      430.47]
  [     1483.4      505.52]
  [     1378.7      501.42]
  [     1451.7      566.65]
  [     1373.8      546.07]
  [     1445.4      580.64]
  [     1390.1      580.34]
  [     1451.5      688.94]
  [     1387.6      686.05]
  [     1465.4      782.18]
  [       1392      777.97]]

 [[     1063.6      399.16]
  [     1066.7      391.84]
  [     1054.9      391.28]
  [          0           0]
  [     1031.6      397.14]
  [     1075.7      454.23]
  [     1009.8       452.3]
  [     1089.3      520.96]
  [     1001.9      523.38]
  [     1091.6      578.38]
  [     1017.6      585.02]
  [     1071.7      581.76]
  [     1029.8      582.33]
  [     1056.4      671.91]
  [     1025.3       672.7]
  [       1048      754.85]
  [     1017.2      762.61]]]