[[[     1280.6      417.78]
  [     1286.9      408.59]
  [     1270.9      408.68]
  [          0           0]
  [     1249.8      412.79]
  [     1312.7       465.1]
  [     1228.5      469.33]
  [     1332.7      526.79]
  [     1213.2      537.11]
  [     1310.5      560.22]
  [     1219.7      590.63]
  [     1301.3      598.29]
  [     1245.6      599.89]
  [     1301.5      697.16]
  [     1247.9      698.16]
  [     1303.4      786.01]
  [     1249.1      782.89]]

 [[     1461.2      342.07]
  [     1468.9      328.23]
  [          0           0]
  [     1503.8      330.81]
  [          0           0]
  [     1563.8      404.52]
  [     1466.9      409.11]
  [     1573.8      498.27]
  [     1444.2      490.32]
  [     1533.3      568.11]
  [     1441.7      551.93]
  [     1527.5      587.03]
  [     1458.2      586.36]
  [     1536.3      715.34]
  [     1461.1      709.01]
  [     1551.8      828.99]
  [     1461.7      815.77]]

 [[     1081.8      376.44]
  [     1082.4      367.75]
  [       1074      366.06]
  [          0           0]
  [     1045.2      370.18]
  [     1085.1       437.9]
  [       1009      435.16]
  [     1098.2      517.08]
  [     997.83      520.72]
  [     1100.8      582.89]
  [       1017      593.83]
  [     1083.1      586.62]
  [     1033.2      586.64]
  [     1065.3      692.27]
  [     1025.7      694.59]
  [     1053.8      782.42]
  [     1018.8      788.89]]]