[[[     1627.8       425.3]
  [     1638.6      412.55]
  [     1617.7      414.58]
  [     1660.4      416.23]
  [     1606.9      420.76]
  [     1691.6      496.64]
  [     1595.8      492.94]
  [     1716.5      587.78]
  [     1565.9      565.02]
  [     1645.5      597.02]
  [     1602.6      574.95]
  [     1662.9      655.19]
  [     1600.3      650.48]
  [          0           0]
  [          0           0]
  [          0           0]
  [          0           0]]

 [[     1204.6      403.55]
  [          0           0]
  [     1196.9      394.19]
  [          0           0]
  [     1182.9      397.18]
  [     1243.5      454.79]
  [     1157.3      455.81]
  [     1260.8      511.24]
  [     1128.7      517.37]
  [     1249.1      526.48]
  [     1168.6      528.26]
  [     1230.1      579.25]
  [       1173      580.63]
  [          0           0]
  [          0           0]
  [          0           0]
  [          0           0]]

 [[          0           0]
  [          0           0]
  [          0           0]
  [          0           0]
  [          0           0]
  [     1108.2      480.95]
  [     1067.7      481.41]
  [     1110.5      522.84]
  [     1060.9      521.46]
  [     1102.4      557.58]
  [          0           0]
  [     1097.4      558.24]
  [     1070.1      557.84]
  [     1097.5      615.16]
  [          0           0]
  [          0           0]
  [          0           0]]

 [[          0           0]
  [          0           0]
  [          0           0]
  [          0           0]
  [          0           0]
  [     890.98      477.16]
  [     842.51      476.08]
  [     900.52      518.71]
  [     833.28      514.41]
  [     895.99      552.89]
  [     840.93      547.53]
  [     883.19      553.86]
  [     851.41      553.51]
  [     881.46       607.1]
  [     852.57      606.75]
  [          0           0]
  [          0           0]]

 [[          0           0]
  [          0           0]
  [          0           0]
  [          0           0]
  [          0           0]
  [     990.68      497.23]
  [      955.8      496.44]
  [     989.77      524.06]
  [          0           0]
  [          0           0]
  [          0           0]
  [     984.06      558.81]
  [     959.46      558.28]
  [     982.26      607.66]
  [          0           0]
  [          0           0]
  [          0           0]]]