[[[     1104.6      372.47]
  [     1110.7      361.93]
  [     1092.2      360.08]
  [          0           0]
  [     1060.4      370.03]
  [     1139.5      449.43]
  [       1026      451.25]
  [     1164.2      536.07]
  [     1004.3      544.88]
  [     1131.9      599.53]
  [     1014.6      623.26]
  [     1121.2      630.63]
  [     1046.2      631.28]
  [     1121.5       761.1]
  [       1052      762.46]
  [     1125.1       878.7]
  [     1052.2      873.23]]

 [[     1358.4      275.12]
  [     1374.5      257.29]
  [     1352.2      259.94]
  [     1425.2      260.74]
  [          0           0]
  [       1480      359.54]
  [       1337       367.3]
  [     1501.9      484.65]
  [     1304.9      481.64]
  [     1442.5      579.27]
  [     1302.4      564.56]
  [       1432      609.06]
  [     1332.8      608.75]
  [     1445.4      790.67]
  [     1338.9      776.57]
  [     1460.1      940.87]
  [     1340.2      926.29]]

 [[     808.69      302.97]
  [        812      290.61]
  [     793.51      288.93]
  [          0           0]
  [     752.66      299.45]
  [     829.47      401.03]
  [     710.29      394.22]
  [     850.23      516.14]
  [     698.67      517.85]
  [     855.44      607.38]
  [     725.05      622.88]
  [     822.02      618.02]
  [      744.6      617.21]
  [     798.99      764.56]
  [     743.73      765.77]
  [     790.19      894.46]
  [     735.71      909.35]]]