[[[     716.48      440.19]
  [     721.76      434.26]
  [     709.31      433.87]
  [          0           0]
  [     693.25      439.36]
  [     741.24      485.24]
  [     672.04      484.14]
  [     752.75      539.15]
  [     661.82      537.72]
  [     748.53      583.37]
  [     667.41      584.23]
  [     730.17      592.68]
  [     685.24      592.68]
  [     732.37      667.38]
  [     688.73      667.95]
  [     735.58      733.66]
  [     693.23      732.66]]

 [[     834.56      400.49]
  [     839.31       391.6]
  [          0           0]
  [     861.66      393.65]
  [          0           0]
  [     900.28      442.05]
  [     837.22      445.18]
  [     909.41      507.82]
  [     822.52      502.49]
  [      888.1      559.67]
  [     820.33      548.37]
  [     876.87      569.82]
  [     831.47      568.58]
  [     885.33       662.7]
  [     836.37      661.55]
  [     902.69       748.9]
  [     847.73      745.84]]

 [[     536.83      400.58]
  [     540.48      392.96]
  [     527.57      393.15]
  [          0           0]
  [     505.71      400.03]
  [     556.34      455.16]
  [     486.14      453.29]
  [     570.98      519.71]
  [     476.85      519.71]
  [     573.02       574.1]
  [     492.01      582.48]
  [     551.16      579.64]
  [     506.49      579.97]
  [     537.69      668.22]
  [     504.41      668.16]
  [     531.02         746]
  [     500.62      755.89]]]