[[[     1366.5      269.24]
  [     1382.6      251.08]
  [     1360.6      253.91]
  [     1434.7      254.56]
  [          0           0]
  [     1490.9      354.89]
  [     1346.7      362.78]
  [       1511      482.43]
  [     1312.6      479.51]
  [     1454.1       575.3]
  [     1308.4      563.19]
  [     1442.6       610.4]
  [     1342.5      609.57]
  [     1455.4      796.48]
  [       1344      780.93]
  [     1467.3      944.13]
  [     1343.8       930.5]]

 [[     1105.9      366.38]
  [     1111.3      355.16]
  [     1092.3      354.45]
  [          0           0]
  [     1059.3      365.92]
  [     1139.7      445.33]
  [     1028.2      447.48]
  [     1160.5      538.64]
  [     1006.9      543.79]
  [     1129.8      612.77]
  [     1015.3      623.61]
  [     1121.2      633.12]
  [     1047.2      633.84]
  [     1123.6      763.95]
  [     1053.3      765.02]
  [     1127.9      882.08]
  [     1053.2      875.66]]

 [[     814.12      302.53]
  [      816.9      289.92]
  [     801.17      287.11]
  [          0           0]
  [      757.3      293.28]
  [     826.86      397.55]
  [     707.44      390.63]
  [     848.66      513.88]
  [     695.66      516.49]
  [     854.88      606.62]
  [     723.71      623.37]
  [     820.35      617.77]
  [     742.81      617.38]
  [     797.78      765.66]
  [     741.41      767.61]
  [     788.08      896.53]
  [     733.21      912.41]]]