[[[     374.45      388.33]
  [     380.85      377.59]
  [          0           0]
  [     407.92       380.4]
  [          0           0]
  [     449.24      437.76]
  [     375.24      436.86]
  [     462.41      506.31]
  [     357.41      501.08]
  [     439.28      560.39]
  [     357.48      543.86]
  [     423.75      572.27]
  [     371.96       571.9]
  [     435.07      673.06]
  [     376.35      673.79]
  [     448.94      756.81]
  [     381.27      759.63]]

 [[     226.78      432.61]
  [      232.6      424.86]
  [     217.05      425.88]
  [          0           0]
  [     197.37      430.38]
  [     256.39      474.64]
  [     171.82      475.76]
  [     280.14      530.27]
  [     152.53      535.22]
  [     276.51      539.16]
  [     157.62      588.84]
  [     239.56      600.12]
  [     185.99      601.28]
  [     241.66      683.62]
  [      183.5      685.65]
  [     242.73      759.05]
  [     190.64      761.21]]

 [[          0           0]
  [          0           0]
  [          0           0]
  [          0           0]
  [          0           0]
  [     11.088      443.03]
  [          0           0]
  [      25.73      517.36]
  [          0           0]
  [     22.752      583.01]
  [          0           0]
  [          0           0]
  [          0           0]
  [          0           0]
  [          0           0]
  [          0           0]
  [          0           0]]]