[[[     1280.1      417.93]
  [     1285.8      408.99]
  [     1270.1       409.6]
  [          0           0]
  [     1248.7      415.84]
  [     1311.2       468.4]
  [     1227.3      471.95]
  [       1327      535.23]
  [     1211.5      539.78]
  [     1303.4       586.4]
  [       1218      593.56]
  [       1299      602.01]
  [     1243.2      603.37]
  [     1299.9      700.77]
  [     1246.5      701.09]
  [     1301.6       787.5]
  [     1247.1       783.9]]

 [[     1458.7      344.63]
  [     1465.2      331.71]
  [          0           0]
  [     1499.3      333.98]
  [          0           0]
  [     1557.7      410.39]
  [     1463.3      409.83]
  [     1569.3      506.06]
  [     1441.3      492.94]
  [     1525.2      575.63]
  [     1434.4      556.67]
  [     1525.7      592.22]
  [     1459.4      587.34]
  [     1532.1      717.08]
  [     1453.2      712.02]
  [     1545.5       827.3]
  [     1460.1      819.29]]

 [[     1079.9      379.84]
  [     1080.2      371.07]
  [     1072.3      369.63]
  [          0           0]
  [     1043.3      373.66]
  [     1082.8      439.34]
  [     1007.1      437.85]
  [     1096.5      518.33]
  [     996.28      522.77]
  [     1099.4      584.42]
  [     1015.7       595.1]
  [     1081.4      588.37]
  [     1031.9      588.97]
  [     1063.9      694.19]
  [     1024.3      696.83]
  [     1052.5      783.63]
  [     1017.3      790.33]]]