[[[     878.35      448.14]
  [     883.28      440.52]
  [     870.61      441.54]
  [          0           0]
  [     852.57      441.41]
  [     903.03      475.35]
  [     832.15      478.68]
  [     941.18      514.92]
  [      820.2      529.72]
  [     951.34      496.74]
  [     821.06      578.44]
  [     886.86      590.85]
  [     841.24      592.44]
  [     887.38      669.79]
  [     843.63      672.88]
  [     893.66      743.61]
  [     850.06      743.23]]

 [[      995.8      390.71]
  [     1000.6      379.55]
  [          0           0]
  [     1025.5      379.56]
  [          0           0]
  [     1071.1      434.04]
  [     1001.7      436.79]
  [     1079.7      507.04]
  [     989.43      506.23]
  [     1056.6      560.39]
  [     984.65      545.73]
  [     1046.7      573.78]
  [     997.82      574.16]
  [     1055.4      674.44]
  [     1002.8      674.76]
  [     1069.7      759.75]
  [       1008      759.32]]

 [[     692.34      395.52]
  [     696.38      387.82]
  [     683.31      387.45]
  [          0           0]
  [     660.49      393.05]
  [     706.82      449.96]
  [     637.51      448.04]
  [      722.7       517.1]
  [     628.95       518.7]
  [     726.43      575.04]
  [      645.4      583.08]
  [     704.78      578.27]
  [     660.76      578.94]
  [     688.56      670.75]
  [     656.86      672.27]
  [     681.02      753.52]
  [        650      761.65]]]