[[[     1253.5      432.25]
  [     1257.8      424.49]
  [     1244.9      424.72]
  [          0           0]
  [       1223      429.19]
  [     1278.1      476.58]
  [       1201      477.69]
  [     1290.2      535.27]
  [     1188.7       537.9]
  [     1269.7      581.69]
  [       1192      590.92]
  [       1264      595.32]
  [       1214       595.9]
  [     1264.4      681.37]
  [     1217.9      680.85]
  [       1268      759.41]
  [     1220.9      755.94]]

 [[     1394.8      376.51]
  [     1399.6      363.53]
  [          0           0]
  [     1431.8       361.5]
  [          0           0]
  [       1486      421.52]
  [     1402.9      424.81]
  [     1495.1      504.48]
  [     1385.8      499.15]
  [     1463.3       567.3]
  [     1383.2      546.92]
  [     1458.8      582.07]
  [     1400.7      581.13]
  [     1463.2      695.55]
  [     1397.1       688.8]
  [     1476.4      793.81]
  [     1401.4      780.36]]

 [[     1059.9      395.79]
  [     1063.4      388.26]
  [     1050.9      388.03]
  [          0           0]
  [     1028.6      394.49]
  [     1075.2      451.85]
  [     1006.4      450.88]
  [     1089.8      519.65]
  [     998.23      523.22]
  [     1091.8      579.39]
  [     1014.9      587.06]
  [     1070.6      582.76]
  [     1027.2      583.64]
  [     1056.1      674.99]
  [     1023.6      675.64]
  [     1047.4      759.53]
  [     1016.1      766.36]]]