[[[     1053.1      338.34]
  [     1068.8      325.01]
  [     1044.3      327.24]
  [     1104.1       336.8]
  [          0           0]
  [     1140.3      425.46]
  [       1012      426.57]
  [     1163.4      536.43]
  [     989.24      533.43]
  [     1125.4      626.38]
  [     993.99      627.31]
  [       1114       635.3]
  [     1029.2      635.61]
  [     1123.3      785.97]
  [     1043.1      784.83]
  [     1132.1      917.62]
  [     1051.3      914.57]]

 [[     772.61      255.78]
  [     777.92      241.32]
  [     755.96      238.59]
  [          0           0]
  [     707.68      248.37]
  [     797.72      370.06]
  [     656.55      360.94]
  [     822.75       504.7]
  [        639      509.15]
  [     826.68      611.84]
  [      669.5       634.3]
  [      787.7      625.23]
  [     696.99      624.24]
  [      764.3      796.56]
  [     690.92      800.19]
  [     745.53      947.12]
  [      685.7       961.1]]

 [[     1424.6      221.48]
  [     1441.4      198.67]
  [     1415.4      204.07]
  [     1500.6      197.74]
  [          0           0]
  [     1568.2      317.03]
  [     1397.9      321.12]
  [     1601.8      460.29]
  [     1357.7      459.12]
  [       1533      573.94]
  [     1353.6       557.8]
  [     1507.5      609.42]
  [     1393.5      602.83]
  [     1516.3      822.61]
  [     1383.3      807.33]
  [     1531.4        1003]
  [     1391.1      983.78]]]