[[[     533.32      405.27]
  [     537.38      398.02]
  [     524.93      397.48]
  [          0           0]
  [     503.52      402.32]
  [     550.96      456.59]
  [     481.46      454.57]
  [     563.89      521.36]
  [     473.53      522.56]
  [     566.38      574.17]
  [     488.46      582.47]
  [     546.13      579.56]
  [     502.14      580.32]
  [     532.65      664.73]
  [     499.96      666.86]
  [     527.56      740.22]
  [     496.66      751.77]]

 [[     824.92      404.45]
  [     829.83       395.6]
  [          0           0]
  [     852.73      397.56]
  [          0           0]
  [     889.77      446.23]
  [     828.78      448.58]
  [     898.69      511.87]
  [      815.5      504.15]
  [     877.75       561.5]
  [      813.5      549.23]
  [     865.97      570.19]
  [     822.15      568.91]
  [     873.91      660.27]
  [     830.89      659.99]
  [     891.23      744.06]
  [     835.91      741.55]]

 [[     705.22      445.47]
  [     710.59      439.31]
  [     698.05      439.49]
  [          0           0]
  [     683.83      444.65]
  [     731.21      486.43]
  [     665.86      485.79]
  [     749.24      535.13]
  [     654.91      535.56]
  [     732.47      531.08]
  [     657.17      583.45]
  [     719.65      590.82]
  [     676.71      590.97]
  [     721.38      664.13]
  [     680.57      666.78]
  [     728.71      730.57]
  [     686.86      730.39]]]