[[[     1332.1       300.5]
  [     1345.8      283.37]
  [     1326.3      285.71]
  [     1393.9      283.78]
  [          0           0]
  [     1445.8      376.06]
  [     1318.2      375.78]
  [     1463.9      487.55]
  [     1291.9      482.79]
  [     1414.4      574.76]
  [     1286.8      555.92]
  [     1404.2      601.61]
  [     1316.9      597.26]
  [       1410      762.89]
  [     1309.6      754.82]
  [     1417.7      902.94]
  [     1313.5      893.33]]

 [[     1077.8      386.84]
  [     1087.3      377.27]
  [     1066.6      375.42]
  [          0           0]
  [     1041.9      382.89]
  [     1119.5      452.61]
  [     1014.3       457.8]
  [     1135.8      537.88]
  [     996.42      541.94]
  [     1105.3      600.98]
  [     1004.8      611.74]
  [     1101.5      616.77]
  [     1031.8      618.93]
  [     1106.1      741.92]
  [     1039.7      741.45]
  [     1111.6      856.25]
  [     1044.4      845.04]]

 [[     809.22       322.9]
  [     813.04      311.02]
  [     796.53      310.04]
  [          0           0]
  [     759.18      319.18]
  [     823.01      408.77]
  [     719.82      407.34]
  [     845.64      514.98]
  [     708.24      518.04]
  [     851.66      599.82]
  [     730.95       617.4]
  [     820.36       609.5]
  [     754.06      611.42]
  [     805.94      746.89]
  [     755.26      751.81]
  [     798.35      872.39]
  [     752.78      882.45]]]