[[[     858.57      442.42]
  [     863.33      436.03]
  [      851.2      435.95]
  [          0           0]
  [     834.02      440.68]
  [     882.08      485.47]
  [     815.07      485.39]
  [     893.61      539.89]
  [     805.24      539.06]
  [     888.85      586.57]
  [     808.68      585.18]
  [      870.8      594.88]
  [     827.37      595.17]
  [      871.2       670.7]
  [     830.83      671.54]
  [     875.45      739.42]
  [     832.89      737.74]]

 [[     681.34      403.59]
  [     684.59      395.75]
  [     672.31      396.13]
  [          0           0]
  [     650.03      402.37]
  [     698.41      457.04]
  [     629.73      455.58]
  [     712.38      521.59]
  [     620.98      522.78]
  [     713.13      576.29]
  [     636.36      584.92]
  [     694.91      581.01]
  [      650.7      581.63]
  [      680.2      670.67]
  [     647.23      671.33]
  [     671.77      747.74]
  [     641.92      759.75]]

 [[     976.98      410.09]
  [     982.51      400.64]
  [          0           0]
  [     1007.5      397.56]
  [          0           0]
  [     1047.2      441.84]
  [     982.57      446.71]
  [     1062.7      509.06]
  [     972.01      505.81]
  [     1039.7      564.53]
  [     970.28      550.66]
  [     1030.3      574.47]
  [     985.83      573.53]
  [     1037.7      669.44]
  [     985.17      667.75]
  [     1044.7      757.45]
  [     988.05      753.82]]]