[[[     1325.9      388.52]
  [     1330.6      376.36]
  [          0           0]
  [     1358.5      374.23]
  [          0           0]
  [     1409.5       430.2]
  [     1333.4      434.83]
  [     1418.3      507.86]
  [     1317.3      504.78]
  [     1389.6      564.43]
  [     1313.2      548.01]
  [     1382.5      578.39]
  [     1328.7      578.83]
  [     1388.3      684.15]
  [     1328.6      682.48]
  [     1402.5      776.57]
  [     1332.5      771.34]]

 [[     1014.9      402.18]
  [     1017.5      394.22]
  [     1006.1      394.27]
  [          0           0]
  [     982.22      399.01]
  [     1026.2      454.38]
  [     960.75      452.65]
  [     1039.4      520.85]
  [     952.27      522.04]
  [     1041.3      577.85]
  [     968.37      584.63]
  [     1023.1      580.72]
  [     980.91      581.27]
  [     1006.7      670.89]
  [     976.46      671.61]
  [     997.26      751.13]
  [     969.71      760.02]]

 [[     1183.7      436.71]
  [     1189.3      429.37]
  [     1175.5      429.92]
  [          0           0]
  [     1159.7      435.91]
  [     1206.5       475.8]
  [     1144.5      480.44]
  [     1192.2      516.59]
  [     1134.8      534.47]
  [     1137.8      516.55]
  [     1131.8      580.55]
  [     1198.5      590.23]
  [     1155.3      591.66]
  [     1201.1       674.7]
  [     1159.4      675.57]
  [     1208.6      750.83]
  [     1162.3      746.63]]]