[[[     838.86      402.41]
  [     843.72      393.47]
  [          0           0]
  [     866.08      394.88]
  [          0           0]
  [     903.19      442.94]
  [     841.13      446.05]
  [     913.57      507.91]
  [     826.43      502.42]
  [     891.49       559.8]
  [     824.31      547.25]
  [     879.79       569.5]
  [     835.28      568.31]
  [     888.72      661.68]
  [      840.9       660.9]
  [     906.09      747.91]
  [     851.87      744.64]]

 [[     714.26      440.81]
  [      719.8      434.44]
  [     706.58      434.68]
  [          0           0]
  [     691.88      441.08]
  [     740.76      484.81]
  [     675.05      485.09]
  [      750.7      538.38]
  [     665.78      538.04]
  [     746.83      583.53]
  [     670.33      582.79]
  [     730.62      590.71]
  [     688.26      591.25]
  [     733.98      665.61]
  [     694.51      666.35]
  [     737.82      733.62]
  [     698.72      731.71]]

 [[     542.96      402.61]
  [     546.73      395.11]
  [     534.07       394.9]
  [          0           0]
  [     512.12      400.73]
  [     562.49      456.18]
  [     492.22      454.42]
  [     576.88      519.64]
  [     484.67      520.75]
  [     580.83      573.96]
  [     499.05      581.84]
  [     559.27      578.69]
  [     514.51      579.05]
  [     546.96      665.12]
  [     512.43      665.94]
  [     537.14      744.15]
  [     508.43      751.26]]]