[[[     712.63      445.73]
  [      718.1      439.02]
  [     704.96      439.62]
  [          0           0]
  [     691.03      445.15]
  [      741.3      486.11]
  [      675.6      487.72]
  [     760.23      532.59]
  [     665.58      539.49]
  [     743.34      538.72]
  [     669.54      583.73]
  [     731.87      592.43]
  [     689.37      593.26]
  [     733.52      665.92]
  [     694.75      667.61]
  [     739.47      733.98]
  [     699.15      733.33]]

 [[     838.23      404.51]
  [     843.44      396.58]
  [          0           0]
  [     864.95      399.77]
  [          0           0]
  [     900.74       446.5]
  [     841.81      448.99]
  [     910.78      511.81]
  [     827.52      503.47]
  [     887.65      563.04]
  [     823.93      549.03]
  [     878.48      569.34]
  [     835.91      568.13]
  [     888.91      661.83]
  [     840.86      661.47]
  [     903.76      745.23]
  [     850.11      742.72]]

 [[     544.85      405.73]
  [     548.77      398.25]
  [     536.18      398.01]
  [          0           0]
  [     514.32      403.26]
  [     562.62      457.37]
  [      492.9      456.03]
  [     577.72      521.48]
  [     485.67      524.04]
  [      582.1      574.84]
  [     501.97      584.67]
  [     559.57      580.27]
  [     515.27      581.14]
  [     545.33      665.73]
  [     512.71      668.02]
  [     538.74      741.82]
  [     510.28      752.53]]]