[[[     716.32      212.59]
  [     727.48       197.5]
  [     694.71      192.92]
  [          0           0]
  [     646.82      208.25]
  [     758.36      347.09]
  [     592.15      337.08]
  [     785.73       501.4]
  [     571.96      501.89]
  [      792.6      625.52]
  [     607.93      649.97]
  [     748.32      638.57]
  [     641.41      637.16]
  [     720.84      832.01]
  [     635.97      838.45]
  [     701.25      1007.2]
  [      632.2      1024.4]]

 [[     1110.7      313.83]
  [     1121.1      300.97]
  [     1094.2      297.52]
  [          0           0]
  [     1054.3      310.24]
  [       1157       413.8]
  [     1010.5      414.19]
  [     1186.3      532.29]
  [     984.56      536.96]
  [     1147.9       637.1]
  [     996.96      641.47]
  [     1136.1      652.76]
  [     1040.2      653.45]
  [     1138.3      821.41]
  [     1046.2      822.43]
  [     1144.8      968.52]
  [     1048.3      964.46]]

 [[     1492.1      154.35]
  [     1516.7       129.2]
  [       1481      134.48]
  [     1585.1      138.37]
  [          0           0]
  [     1660.9      278.01]
  [     1443.8      287.59]
  [     1703.5      452.43]
  [     1390.4      445.98]
  [     1612.3      587.58]
  [     1392.6      563.65]
  [     1587.9       628.7]
  [     1442.8      624.55]
  [     1599.5      891.12]
  [     1436.5      868.84]
  [          0           0]
  [          0           0]]]