[[[     161.73      433.09]
  [     167.13      423.92]
  [     151.17       425.2]
  [          0           0]
  [     128.04      428.94]
  [      189.9      475.56]
  [     100.76      473.86]
  [     209.52      535.58]
  [     82.799      535.55]
  [     211.91      534.69]
  [      85.24      591.64]
  [     172.53      604.87]
  [     113.43      604.82]
  [     173.49      689.53]
  [      114.4      694.25]
  [     176.75      763.96]
  [     118.62      761.74]]

 [[     313.71      386.16]
  [     320.38      375.01]
  [          0           0]
  [     350.05      377.83]
  [          0           0]
  [     394.32      438.16]
  [     314.38      437.15]
  [     404.97      510.41]
  [     295.22      501.44]
  [     378.97      562.87]
  [      296.5      547.63]
  [     366.56      576.97]
  [     310.94      576.07]
  [      378.6      678.61]
  [     314.57      678.57]
  [     396.03      759.63]
  [     321.68      763.17]]]