[[[     170.95      384.74]
  [     177.93      375.87]
  [     160.75      375.35]
  [          0           0]
  [     136.99      381.57]
  [     203.81       446.1]
  [     105.38      441.92]
  [     223.53      516.58]
  [     92.349      517.95]
  [     224.64      574.23]
  [      107.5      586.89]
  [     194.77      587.36]
  [     130.03      585.31]
  [     176.34      679.21]
  [     130.03      681.72]
  [     167.76      761.17]
  [     129.17      774.84]]

 [[     397.76      439.77]
  [     402.37      432.17]
  [     388.98      433.24]
  [          0           0]
  [     370.26      438.07]
  [     425.98      480.82]
  [     349.68       481.7]
  [     447.11       532.4]
  [     333.41      536.61]
  [     438.06      533.01]
  [     338.96      586.91]
  [     412.93      595.56]
  [     363.45       596.3]
  [     412.48      672.12]
  [     364.46      674.06]
  [     416.65      744.81]
  [     367.09      745.48]]

 [[     527.56      394.69]
  [     533.07      385.77]
  [          0           0]
  [     556.64      389.27]
  [          0           0]
  [     596.76      441.41]
  [     530.04      442.89]
  [     606.96      511.04]
  [     515.38      500.12]
  [     584.12      562.58]
  [     514.49      548.92]
  [     572.19      571.87]
  [     524.25      570.29]
  [     582.98      665.75]
  [     530.14      665.59]
  [      597.7      752.73]
  [     540.93      751.99]]]