[[[     1463.7       183.4]
  [     1485.5      159.65]
  [     1452.6       165.6]
  [     1549.8      167.04]
  [          0           0]
  [     1620.4      298.67]
  [     1423.7      307.09]
  [     1662.5      454.26]
  [     1373.6      456.69]
  [     1587.4      576.83]
  [       1373      569.86]
  [     1550.9      621.45]
  [     1418.4       618.6]
  [     1567.9      855.58]
  [     1418.5       842.3]
  [     1581.3      1038.3]
  [     1425.4      1030.5]]

 [[     1121.8       330.6]
  [     1132.6      318.86]
  [     1107.1      314.51]
  [          0           0]
  [       1069      325.45]
  [     1155.9      431.76]
  [     1019.8      422.05]
  [     1179.7         542]
  [     990.68      532.96]
  [     1135.3      634.13]
  [     994.33      631.22]
  [     1126.1      649.79]
  [     1037.2       646.4]
  [     1131.3       806.5]
  [     1045.1      809.28]
  [     1138.5      945.78]
  [     1050.3      941.44]]

 [[     740.99      236.28]
  [     750.73       221.1]
  [     721.17      217.45]
  [          0           0]
  [     675.64      228.49]
  [     778.86      359.51]
  [     622.07       346.8]
  [      804.9      504.43]
  [     603.39      502.89]
  [     811.52      621.94]
  [     637.92      641.94]
  [     767.21      634.18]
  [     666.36      631.76]
  [     738.71      815.01]
  [     663.38       819.1]
  [     726.28      982.36]
  [     655.79      998.43]]]