[[[     870.57      398.39]
  [     874.15      390.66]
  [     861.75      390.47]
  [          0           0]
  [     839.08      395.95]
  [     885.14      452.23]
  [     816.98      449.75]
  [     898.24      518.56]
  [     809.06       518.8]
  [     900.04      574.43]
  [     823.72       581.4]
  [     881.21      577.27]
  [     837.38      577.51]
  [     864.63      667.22]
  [     832.93      668.11]
  [     855.24      746.53]
  [     826.89      757.64]]

 [[     1172.7       392.9]
  [     1176.6      380.83]
  [          0           0]
  [     1202.2      377.23]
  [          0           0]
  [     1251.1      430.82]
  [     1176.9      435.81]
  [       1259      502.55]
  [     1161.4      502.59]
  [     1234.8      560.99]
  [     1161.7      545.99]
  [     1225.2      574.99]
  [     1173.9      575.83]
  [     1232.2      677.05]
  [     1174.8      677.18]
  [     1244.9      763.86]
  [     1179.9       760.1]]

 [[     1043.4      437.15]
  [     1049.1         430]
  [     1035.5      430.85]
  [          0           0]
  [     1020.4      436.11]
  [     1071.1      476.78]
  [     1003.4      477.97]
  [     1080.3      527.08]
  [     992.46      528.43]
  [     1042.4      534.21]
  [     989.51      577.04]
  [     1055.2      587.91]
  [     1010.2      588.05]
  [     1055.7      669.47]
  [       1014      670.28]
  [     1063.2      743.46]
  [     1019.5      742.64]]]