[[[     1259.1      422.14]
  [       1265      414.41]
  [       1250      414.94]
  [          0           0]
  [     1231.2      421.53]
  [     1290.9       472.5]
  [       1210      473.13]
  [     1305.3      536.56]
  [     1196.6      535.92]
  [     1280.8       584.1]
  [     1198.1      591.89]
  [       1275      597.56]
  [       1223      597.41]
  [       1273      689.67]
  [     1225.4      687.67]
  [     1276.6      772.65]
  [     1226.3      768.01]]

 [[     1412.4       363.8]
  [     1419.6      350.43]
  [          0           0]
  [     1453.7      349.26]
  [          0           0]
  [     1506.8      415.71]
  [     1418.3      417.93]
  [     1514.3      504.61]
  [       1402      493.19]
  [     1480.2      569.54]
  [     1398.6      545.87]
  [     1474.4      584.18]
  [     1410.9      583.88]
  [     1483.8      701.98]
  [     1415.1      699.93]
  [       1502      806.02]
  [     1420.5      794.83]]

 [[     1055.4      386.74]
  [     1058.6       378.1]
  [     1046.2      377.51]
  [          0           0]
  [     1020.9      382.73]
  [     1069.3      443.43]
  [     995.89      443.91]
  [     1083.6      518.74]
  [     987.92      521.75]
  [     1086.6      581.11]
  [     1005.5      590.42]
  [     1067.5      583.65]
  [     1020.1       584.7]
  [     1053.5      684.25]
  [     1016.5       686.4]
  [     1043.2      767.82]
  [     1010.5      773.05]]]