[[[     830.77      335.82]
  [     833.55      324.75]
  [     819.03      323.52]
  [          0           0]
  [     783.86      330.32]
  [     844.61      415.14]
  [     746.61      411.69]
  [      863.2      512.47]
  [     736.55      517.73]
  [     868.74      592.39]
  [      760.4      608.42]
  [     843.61      597.73]
  [     780.35      598.67]
  [     825.11      725.03]
  [     778.57      729.79]
  [     817.27      839.95]
  [     772.46      849.16]]

 [[     1087.6      394.43]
  [     1094.2      384.32]
  [     1076.7      383.55]
  [          0           0]
  [     1049.1      388.45]
  [     1118.6       451.8]
  [     1020.5       458.4]
  [     1136.2      532.73]
  [     1004.7      539.19]
  [     1107.9      591.67]
  [     1012.5      604.51]
  [     1103.9      608.13]
  [     1039.1      611.07]
  [     1105.9      724.72]
  [     1045.1         726]
  [     1110.9      832.05]
  [     1046.8      823.49]]

 [[     1309.1      311.26]
  [     1317.2      295.73]
  [          0           0]
  [     1359.6      296.15]
  [          0           0]
  [     1424.4      381.62]
  [     1313.1      380.46]
  [     1439.8      492.57]
  [     1290.8      480.89]
  [     1388.1      571.02]
  [     1280.1      549.76]
  [     1383.4      595.08]
  [     1304.5      590.25]
  [     1388.9      745.02]
  [     1295.3      738.86]
  [     1397.7      877.13]
  [     1296.3      866.32]]]