[[[     1515.1      154.46]
  [     1540.9      130.77]
  [     1499.7      134.27]
  [     1596.7       143.8]
  [          0           0]
  [     1663.2      281.76]
  [       1444      288.71]
  [     1704.6      449.55]
  [     1390.9      445.85]
  [     1619.3      583.46]
  [     1395.7      565.27]
  [       1590      628.57]
  [     1444.7      623.85]
  [     1599.4      891.74]
  [     1437.6      869.06]
  [          0           0]
  [          0           0]]

 [[     1079.5      328.84]
  [     1094.1      312.08]
  [     1062.6      311.11]
  [          0           0]
  [     1029.1      316.34]
  [     1138.8      412.76]
  [     990.39       415.7]
  [     1177.8      519.49]
  [     955.12      532.36]
  [     1126.1      453.72]
  [     924.18      632.46]
  [     1122.3      648.34]
  [     1026.6      649.39]
  [     1137.3      820.44]
  [     1036.4      821.78]
  [     1138.4      963.98]
  [     1050.2      956.91]]

 [[     725.26      211.24]
  [     736.44      196.09]
  [     703.87       191.1]
  [          0           0]
  [     655.11      205.67]
  [     765.31      347.49]
  [     599.31      336.53]
  [      790.7      503.45]
  [     574.88      502.41]
  [        798      626.85]
  [     612.01      650.83]
  [     755.21      641.17]
  [     648.31       639.2]
  [      725.1      834.89]
  [      643.5      840.83]
  [     701.43      1006.5]
  [     633.49      1025.8]]]