[[[     1281.2      332.81]
  [     1292.9      319.44]
  [     1279.4      319.97]
  [     1330.9      323.73]
  [          0           0]
  [     1372.1       399.7]
  [     1273.5      402.59]
  [     1387.2      492.49]
  [     1248.8      487.36]
  [       1347      562.03]
  [     1246.3      552.18]
  [     1335.1      583.95]
  [     1265.9      584.03]
  [     1345.4      716.25]
  [     1267.3      713.84]
  [     1359.2      831.93]
  [     1274.7      819.75]]

 [[     883.82      355.96]
  [     885.38      346.56]
  [     873.36      345.78]
  [          0           0]
  [     842.91      352.79]
  [     894.76      425.92]
  [     811.38      421.39]
  [      909.4      511.84]
  [     799.86      514.48]
  [     912.69      582.57]
  [     821.21      595.94]
  [     890.34      588.03]
  [     836.04      587.22]
  [     869.77      700.87]
  [     828.92      703.77]
  [     856.72      798.18]
  [     820.33      806.97]]

 [[     1100.6      407.49]
  [     1105.6      398.12]
  [     1090.3       398.5]
  [          0           0]
  [     1065.9      404.42]
  [     1126.7      458.14]
  [     1042.2      463.29]
  [       1152      516.98]
  [       1025      534.69]
  [     1119.2      506.37]
  [     1030.7      592.48]
  [     1114.3      602.66]
  [     1057.9      604.34]
  [     1113.7      703.63]
  [       1059      705.42]
  [     1117.2      793.26]
  [     1063.4      788.89]]]