[[[          0           0]
  [          0           0]
  [          0           0]
  [          0           0]
  [     108.23      465.08]
  [     35.057      513.47]
  [     130.78      513.21]
  [     7.4408      561.98]
  [     155.82      581.09]
  [     41.598      595.99]
  [     164.87      631.76]
  [     55.477      659.75]
  [     123.64      658.27]
  [     52.849      702.13]
  [     137.69       695.8]
  [     35.818      808.49]
  [      132.4      808.94]]

 [[     314.47      489.97]
  [     315.86      481.73]
  [          0           0]
  [     334.61      471.45]
  [          0           0]
  [     366.57       493.5]
  [     352.16      499.41]
  [     399.27      539.22]
  [          0           0]
  [     388.03      597.47]
  [          0           0]
  [     372.01      599.18]
  [     366.56      600.35]
  [     360.52      679.16]
  [     375.78      681.91]
  [     371.94      753.32]
  [     405.66      747.75]]]