[[[     904.43      249.77]
  [     925.56      231.16]
  [     901.73      233.91]
  [     989.49      246.03]
  [          0           0]
  [     1074.1      360.17]
  [     898.12      386.13]
  [       1161      493.53]
  [     877.72      547.78]
  [     1129.7      640.38]
  [     848.17      682.96]
  [       1031      704.48]
  [     913.54      707.24]
  [     1043.2      938.42]
  [     922.56      933.61]
  [          0           0]
  [          0           0]]

 [[     693.04      320.76]
  [      716.1       307.2]
  [     685.86      309.07]
  [     763.11      331.54]
  [          0           0]
  [     801.49      444.11]
  [     641.95       425.8]
  [     819.44      583.53]
  [     517.73      411.94]
  [     770.54      692.18]
  [     508.27      282.88]
  [     739.92      723.93]
  [     635.67      718.61]
  [     748.48      919.22]
  [     631.77       910.1]
  [     761.96        1080]
  [     640.46        1071]]

 [[     1295.1      70.575]
  [     1325.5      40.222]
  [     1276.4      52.886]
  [     1407.6       62.16]
  [          0           0]
  [     1507.3      216.96]
  [     1246.8      243.95]
  [     1572.4      430.31]
  [     1187.6      454.94]
  [     1376.9      597.22]
  [     1231.2      583.02]
  [     1456.5      672.46]
  [     1282.2      675.75]
  [     1467.7         995]
  [     1295.7      999.96]
  [          0           0]
  [          0           0]]]