[[[     271.25      476.13]
  [     281.56       471.1]
  [     268.53      469.13]
  [     302.44      479.46]
  [          0           0]
  [     322.39      520.25]
  [     249.68      518.32]
  [     354.29      570.87]
  [     235.06      568.02]
  [      322.5      617.98]
  [     231.26      611.66]
  [     305.46      634.64]
  [     257.58      633.44]
  [     308.25      711.56]
  [     257.56      716.23]
  [     306.58      795.03]
  [     265.74      798.05]]

 [[          0           0]
  [          0           0]
  [          0           0]
  [     87.874      486.85]
  [     126.72       488.2]
  [     55.701      539.89]
  [     147.46      540.67]
  [     38.301       611.1]
  [     171.97      613.33]
  [          0           0]
  [     178.66      651.74]
  [     66.142      679.11]
  [     126.83       678.9]
  [     74.295      742.04]
  [     128.62      736.19]
  [     74.579      839.86]
  [     121.27      836.48]]

 [[     65.464      485.79]
  [          0           0]
  [     56.831      480.75]
  [          0           0]
  [     31.268      491.12]
  [     49.159      529.89]
  [     9.1081      531.66]
  [          0           0]
  [     10.084      590.39]
  [          0           0]
  [          0           0]
  [     45.334      652.88]
  [     16.523      657.21]
  [          0           0]
  [          0           0]
  [          0           0]
  [          0           0]]]