[[[     415.89      491.36]
  [     419.79      482.57]
  [     407.04      484.04]
  [          0           0]
  [     385.23       486.4]
  [     436.05      531.97]
  [     360.69      519.71]
  [     451.19      586.01]
  [     307.03      521.43]
  [     436.25      626.73]
  [     264.23       507.2]
  [     415.74      649.91]
  [     367.83      646.29]
  [     414.73      726.93]
  [     357.03      728.34]
  [     417.82      799.85]
  [     357.38      798.95]]

 [[     652.67      438.88]
  [     662.37      430.34]
  [     646.88      430.97]
  [     684.09      433.52]
  [          0           0]
  [     706.88      482.46]
  [     635.24      483.79]
  [     716.95      550.08]
  [     617.24      541.64]
  [     662.45       586.9]
  [     621.64      583.79]
  [     688.12      614.64]
  [     640.79      613.93]
  [      691.6       711.9]
  [     648.58      712.79]
  [      702.6      809.63]
  [      654.5      807.13]]

 [[     498.69      464.66]
  [     506.87      457.82]
  [     497.78      458.14]
  [      531.3      463.86]
  [          0           0]
  [     558.99      509.55]
  [     492.41       512.7]
  [     582.49      561.68]
  [     474.48      564.53]
  [     551.54      604.98]
  [     468.44      608.53]
  [     545.18      632.43]
  [      500.3      632.15]
  [     551.02      718.76]
  [     501.25      718.96]
  [      559.3       801.5]
  [     504.63      801.56]]]