[[[          0           0]
  [          0           0]
  [          0           0]
  [          0           0]
  [          0           0]
  [          0           0]
  [     76.563      25.779]
  [          0           0]
  [     30.944      458.03]
  [          0           0]
  [     279.14      888.98]
  [          0           0]
  [     159.78      930.92]
  [          0           0]
  [          0           0]
  [          0           0]
  [          0           0]]

 [[          0           0]
  [          0           0]
  [          0           0]
  [          0           0]
  [          0           0]
  [     1599.8      57.482]
  [     1283.9       118.1]
  [     1748.8      334.89]
  [     1239.4      393.12]
  [     1431.6      473.18]
  [     1227.7      446.32]
  [     1526.8      685.54]
  [     1312.6       687.8]
  [          0           0]
  [          0           0]
  [          0           0]
  [          0           0]]

 [[     790.87      158.93]
  [     799.88      140.63]
  [     757.49      138.67]
  [          0           0]
  [     697.35      173.97]
  [     859.93      335.03]
  [     629.61      316.31]
  [     856.17      507.41]
  [     570.85      487.49]
  [     792.19      600.66]
  [     670.36      595.41]
  [     821.32      714.88]
  [      663.2      709.26]
  [     800.31       992.7]
  [     618.99       990.6]
  [          0           0]
  [          0           0]]]