[[[     940.88      466.67]
  [     946.17      459.72]
  [     933.61      458.89]
  [          0           0]
  [     914.59      461.19]
  [     963.81      506.73]
  [     886.68      504.93]
  [     982.51      560.15]
  [     863.13      559.25]
  [      973.7      609.23]
  [     905.01       589.7]
  [     948.29      623.81]
  [      898.6      623.91]
  [     947.64      712.66]
  [     898.26      713.45]
  [     940.68      796.93]
  [     895.63       799.8]]

 [[     1045.9      485.31]
  [     1052.8      478.06]
  [     1038.1      479.54]
  [     1064.7      482.88]
  [       1029       486.5]
  [     1082.9      524.21]
  [     1017.1      527.53]
  [     1091.1      568.25]
  [     994.34      572.57]
  [     1075.5      569.74]
  [     1030.3      561.38]
  [     1070.9      635.19]
  [     1026.6      636.43]
  [     1079.4      720.22]
  [     1025.1      717.04]
  [     1083.9      796.62]
  [     1025.8      800.31]]

 [[          0           0]
  [     1084.8      467.51]
  [          0           0]
  [     1097.3      472.04]
  [          0           0]
  [     1112.1      521.82]
  [     1124.2      516.43]
  [     1105.6      594.34]
  [          0           0]
  [     1090.2      656.77]
  [          0           0]
  [     1112.2      657.76]
  [       1122      654.32]
  [     1118.7      752.72]
  [     1121.3      750.53]
  [     1127.5      848.38]
  [     1127.5      842.82]]]