[[[      342.9      476.48]
  [     351.06      470.96]
  [     338.15      470.46]
  [     366.37       475.9]
  [          0           0]
  [     386.63      515.16]
  [     318.35      514.31]
  [     408.85      564.86]
  [     306.29      561.77]
  [     419.37      612.65]
  [     278.36      603.98]
  [     368.05      619.33]
  [      324.9       618.4]
  [     366.05      692.58]
  [     325.43      693.87]
  [     364.57      771.49]
  [     337.47      771.36]]

 [[          0           0]
  [          0           0]
  [          0           0]
  [          0           0]
  [     214.37      484.33]
  [     154.07      532.13]
  [     233.88      531.92]
  [          0           0]
  [     249.79      599.74]
  [          0           0]
  [          0           0]
  [     161.14      651.25]
  [     217.96      651.21]
  [     166.93      721.94]
  [     229.28      721.19]
  [     170.99       810.7]
  [      215.7      809.35]]

 [[     145.08       485.1]
  [          0           0]
  [     136.75      478.65]
  [          0           0]
  [     115.63      484.89]
  [     140.09       526.6]
  [     99.879      525.06]
  [          0           0]
  [     75.073      567.85]
  [          0           0]
  [     129.08      561.38]
  [      134.2      631.99]
  [     105.13      633.36]
  [     138.19      708.67]
  [     100.07       711.6]
  [     126.18      783.72]
  [     78.516      795.54]]]