[[[          0           0]
  [          0           0]
  [          0           0]
  [      591.5      386.45]
  [          0           0]
  [     575.23       445.3]
  [     702.62      440.17]
  [     544.36      543.57]
  [     743.68      538.51]
  [      558.7      607.95]
  [     746.17      609.61]
  [     605.56      647.91]
  [     692.15      649.27]
  [      610.3      784.15]
  [     688.32      802.37]
  [     611.95      914.49]
  [     686.84      960.26]]

 [[     256.97      433.51]
  [     271.31      419.84]
  [     243.34      417.34]
  [          0           0]
  [      211.9       408.9]
  [      279.4       485.1]
  [     166.93      481.01]
  [     295.26      577.96]
  [     124.48      592.77]
  [      311.2      651.24]
  [     154.54      668.04]
  [     264.43      688.91]
  [     193.47      690.42]
  [      252.6      824.86]
  [     205.45      828.66]
  [     234.68      944.73]
  [      188.1      968.97]]]