[[[     779.41      479.88]
  [      784.5      473.62]
  [     772.69      472.49]
  [          0           0]
  [     754.95      474.66]
  [     799.07      517.83]
  [     730.45      513.51]
  [     815.82       565.3]
  [     707.47      560.59]
  [     809.32      607.13]
  [        746      587.57]
  [     784.21      621.82]
  [     739.35      620.84]
  [      783.8      701.62]
  [     737.46      701.51]
  [     777.04      775.96]
  [     735.05      778.33]]

 [[     877.82      492.64]
  [     881.18      485.54]
  [          0           0]
  [     893.89      488.29]
  [          0           0]
  [      906.3      529.86]
  [     913.81      528.52]
  [     900.45      593.66]
  [          0           0]
  [     889.56      646.59]
  [          0           0]
  [     912.36       646.2]
  [     917.62      644.52]
  [     915.92      728.88]
  [      914.8      728.44]
  [     925.29      807.15]
  [     920.38      802.86]]

 [[     870.68       494.8]
  [     876.16      488.32]
  [     863.56      490.02]
  [          0           0]
  [     854.57      496.57]
  [     901.59      531.42]
  [     843.83      533.96]
  [          0           0]
  [     829.53       579.3]
  [          0           0]
  [     832.13      623.22]
  [     892.53      631.34]
  [     854.14       632.5]
  [     899.36      703.73]
  [     852.31      703.66]
  [     903.82      769.84]
  [     850.81      771.33]]]