[[[     1009.1      358.65]
  [     1017.7      348.53]
  [     996.25      346.37]
  [          0           0]
  [     965.17      353.43]
  [     1039.7      433.03]
  [     917.66      422.41]
  [     1062.5      522.81]
  [     877.32      514.97]
  [       1049      579.83]
  [     957.49      533.85]
  [     1018.8       624.8]
  [     937.86      622.69]
  [     1010.2      766.97]
  [     933.69      768.04]
  [     997.03      897.44]
  [     921.52      904.49]]

 [[     1173.5       387.5]
  [     1183.1      375.82]
  [     1160.5      378.42]
  [     1198.6      387.32]
  [     1140.7      393.77]
  [     1232.9      464.62]
  [     1118.2       467.5]
  [     1249.9      552.68]
  [     1095.8      550.79]
  [     1202.8      621.91]
  [     1133.4      613.71]
  [     1217.5       644.1]
  [     1139.7      644.85]
  [     1229.9      785.89]
  [     1148.9       783.7]
  [     1248.3       918.1]
  [     1160.2       909.8]]

 [[     1263.7      356.85]
  [     1266.3      339.35]
  [          0           0]
  [     1291.4      338.07]
  [          0           0]
  [     1330.1      429.26]
  [     1335.9      420.39]
  [     1307.5      567.49]
  [          0           0]
  [     1270.9      672.03]
  [          0           0]
  [     1330.7      697.73]
  [     1330.1      689.93]
  [     1335.2      883.37]
  [       1319      876.13]
  [     1350.1      1055.4]
  [     1315.8      1025.4]]]