[[[          0           0]
  [          0           0]
  [          0           0]
  [     437.41      330.32]
  [     513.72      326.22]
  [     388.76      420.03]
  [      542.6      407.35]
  [     343.65      543.66]
  [     582.33      528.47]
  [      412.7      585.55]
  [      640.2      634.14]
  [     426.87      676.98]
  [      526.8      673.05]
  [     464.29      865.32]
  [     577.81       854.5]
  [     482.34      1055.3]
  [     467.49      1024.7]]

 [[     277.95       408.2]
  [     288.49      392.22]
  [     262.06       392.5]
  [          0           0]
  [     218.97      388.67]
  [     253.08      461.83]
  [     195.64      468.91]
  [     273.62      579.21]
  [     170.82      595.25]
  [      315.8      641.14]
  [     192.14      693.39]
  [     261.82      691.02]
  [     234.93      699.25]
  [     256.97      834.94]
  [     266.04      843.55]
  [     191.37      951.79]
  [     250.51      1000.3]]]