[[[     868.44      186.52]
  [      891.9      164.79]
  [     864.74      168.46]
  [     962.21      182.05]
  [          0           0]
  [     1056.2      318.34]
  [     865.84      334.48]
  [     1154.3       472.7]
  [     842.17      519.95]
  [     1120.7       635.1]
  [     805.85      670.81]
  [     1007.7      702.53]
  [     882.13      699.71]
  [     1019.1      967.42]
  [     887.08      961.52]
  [          0           0]
  [          0           0]]

 [[     634.11      273.16]
  [     660.34      257.57]
  [     625.18      257.33]
  [     710.98      283.45]
  [          0           0]
  [     752.39      412.21]
  [     575.81      392.18]
  [     769.48      576.69]
  [     502.61      514.91]
  [     708.19      687.96]
  [     469.58      455.67]
  [     682.25       722.2]
  [     563.08      711.03]
  [     689.06         936]
  [     563.53      926.57]
  [          0           0]
  [          0           0]]

 [[          0           0]
  [          0           0]
  [          0           0]
  [          0           0]
  [          0           0]
  [     1559.3      140.12]
  [     1246.3      171.47]
  [     1641.2      382.34]
  [     1192.3      419.36]
  [     1417.9      577.27]
  [     1244.8      565.66]
  [     1504.7       672.4]
  [     1298.1      676.42]
  [       1504      1020.6]
  [     1315.4      1025.7]
  [          0           0]
  [          0           0]]]