[[[     1018.2      331.78]
  [     1027.6      320.88]
  [     1003.3      317.89]
  [          0           0]
  [     967.75      326.15]
  [     1051.5      415.67]
  [     913.82      402.88]
  [     1079.8      516.36]
  [     867.26      505.94]
  [     1076.3      602.11]
  [     963.66      526.96]
  [     1029.8      630.58]
  [     937.62      628.84]
  [     1029.8      789.57]
  [     936.96      791.93]
  [     1027.3      935.77]
  [     926.06      944.37]]

 [[     1318.7      311.12]
  [     1321.2      291.23]
  [          0           0]
  [       1353      290.24]
  [          0           0]
  [     1402.5      395.91]
  [     1417.9      387.91]
  [     1385.4       562.2]
  [          0           0]
  [     1348.9      713.61]
  [          0           0]
  [     1402.4         724]
  [     1408.2      715.35]
  [     1412.3      958.04]
  [       1399      947.51]
  [          0           0]
  [          0           0]]

 [[     1258.8      351.54]
  [       1273      341.06]
  [     1245.3      341.11]
  [     1290.4      359.07]
  [     1222.9      358.77]
  [       1317       445.4]
  [       1192      441.49]
  [     1339.6      544.05]
  [     1169.5      536.13]
  [     1294.2       620.4]
  [     1213.2      611.16]
  [       1290      652.75]
  [     1208.1      647.98]
  [     1285.3      809.65]
  [     1204.2       803.7]
  [     1273.3      957.22]
  [     1205.7      949.08]]]