[[[          0           0]
  [          0           0]
  [          0           0]
  [          0           0]
  [     225.45      478.93]
  [     161.44      525.08]
  [     243.92      521.86]
  [      143.4      588.07]
  [      263.1      585.51]
  [      171.7      619.46]
  [     264.38       628.8]
  [     169.17      649.61]
  [     225.91      648.09]
  [     175.46      718.42]
  [     233.25      716.82]
  [     171.74      798.44]
  [     224.91       801.6]]

 [[     334.13      489.15]
  [     341.22      482.93]
  [     328.89      482.59]
  [      357.8      479.85]
  [          0           0]
  [     385.47       507.7]
  [     315.92      507.28]
  [     423.49      547.84]
  [     308.91      544.74]
  [     413.61      595.14]
  [     310.94      585.12]
  [     370.62      613.45]
  [     326.53      612.05]
  [     368.42      686.19]
  [     325.66      686.19]
  [     365.62      765.72]
  [     338.29      762.34]]

 [[     149.32      476.89]
  [     150.72      469.23]
  [     140.91      469.71]
  [          0           0]
  [     118.42      474.39]
  [     141.86      517.92]
  [     102.33      516.28]
  [          0           0]
  [     85.408       569.6]
  [          0           0]
  [     120.75      610.47]
  [     136.48      623.22]
  [     107.48      624.48]
  [     140.81      701.85]
  [      98.51      705.68]
  [     124.04       777.3]
  [     77.469      788.97]]]