[[[     497.87      466.61]
  [     505.87      459.31]
  [     491.76      458.92]
  [     522.25      462.39]
  [     485.96      461.79]
  [     539.95      510.08]
  [     469.01      500.65]
  [     552.41      557.47]
  [     423.04      530.44]
  [     563.27      578.69]
  [     385.81      552.87]
  [     521.17      618.96]
  [     471.62       614.2]
  [     533.37      699.11]
  [     452.97      695.67]
  [     534.38       780.7]
  [     420.86      773.94]]

 [[     705.66       405.9]
  [     707.31      394.88]
  [          0           0]
  [     722.72      388.26]
  [          0           0]
  [     738.13      435.44]
  [     789.83      436.27]
  [     740.47      517.86]
  [      813.1      514.78]
  [     711.79      580.91]
  [      778.5      555.76]
  [     754.26      597.83]
  [     790.93      596.43]
  [     756.41      725.01]
  [     787.08      719.54]
  [      769.9      848.06]
  [     797.84      834.28]]

 [[     318.64         459]
  [          0           0]
  [     315.78      448.48]
  [          0           0]
  [     297.05      447.55]
  [     290.88      501.68]
  [     245.72      492.51]
  [      297.2      569.35]
  [     226.13      562.62]
  [     318.07      617.93]
  [     277.79      602.78]
  [     285.54      644.48]
  [     253.14       644.3]
  [     281.32      743.95]
  [      243.5      745.86]
  [     278.96      827.86]
  [     212.39      841.49]]]