[[[     904.51         418]
  [     912.67       408.5]
  [     895.06      407.06]
  [          0           0]
  [     871.16      410.07]
  [     931.14      471.23]
  [     835.06      465.15]
  [     952.58      543.38]
  [     802.53      537.96]
  [     949.33      603.09]
  [     861.39      576.51]
  [     915.77         626]
  [     851.41      623.07]
  [     908.25      739.57]
  [     848.12      738.37]
  [     897.61      846.07]
  [     837.74      846.74]]

 [[     1087.2      421.42]
  [     1092.9      410.06]
  [          0           0]
  [     1119.2      415.76]
  [          0           0]
  [     1146.2      470.17]
  [     1143.4      471.68]
  [     1078.8      451.68]
  [          0           0]
  [     1098.7      412.47]
  [          0           0]
  [     1135.1      666.34]
  [     1129.3      663.12]
  [     1142.8      810.55]
  [     1130.7      805.05]
  [     1155.7      932.96]
  [     1144.2      918.74]]

 [[     1029.1      442.86]
  [     1035.7      432.12]
  [       1018      436.88]
  [     1049.1      435.72]
  [     1005.3      447.65]
  [     1078.7      491.66]
  [     994.22      497.86]
  [     1100.2      548.72]
  [     967.84      562.69]
  [     1069.1      562.38]
  [     1005.2      554.64]
  [     1065.2      643.75]
  [     1007.4      645.03]
  [     1083.9      754.44]
  [     1013.2      752.92]
  [     1097.1      855.48]
  [     1031.1      851.42]]]