[[[     918.71      445.76]
  [     923.44      438.33]
  [     910.65      437.58]
  [          0           0]
  [     888.86      440.17]
  [     939.81      488.16]
  [     858.25      486.53]
  [      957.8      545.08]
  [     838.45      545.99]
  [     952.95      595.73]
  [     884.61      577.42]
  [     928.39      610.78]
  [     875.37      611.54]
  [     929.63      705.05]
  [     874.93      705.84]
  [     926.57      793.01]
  [     871.66      798.34]]

 [[     1035.9      462.21]
  [     1042.5      454.29]
  [     1027.1      455.68]
  [     1051.9      459.02]
  [     1014.4      462.52]
  [     1066.5      503.99]
  [      998.5      506.47]
  [     1080.2      556.69]
  [     979.96      551.92]
  [     1065.6      554.35]
  [     1019.1      529.85]
  [     1056.1      623.27]
  [     1009.9      625.31]
  [     1070.2      713.14]
  [     1006.6      715.19]
  [     1076.5      795.28]
  [       1008      797.47]]

 [[          0           0]
  [          0           0]
  [          0           0]
  [     1085.6      450.64]
  [          0           0]
  [     1101.4       504.2]
  [     1117.5      497.21]
  [     1093.5      583.88]
  [          0           0]
  [     1076.6      647.35]
  [          0           0]
  [     1106.7      651.29]
  [     1118.4      646.56]
  [     1113.3      753.81]
  [     1113.1      749.58]
  [     1119.5      852.38]
  [     1111.9      845.41]]]