[[[     907.09       276.7]
  [     926.11      259.36]
  [     904.65      261.59]
  [     985.91      272.71]
  [          0           0]
  [     1063.5      380.11]
  [     903.74      398.41]
  [     1140.5      500.22]
  [     886.64      542.09]
  [     1109.2      633.71]
  [     856.54      663.28]
  [     1023.7      684.22]
  [     918.69      685.28]
  [       1032      889.52]
  [     922.84      890.24]
  [     1067.6      1063.2]
  [     952.29      1059.8]]

 [[     721.36      333.74]
  [     742.31      321.18]
  [      713.7      323.27]
  [     783.47      343.61]
  [          0           0]
  [     814.91      448.15]
  [     668.86      427.93]
  [     827.08      577.68]
  [     556.39       413.7]
  [     782.75      674.92]
  [     541.84       298.3]
  [     755.63      700.83]
  [     660.62       693.8]
  [     762.61      877.86]
  [     656.36      866.85]
  [     775.73      1035.2]
  [     664.06      1013.4]]

 [[     1251.2      131.32]
  [     1277.2      103.76]
  [     1237.5      112.22]
  [     1352.5      119.14]
  [          0           0]
  [       1443      260.22]
  [       1226      281.23]
  [     1485.5      441.48]
  [     1174.4      462.41]
  [     1321.1      592.94]
  [       1202      574.42]
  [     1386.6      656.28]
  [     1239.5      655.35]
  [       1398      944.47]
  [     1256.4      933.88]
  [          0           0]
  [          0           0]]]