[[[      552.5      387.54]
  [     566.97      378.37]
  [     547.63      376.19]
  [     597.76      387.21]
  [          0           0]
  [     625.23      449.14]
  [      533.3      447.16]
  [      653.5      532.68]
  [      521.4      528.21]
  [     613.48      608.46]
  [     512.16       596.5]
  [     593.45      624.46]
  [     532.38       623.6]
  [     596.45      749.64]
  [     544.62      749.05]
  [      603.1      867.46]
  [     555.72      862.67]]

 [[          0           0]
  [          0           0]
  [          0           0]
  [          0           0]
  [     279.46      372.44]
  [     168.34      452.33]
  [     287.46      456.47]
  [          0           0]
  [      310.8      571.46]
  [          0           0]
  [     335.56      637.72]
  [     183.87      674.48]
  [     265.46      677.78]
  [     211.69      827.47]
  [     269.35      832.62]
  [      199.4      978.55]
  [     250.83      990.91]]]