[[[       1263      154.36]
  [     1275.7      136.02]
  [       1236      132.15]
  [          0           0]
  [     1175.4      152.27]
  [     1315.8      302.94]
  [     1095.2       287.9]
  [     1360.5      465.88]
  [     1027.5      453.63]
  [     1364.6      599.36]
  [     1178.5      531.07]
  [     1281.5      648.99]
  [     1136.7      648.89]
  [     1274.1      911.76]
  [     1142.6      915.15]
  [          0           0]
  [          0           0]]

 [[     1685.2       164.9]
  [     1696.8       138.3]
  [     1647.7      151.68]
  [     1721.8      159.65]
  [     1599.9       195.3]
  [     1808.3      299.44]
  [     1547.1      337.82]
  [       1920      386.38]
  [       1497      503.47]
  [     1858.9      470.78]
  [     1497.5      658.58]
  [     1757.5      690.67]
  [     1588.2      695.18]
  [     1742.5      970.87]
  [     1553.4      958.87]
  [          0           0]
  [          0           0]]]