[[[     801.91      472.58]
  [     805.54      467.31]
  [     796.02      466.45]
  [          0           0]
  [     779.61      469.06]
  [     816.55      507.25]
  [     756.93      504.63]
  [     831.81      550.27]
  [     738.91      548.28]
  [     813.09      575.73]
  [     775.02      574.53]
  [     806.88      599.76]
  [     768.17      599.48]
  [     805.34      670.04]
  [     765.15      671.42]
  [     800.93      740.27]
  [     764.55      743.22]]

 [[     897.01      484.45]
  [     903.28      479.48]
  [          0           0]
  [     921.39      486.34]
  [          0           0]
  [     927.36      519.79]
  [     920.15      519.59]
  [     923.33       569.5]
  [          0           0]
  [     906.98      611.04]
  [          0           0]
  [     924.02      620.32]
  [     918.79      619.75]
  [     925.57      693.15]
  [      919.6      694.97]
  [     933.77      765.26]
  [     924.09      762.43]]

 [[     877.49      489.44]
  [     883.34      483.91]
  [     873.86      484.63]
  [      896.9      487.04]
  [          0           0]
  [     911.75       519.6]
  [     869.49       521.6]
  [          0           0]
  [     857.65      559.39]
  [          0           0]
  [     852.35      594.22]
  [      904.5       609.4]
  [     876.01      609.61]
  [     906.15      675.09]
  [     873.36      674.88]
  [     907.61      738.21]
  [     875.11      737.32]]]