[[[          0           0]
  [          0           0]
  [          0           0]
  [     887.26      463.49]
  [          0           0]
  [     883.17       507.6]
  [     961.33      507.11]
  [     871.23      579.88]
  [     975.71      580.46]
  [     857.45      645.06]
  [     964.57       620.1]
  [     893.55      647.81]
  [     950.09      645.34]
  [     891.85      748.96]
  [      944.1      738.69]
  [     905.03      848.02]
  [     960.71      807.42]]

 [[     579.82      516.35]
  [     586.32      510.84]
  [     575.59      509.45]
  [     593.89      504.33]
  [     564.03      500.27]
  [     602.01      526.21]
  [     540.49      519.96]
  [     615.94       560.8]
  [     511.05      547.54]
  [      605.6      596.53]
  [      521.8       583.8]
  [     581.69      613.68]
  [     541.81      611.15]
  [     586.01      680.07]
  [     530.68      679.11]
  [     585.06       746.2]
  [     525.72       745.5]]

 [[     683.59       508.6]
  [     688.98      502.72]
  [     679.52      503.15]
  [     702.33      502.75]
  [          0           0]
  [     721.34      534.52]
  [     669.12      536.73]
  [     736.07      572.16]
  [     659.78      575.61]
  [     735.91      608.15]
  [      653.2      613.17]
  [     710.65      623.29]
  [     676.41      623.48]
  [     711.82      684.32]
  [      674.1      683.85]
  [     714.42       744.2]
  [     673.02      744.26]]]