[[[          0           0]
  [          0           0]
  [          0           0]
  [          0           0]
  [          0           0]
  [     1589.2       108.6]
  [     1263.5      145.04]
  [     1679.3      357.23]
  [     1203.9      399.75]
  [     1447.2      564.56]
  [     1265.4      545.35]
  [     1526.7      662.64]
  [     1311.6      664.49]
  [     1523.8      1025.5]
  [     1329.5      1018.4]
  [          0           0]
  [          0           0]]

 [[     632.99      250.11]
  [     660.03      235.05]
  [     623.21      233.66]
  [     708.08      262.69]
  [          0           0]
  [     750.36      392.74]
  [     572.06      378.72]
  [     767.99      562.22]
  [     549.52      522.82]
  [     706.95       672.9]
  [     517.76       511.3]
  [     681.53      705.14]
  [     560.07      695.14]
  [     686.28      923.53]
  [     559.13      914.55]
  [          0           0]
  [          0           0]]

 [[     869.08      158.26]
  [     894.41      133.12]
  [     865.05      138.98]
  [     972.81      154.87]
  [          0           0]
  [     1073.9      297.72]
  [     856.37      325.78]
  [     1168.8      446.82]
  [     829.73      507.64]
  [       1131      625.37]
  [     803.35      659.22]
  [       1015      688.85]
  [      871.5      690.32]
  [     1028.6      964.84]
  [     886.52      949.42]
  [          0           0]
  [          0           0]]]