[[[     900.97      446.47]
  [      905.6      439.18]
  [     893.33         438]
  [          0           0]
  [     871.29      439.89]
  [     920.64      489.29]
  [     839.75      486.47]
  [     939.86      546.84]
  [      818.1      546.14]
  [     936.48      599.47]
  [     864.31         579]
  [     910.04      614.46]
  [     857.31      614.65]
  [        912      709.97]
  [     856.46      710.13]
  [     908.35      799.81]
  [     851.25      802.74]]

 [[     1018.1      461.52]
  [       1025      454.33]
  [     1009.2      455.55]
  [       1035      462.47]
  [     996.31      465.29]
  [     1054.5      509.85]
  [     980.02      512.98]
  [     1069.1       558.3]
  [     964.14      559.35]
  [     1048.4      551.69]
  [     1004.4      540.95]
  [     1044.8      629.14]
  [     993.62      631.17]
  [     1055.6      714.28]
  [     989.52      717.37]
  [     1065.9       799.8]
  [     992.98      802.02]]

 [[          0           0]
  [          0           0]
  [          0           0]
  [     1067.8      453.39]
  [          0           0]
  [     1084.7      506.49]
  [     1104.8      501.31]
  [     1075.4      584.03]
  [          0           0]
  [     1058.7      650.33]
  [          0           0]
  [       1088      655.13]
  [     1102.6      651.12]
  [       1095      763.09]
  [     1098.2      757.55]
  [     1102.1      865.04]
  [     1100.9      855.96]]]