[[[          0           0]
  [          0           0]
  [          0           0]
  [       1417      225.81]
  [          0           0]
  [     1357.9      346.29]
  [     1701.4      320.57]
  [     1269.5      594.11]
  [     1850.3      568.05]
  [     1252.5      765.99]
  [       1879      770.18]
  [     1446.2      851.38]
  [     1668.6      834.76]
  [          0           0]
  [          0           0]
  [          0           0]
  [          0           0]]

 [[          0           0]
  [          0           0]
  [          0           0]
  [       1715      293.43]
  [          0           0]
  [     1723.7      395.56]
  [     1884.8      372.02]
  [          0           0]
  [          0           0]
  [          0           0]
  [          0           0]
  [       1768      722.65]
  [     1868.4      709.61]
  [     1791.7      923.87]
  [     1841.8      919.98]
  [          0           0]
  [     1834.1      1070.1]]]