[[[     210.98      477.15]
  [     216.06      466.09]
  [          0           0]
  [     243.53      460.36]
  [          0           0]
  [     267.37       503.3]
  [     265.88      503.57]
  [     288.31      563.49]
  [          0           0]
  [     237.19      608.83]
  [          0           0]
  [     253.28      657.87]
  [     259.84      655.03]
  [     201.27      751.17]
  [          0           0]
  [          0           0]
  [          0           0]]

 [[     629.71      440.93]
  [     630.59      428.75]
  [          0           0]
  [      647.7      415.41]
  [          0           0]
  [     668.44      452.77]
  [     725.67       459.3]
  [     686.92      538.98]
  [     756.04      544.04]
  [     660.41      620.33]
  [     731.84      602.06]
  [     685.43      630.95]
  [     732.02      632.87]
  [     621.08      740.59]
  [     711.02      755.94]
  [     703.58      854.36]
  [     722.66       876.7]]]