[[[     923.97      475.22]
  [      929.2      468.94]
  [     917.16      467.91]
  [          0           0]
  [     900.02      470.97]
  [     947.12      516.73]
  [     873.07      513.14]
  [     967.27       570.6]
  [     849.34      563.92]
  [     957.07      615.77]
  [     887.57      594.03]
  [     932.51      631.08]
  [     884.87      630.25]
  [      929.4      715.33]
  [        883      716.16]
  [     922.86      797.35]
  [     880.08      797.83]]

 [[       1034      494.24]
  [       1042      487.98]
  [     1026.9      487.65]
  [     1053.2      494.43]
  [     1016.2      493.82]
  [     1068.3      535.86]
  [     1000.6      535.57]
  [     1074.3      579.36]
  [     982.65      579.28]
  [     1042.7      586.36]
  [     1005.6      590.51]
  [     1054.8      641.73]
  [     1009.3      641.41]
  [     1061.2      722.16]
  [     1007.2      720.81]
  [     1064.7      798.43]
  [     1009.5       796.3]]

 [[     1062.7      487.17]
  [     1065.9      479.49]
  [          0           0]
  [     1080.6      483.25]
  [          0           0]
  [     1092.1      529.65]
  [     1104.5      525.17]
  [     1086.8      598.58]
  [          0           0]
  [     1071.7      659.62]
  [          0           0]
  [       1094      660.05]
  [     1104.7      657.11]
  [     1099.5      753.16]
  [       1102      751.26]
  [     1103.7      842.72]
  [     1103.8      837.88]]]