[[[          0           0]
  [          0           0]
  [          0           0]
  [          0           0]
  [          0           0]
  [     1549.8       164.8]
  [     1200.7      223.48]
  [     1726.9      420.74]
  [     1152.6       509.1]
  [     1673.8      698.41]
  [     1105.2      727.73]
  [     1454.3      813.11]
  [     1218.8      812.49]
  [          0           0]
  [          0           0]
  [          0           0]
  [          0           0]]

 [[     922.79      160.27]
  [     947.27       142.4]
  [     891.58      139.25]
  [     968.14      197.07]
  [     835.87      187.41]
  [     1008.4      372.64]
  [     759.09      298.53]
  [     1035.9       573.9]
  [     616.58      227.95]
  [     951.34      730.19]
  [     694.37      46.472]
  [     920.35      781.07]
  [     753.65      758.37]
  [          0           0]
  [          0           0]
  [          0           0]
  [          0           0]]]