[[[     329.94      480.24]
  [     338.05      474.19]
  [     326.51      473.94]
  [     357.88      477.46]
  [          0           0]
  [     382.03      514.62]
  [     317.08      516.88]
  [     404.62      561.99]
  [      303.8      563.18]
  [     423.53      606.65]
  [     277.46      604.12]
  [     368.59      618.82]
  [     327.57      619.12]
  [     365.59      692.05]
  [     327.59      695.15]
  [     362.85      772.02]
  [     339.43      771.72]]

 [[          0           0]
  [          0           0]
  [          0           0]
  [          0           0]
  [     207.86      485.76]
  [     149.52      535.15]
  [     229.57      531.19]
  [          0           0]
  [     246.38      595.27]
  [          0           0]
  [          0           0]
  [     160.51      651.31]
  [     216.94      649.82]
  [     172.63      720.73]
  [     235.05      717.59]
  [     170.76      807.16]
  [     222.29      804.58]]

 [[     144.96      482.13]
  [          0           0]
  [      136.7      475.99]
  [          0           0]
  [     114.83       483.3]
  [     140.52      524.96]
  [     99.716      524.07]
  [          0           0]
  [     91.751      558.19]
  [          0           0]
  [     130.55      525.69]
  [     136.56         630]
  [     106.43      631.84]
  [     141.51       706.9]
  [     102.79      710.44]
  [     126.39      782.86]
  [     79.843      794.75]]]