[[[     805.68      486.36]
  [     810.49      481.13]
  [     800.47      479.88]
  [          0           0]
  [     786.12      479.99]
  [     822.77      516.33]
  [     764.36      513.28]
  [     837.46       559.6]
  [     745.31      555.33]
  [     829.76      596.56]
  [     778.79      566.19]
  [     811.94       609.6]
  [     774.05      608.91]
  [     811.48      676.58]
  [     772.38      676.17]
  [     806.29      740.02]
  [     772.24      740.51]]

 [[          0           0]
  [          0           0]
  [          0           0]
  [     905.11      498.06]
  [          0           0]
  [     919.38      534.59]
  [     935.83      532.38]
  [     914.03      583.73]
  [          0           0]
  [     896.51       619.8]
  [          0           0]
  [     918.76       631.9]
  [     929.07      629.67]
  [     924.72      699.68]
  [     923.84       699.6]
  [     936.45      767.08]
  [      928.4       763.6]]

 [[     877.52      500.68]
  [     882.89      495.54]
  [     875.88      495.66]
  [     896.85      498.68]
  [          0           0]
  [     912.53      530.37]
  [     873.44      530.12]
  [          0           0]
  [     863.15      570.02]
  [          0           0]
  [     868.74      603.92]
  [     902.58      616.48]
  [     875.34      615.24]
  [     903.22       679.8]
  [     871.64      677.96]
  [     903.64      737.69]
  [     873.43      735.69]]]