[[[          0           0]
  [          0           0]
  [     295.56       308.8]
  [          0           0]
  [     265.34      321.48]
  [     136.93      425.51]
  [     272.38      433.14]
  [          0           0]
  [     304.65      583.17]
  [          0           0]
  [     355.74      679.07]
  [     155.21      730.89]
  [     247.96      739.03]
  [     162.09      959.56]
  [     256.49      957.96]
  [          0           0]
  [          0           0]]

 [[     672.51      345.73]
  [     690.14      334.42]
  [     667.37      331.55]
  [     729.51       346.3]
  [          0           0]
  [     766.93      425.95]
  [     659.53      423.81]
  [     798.93      530.28]
  [      651.6      530.81]
  [     729.39      612.99]
  [     630.59      610.99]
  [     733.75      644.21]
  [     662.95      638.84]
  [     739.68      807.54]
  [     670.21      802.45]
  [     743.48      961.47]
  [     681.27      950.83]]

 [[     338.55      375.39]
  [     345.82      363.79]
  [     324.38      360.74]
  [          0           0]
  [     288.81      366.67]
  [     341.33      460.35]
  [      252.3      451.48]
  [     335.09      570.72]
  [          0           0]
  [      349.1      664.13]
  [          0           0]
  [     337.83      669.77]
  [     276.94      670.85]
  [     341.33      829.35]
  [     290.81      829.75]
  [     326.26      954.05]
  [      288.4      959.65]]]