[[[          0           0]
  [          0           0]
  [          0           0]
  [     310.74      483.89]
  [     355.08       485.6]
  [      275.9      538.13]
  [     363.87      539.16]
  [     252.81      608.91]
  [     380.36      612.77]
  [     283.02      637.41]
  [     388.43      658.99]
  [     278.95      681.93]
  [      340.6      683.91]
  [     288.64      765.96]
  [     355.25      765.12]
  [     286.32      863.49]
  [     347.87      869.94]]

 [[     476.98      476.45]
  [     486.35         470]
  [     472.57      468.87]
  [     505.75       474.4]
  [          0           0]
  [     528.19      516.47]
  [     458.25      516.27]
  [     552.62       569.7]
  [     447.37      560.47]
  [     533.98      620.57]
  [     440.51       597.2]
  [     513.79      637.01]
  [     469.19      636.36]
  [     518.11      718.68]
  [     478.99      721.21]
  [     518.94      807.31]
  [     495.26      794.21]]

 [[     281.53      491.94]
  [      283.7       484.8]
  [     271.63      485.07]
  [          0           0]
  [     248.34      492.38]
  [     282.53      536.13]
  [     231.55      533.31]
  [          0           0]
  [     222.58      594.77]
  [          0           0]
  [     269.44      624.14]
  [     271.45      655.01]
  [     235.22       655.1]
  [          0           0]
  [     243.46      746.39]
  [          0           0]
  [          0           0]]]