[[[     762.56      485.84]
  [     767.95      479.87]
  [     756.47      478.57]
  [          0           0]
  [     740.78      480.63]
  [     783.74      525.05]
  [     712.77      520.93]
  [     801.82      574.85]
  [     690.13      569.82]
  [     792.23      615.21]
  [     726.62      599.73]
  [      767.9      631.32]
  [     722.23      630.15]
  [     767.15      711.29]
  [     721.04      711.23]
  [     762.18      787.09]
  [     720.41      788.73]]

 [[     873.89      500.77]
  [     877.65      493.31]
  [          0           0]
  [     892.72      496.46]
  [          0           0]
  [     907.09      539.38]
  [      908.2      536.14]
  [     900.52      605.69]
  [          0           0]
  [     886.86      655.52]
  [          0           0]
  [     913.48      656.93]
  [     913.91      654.33]
  [      911.6      739.84]
  [     906.87      739.54]
  [     921.85      822.61]
  [     909.84       818.9]]

 [[     860.17      504.13]
  [     866.76      497.47]
  [     853.57      497.73]
  [     876.55      501.24]
  [     844.28      501.86]
  [     889.89      541.97]
  [     832.22      542.16]
  [          0           0]
  [     821.19      590.88]
  [          0           0]
  [      817.9      637.52]
  [     880.83      641.53]
  [     842.37      641.54]
  [     887.06      715.15]
  [     838.28      714.39]
  [     897.45      785.62]
  [     836.42      784.83]]]