[[[          0           0]
  [          0           0]
  [          0           0]
  [          0           0]
  [          0           0]
  [     1769.8       39.55]
  [     1328.4      86.092]
  [     1883.6      332.21]
  [     1267.3      369.06]
  [     1601.8      596.15]
  [       1347      567.28]
  [       1695      723.41]
  [     1396.1      721.84]
  [          0           0]
  [          0           0]
  [          0           0]
  [          0           0]]

 [[     576.09      224.24]
  [     605.98      206.13]
  [      568.6      207.74]
  [     671.51      237.24]
  [          0           0]
  [     727.67      382.96]
  [     525.39      371.87]
  [     745.18      587.38]
  [     492.79      541.01]
  [     670.91      721.25]
  [     421.88      478.63]
  [      651.9       754.7]
  [      510.2      744.42]
  [     656.37      1027.3]
  [     513.31      1018.3]
  [          0           0]
  [          0           0]]

 [[     866.65      112.32]
  [     895.46      80.595]
  [     859.05      92.589]
  [     987.86      99.413]
  [          0           0]
  [     1113.3      261.35]
  [     863.35      299.69]
  [     1223.4       454.2]
  [     833.24      516.13]
  [     1188.7      654.64]
  [     802.21       691.5]
  [     1056.5      735.02]
  [     890.37      737.81]
  [       1061      1047.4]
  [          0           0]
  [          0           0]
  [          0           0]]]