[[[     518.22      464.18]
  [     527.32      457.62]
  [      514.3      457.03]
  [     547.53      462.09]
  [          0           0]
  [     569.62      505.11]
  [      502.5       505.1]
  [     590.61       560.6]
  [     492.04       558.1]
  [      568.7      611.34]
  [     489.48      601.74]
  [      553.2      621.53]
  [     509.64      620.66]
  [     560.55      702.78]
  [     513.34      705.15]
  [     564.74      785.85]
  [     518.97      789.53]]

 [[     330.38      478.81]
  [          0           0]
  [     322.38      471.25]
  [          0           0]
  [     300.28      474.51]
  [     327.25      517.91]
  [     278.26      517.83]
  [          0           0]
  [     280.03      578.99]
  [          0           0]
  [     320.09      604.93]
  [     324.92      633.43]
  [     289.06      635.06]
  [     322.25      720.72]
  [     284.17      723.24]
  [          0           0]
  [     265.82      807.96]]

 [[          0           0]
  [          0           0]
  [          0           0]
  [     354.44      475.93]
  [     389.52      478.26]
  [     324.31      526.39]
  [     399.67      528.68]
  [     302.16      593.84]
  [     419.39      596.19]
  [     331.66         625]
  [     429.35      631.28]
  [     330.19      655.53]
  [     382.37       657.5]
  [     332.96      735.95]
  [     394.98      739.18]
  [     323.33      825.39]
  [     383.49      837.61]]]