[[[          0           0]
  [          0           0]
  [          0           0]
  [          0           0]
  [     231.71      363.85]
  [     111.22      453.01]
  [     235.24      458.96]
  [          0           0]
  [     267.49      581.91]
  [          0           0]
  [     299.99      652.22]
  [      131.3      690.62]
  [     220.04       694.7]
  [     146.28      863.81]
  [     231.53      862.18]
  [     137.71      1034.7]
  [     217.22        1032]]

 [[     517.21      381.66]
  [     531.99      371.91]
  [     513.24      370.12]
  [     566.14      380.86]
  [          0           0]
  [     597.39      441.16]
  [     506.83      444.91]
  [     632.23      531.77]
  [     494.98      533.38]
  [     589.89      612.22]
  [     482.48      604.99]
  [      570.5      630.59]
  [     510.51      631.59]
  [     576.76      763.65]
  [     523.98       763.6]
  [     592.87       890.6]
  [     541.92      881.75]]]