[[[     717.73      472.28]
  [     723.05      460.68]
  [     706.69      462.76]
  [          0           0]
  [     679.03      465.26]
  [     743.57      514.77]
  [     651.11      511.11]
  [     761.66      585.34]
  [     588.33      525.66]
  [     746.67      645.47]
  [     577.43       490.5]
  [     723.24      665.72]
  [     662.51      663.57]
  [     723.75      770.51]
  [     660.66      766.73]
  [     727.59      859.61]
  [     663.59      857.04]]

 [[     997.92      383.11]
  [     1006.5      371.03]
  [          0           0]
  [     1042.3      372.29]
  [          0           0]
  [     1097.7      434.81]
  [     999.98      446.69]
  [     1112.1      530.95]
  [     977.75      532.32]
  [     1033.8      590.83]
  [     985.81      588.57]
  [       1078      628.84]
  [     1011.4      630.52]
  [       1089       768.9]
  [     1022.8      767.52]
  [     1098.3      902.87]
  [       1032      893.98]]

 [[     866.84      423.47]
  [     872.33      414.76]
  [     853.75      417.18]
  [          0           0]
  [     831.38      432.32]
  [     910.23      483.91]
  [     819.67      497.49]
  [     951.93      550.77]
  [     807.37      576.15]
  [     936.91       618.3]
  [     795.97      643.31]
  [     894.09      650.77]
  [     834.17      653.88]
  [     901.71      766.76]
  [     832.97      767.94]
  [     905.48      877.11]
  [     842.03      870.12]]]