[[[     576.79      366.45]
  [     596.65      358.09]
  [     572.79      358.06]
  [     634.07      383.57]
  [          0           0]
  [     661.49      476.18]
  [     531.74      451.15]
  [     673.03      586.49]
  [     436.02      416.15]
  [     636.95         666]
  [     363.41      348.41]
  [     612.14      689.55]
  [     527.17      680.25]
  [     621.87      843.13]
  [     523.79      837.34]
  [     631.24      980.45]
  [     527.99      969.44]]

 [[     1033.2      238.99]
  [     1054.8      222.24]
  [     1021.5      224.64]
  [     1101.5      238.06]
  [          0           0]
  [     1157.9      340.42]
  [     991.57      354.43]
  [     1186.8      481.16]
  [     959.93      492.02]
  [     1078.8      579.95]
  [     990.62      571.03]
  [     1124.3      634.73]
  [       1016      639.07]
  [     1118.9      853.19]
  [     1038.7      853.11]
  [     1123.6      1049.1]
  [     1063.7      1045.1]]

 [[     740.97      336.52]
  [     755.63      320.63]
  [     737.22      324.14]
  [     804.31       329.6]
  [          0           0]
  [     868.85      421.22]
  [      737.1      439.53]
  [      931.2      522.34]
  [     723.76      555.85]
  [      905.6      625.16]
  [     699.34      654.06]
  [     839.29      669.76]
  [     752.49      672.14]
  [     850.24      840.26]
  [     758.83      839.61]
  [     879.32      1002.8]
  [      783.1      984.38]]]