[[[       1015      317.95]
  [     1025.4      306.38]
  [     1000.7      303.16]
  [          0           0]
  [     964.55      310.11]
  [     1051.7      403.92]
  [     910.24      391.36]
  [     1078.6      507.91]
  [      863.2      496.52]
  [     1075.8         592]
  [     962.47      517.59]
  [     1030.9      624.22]
  [     936.72      622.91]
  [     1024.6       790.1]
  [     929.55      791.21]
  [       1015      940.39]
  [     914.31      947.26]]

 [[          0           0]
  [     1321.7      277.21]
  [          0           0]
  [     1348.2      279.47]
  [          0           0]
  [     1422.8      390.71]
  [     1419.5      379.38]
  [     1411.6      561.88]
  [          0           0]
  [     1353.1      709.23]
  [          0           0]
  [     1410.9      728.55]
  [     1402.1      716.77]
  [       1426      962.18]
  [          0           0]
  [          0           0]
  [          0           0]]

 [[     1267.8      341.75]
  [     1280.5      329.27]
  [     1252.8      331.05]
  [     1296.9      346.17]
  [     1228.8         350]
  [     1329.4      436.17]
  [     1203.1      432.12]
  [     1358.4      537.73]
  [     1171.8      532.31]
  [     1302.1      622.73]
  [     1215.2      610.79]
  [     1294.1      648.23]
  [     1210.5      641.86]
  [       1284       809.6]
  [     1179.7      800.95]
  [     1268.6      960.32]
  [     1189.6      948.27]]]