[[[     756.17      477.83]
  [     761.55      471.74]
  [     749.73      470.45]
  [          0           0]
  [     732.96      472.67]
  [     778.18      517.53]
  [     705.13      513.35]
  [     799.23      570.76]
  [        681      562.93]
  [     788.49      616.36]
  [     719.25       594.7]
  [     763.01      629.81]
  [     716.06      628.96]
  [     761.42      711.78]
  [     714.63      713.61]
  [     756.56      790.52]
  [     712.53      792.04]]

 [[      861.6      496.49]
  [     867.02      489.93]
  [     853.94      491.56]
  [      875.6       494.9]
  [     843.27      498.96]
  [     895.55      535.64]
  [     830.46      539.61]
  [      908.3      580.42]
  [     818.46      586.36]
  [      894.9       612.4]
  [     826.32      626.41]
  [     883.04      635.43]
  [     839.94      636.83]
  [     889.62      713.73]
  [     837.46      712.54]
  [     893.33      787.18]
  [     838.31      789.03]]

 [[          0           0]
  [          0           0]
  [          0           0]
  [     914.08       489.1]
  [          0           0]
  [     928.43      534.25]
  [     935.41      529.59]
  [     922.18      601.32]
  [          0           0]
  [     904.63      656.38]
  [          0           0]
  [     928.11      657.09]
  [     933.58      653.62]
  [     926.28      743.27]
  [      925.6       740.6]
  [     930.51      829.82]
  [      925.3      824.71]]]