[[[     791.09      453.56]
  [     795.53      447.95]
  [     785.05       447.1]
  [          0           0]
  [     769.09      449.74]
  [     809.34      488.42]
  [     745.92      486.18]
  [     826.89      534.94]
  [     724.78      531.16]
  [     817.11      574.44]
  [     758.81      557.24]
  [     796.77      586.64]
  [     755.42      586.28]
  [     795.24       662.8]
  [     753.19      664.52]
  [     792.84      735.87]
  [     751.43      736.01]]

 [[     884.92      467.12]
  [     890.93      461.21]
  [     878.72      461.38]
  [     899.49      465.83]
  [     869.63      466.11]
  [     913.37      504.01]
  [     860.57      504.13]
  [          0           0]
  [     846.42      548.12]
  [          0           0]
  [     851.03      587.51]
  [     902.86      598.21]
  [     868.07      598.18]
  [     908.96      666.88]
  [     866.21      667.22]
  [      911.4       733.9]
  [     868.01      730.55]]

 [[          0           0]
  [     901.53      460.54]
  [          0           0]
  [     917.22      463.71]
  [          0           0]
  [     930.54      504.88]
  [     935.01      501.42]
  [     916.16      562.62]
  [          0           0]
  [      896.2      604.65]
  [          0           0]
  [     924.69      615.04]
  [     928.14      612.07]
  [     925.12      691.38]
  [     922.68      690.76]
  [     934.09      765.59]
  [     928.06      760.88]]]