[[[     225.13      428.85]
  [     238.37      414.81]
  [     211.94      415.42]
  [     265.94      411.39]
  [     197.76      413.76]
  [     296.99      480.28]
  [     171.28         474]
  [     317.54      561.99]
  [     103.99      514.85]
  [     324.94      634.97]
  [     71.417      532.85]
  [     271.58      667.11]
  [     193.19      666.25]
  [     259.95      799.06]
  [     193.62      798.67]
  [     253.39      904.24]
  [     176.26      933.66]]

 [[     618.87      420.13]
  [     630.02      409.88]
  [     612.12      409.88]
  [     655.21      412.83]
  [          0           0]
  [     683.86      470.78]
  [     601.23      473.71]
  [      717.9      536.66]
  [     574.72      538.63]
  [     706.56      584.11]
  [     534.62      590.17]
  [     662.27      626.62]
  [     614.49      625.95]
  [     638.94      743.18]
  [      636.1      733.23]
  [     648.27      845.18]
  [     684.48      815.64]]]