[[[     155.86      214.18]
  [          0           0]
  [     144.19      181.61]
  [          0           0]
  [     63.486      169.56]
  [          0           0]
  [      56.57      315.38]
  [          0           0]
  [     98.942      561.14]
  [          0           0]
  [     201.25      727.02]
  [          0           0]
  [     70.836      808.69]
  [          0           0]
  [          0           0]
  [          0           0]
  [          0           0]]

 [[     707.48      251.03]
  [     728.65      233.89]
  [     702.84      234.12]
  [     785.83      245.91]
  [          0           0]
  [     843.22      349.36]
  [     706.78         361]
  [     895.69      495.07]
  [     698.04      505.73]
  [      821.6       622.4]
  [     670.08      617.72]
  [     801.98      652.16]
  [     712.67      651.23]
  [     812.75      865.75]
  [     729.16      861.13]
  [     827.03      1058.3]
  [     753.08        1047]]

 [[     302.14      308.78]
  [      319.7       293.3]
  [     281.92      295.68]
  [     346.41      315.72]
  [     250.96      319.19]
  [     387.69      431.73]
  [     200.99      418.88]
  [     376.39       557.7]
  [          0           0]
  [          0           0]
  [          0           0]
  [     363.12      712.09]
  [     239.64      707.25]
  [     335.37      909.95]
  [     213.74      903.89]
  [     295.09      1066.3]
  [     185.29      1060.5]]]