[[[     251.37      483.68]
  [     261.24      478.49]
  [     249.37       476.9]
  [     283.52      486.93]
  [          0           0]
  [     304.29      529.71]
  [     233.26      527.17]
  [     333.09      580.48]
  [     220.33      576.72]
  [     306.22      632.03]
  [     213.86      621.11]
  [     286.01       647.6]
  [      238.2      645.43]
  [     287.51      729.79]
  [     237.97      727.95]
  [      291.8      810.02]
  [     247.86      810.66]]

 [[          0           0]
  [          0           0]
  [          0           0]
  [          0           0]
  [     105.84      496.05]
  [     33.588      548.11]
  [     126.05      545.96]
  [     12.383      617.03]
  [     144.98      615.65]
  [          0           0]
  [     156.48         659]
  [     45.666      685.91]
  [     107.89      685.62]
  [     49.465      761.25]
  [      105.5      761.06]
  [      60.79      857.68]
  [     100.76      857.42]]

 [[     32.077      492.81]
  [          0           0]
  [     23.199      487.37]
  [          0           0]
  [     2.0306      497.95]
  [          0           0]
  [          0           0]
  [          0           0]
  [          0           0]
  [          0           0]
  [          0           0]
  [          0           0]
  [          0           0]
  [          0           0]
  [          0           0]
  [          0           0]
  [          0           0]]]