[[[     1471.2      158.25]
  [     1468.2       107.8]
  [          0           0]
  [     1568.7      46.328]
  [          0           0]
  [     1592.3      169.39]
  [     1874.4      182.32]
  [       1550      528.34]
  [          0           0]
  [     1448.9      816.37]
  [          0           0]
  [     1693.4      897.73]
  [          0           0]
  [          0           0]
  [          0           0]
  [          0           0]
  [          0           0]]

 [[     382.89      490.91]
  [     388.82      485.89]
  [     377.62       484.4]
  [          0           0]
  [      364.5      484.08]
  [     404.82      516.54]
  [      342.2      514.46]
  [     422.25      553.95]
  [     316.92      552.16]
  [     418.09      580.99]
  [     345.74      553.11]
  [     393.78      611.17]
  [     352.82      611.08]
  [     398.63      680.28]
  [     352.64      682.25]
  [     403.98      747.77]
  [     352.57      748.22]]

 [[     698.27       505.2]
  [        704      500.02]
  [     692.98      500.21]
  [     712.49      503.72]
  [     685.62      504.23]
  [     726.73      535.54]
  [     673.04       536.9]
  [     751.28      568.55]
  [     651.19      572.87]
  [     737.47      600.79]
  [     665.64      608.33]
  [     715.98      623.07]
  [     681.43      623.09]
  [     715.39      685.51]
  [     679.63      684.33]
  [     715.14      745.49]
  [      683.2      742.61]]]