[[[     918.51       441.1]
  [     924.68      432.94]
  [     910.27      432.26]
  [          0           0]
  [     889.21      435.46]
  [     941.36      486.95]
  [     859.18      483.41]
  [     962.14      548.08]
  [     833.63      544.84]
  [      956.6      599.24]
  [     883.17       580.9]
  [     929.41      620.67]
  [     875.11      619.83]
  [     930.56      716.67]
  [     876.08      717.97]
  [     929.21      807.33]
  [     870.24      806.59]]

 [[     1032.9      462.88]
  [     1039.4      454.39]
  [     1023.6      457.57]
  [     1051.9      458.52]
  [     1013.3      466.53]
  [     1077.3      504.87]
  [     1001.1      511.85]
  [     1091.8      558.42]
  [     985.86      562.89]
  [     1070.4      556.53]
  [       1029      552.41]
  [     1065.1      631.38]
  [     1013.6      634.37]
  [     1074.4      725.28]
  [     1009.1      726.08]
  [     1089.2      809.38]
  [     1015.3      812.29]]

 [[          0           0]
  [     1082.5      441.11]
  [          0           0]
  [     1094.2      444.48]
  [          0           0]
  [       1117      502.03]
  [     1133.3      493.41]
  [     1103.2      585.77]
  [          0           0]
  [     1087.1      655.46]
  [          0           0]
  [     1121.2      660.09]
  [     1130.9      654.52]
  [     1124.4      769.45]
  [     1126.2      762.46]
  [     1134.1      867.89]
  [     1129.5      857.39]]]