[[[     150.85      267.54]
  [          0           0]
  [     144.73      243.35]
  [          0           0]
  [     97.048      247.25]
  [          0           0]
  [     98.694      374.19]
  [          0           0]
  [     142.23      568.35]
  [          0           0]
  [     216.12      686.79]
  [          0           0]
  [     90.201      755.28]
  [          0           0]
  [     123.93      1014.9]
  [          0           0]
  [          0           0]]

 [[      607.7      289.49]
  [     627.99      277.64]
  [     602.87       275.3]
  [     672.55      292.71]
  [          0           0]
  [      713.4      374.12]
  [     599.69      383.03]
  [     772.03      492.62]
  [     596.45      507.23]
  [     710.64      592.31]
  [     573.44       596.8]
  [        685      628.98]
  [     611.83      627.83]
  [     697.94      806.74]
  [     623.69      802.19]
  [     709.47      978.14]
  [     641.87      964.34]]

 [[     234.88      330.06]
  [     249.93      317.79]
  [     218.56      317.85]
  [     271.74      338.64]
  [     192.63      337.68]
  [     308.16      438.39]
  [     162.88      430.34]
  [     298.31      548.61]
  [          0           0]
  [     248.15      623.72]
  [          0           0]
  [     283.78       675.6]
  [     184.43      670.12]
  [     265.09      850.51]
  [     156.82       844.1]
  [     243.11      997.76]
  [     137.16      979.44]]]