[[[     557.79      265.08]
  [     578.84      248.95]
  [     552.14         248]
  [     631.36      261.64]
  [          0           0]
  [     683.68      361.71]
  [     554.18      370.61]
  [      735.4      492.82]
  [      551.8      503.87]
  [     672.81      606.67]
  [     529.22      604.23]
  [     650.47      634.25]
  [      563.1      635.23]
  [     668.79      832.16]
  [     588.18      831.31]
  [     681.68        1017]
  [     605.84      1007.2]]

 [[          0           0]
  [          0           0]
  [          0           0]
  [          0           0]
  [          0           0]
  [          0           0]
  [          0           0]
  [          0           0]
  [          0           0]
  [          0           0]
  [     43.679      689.46]
  [          0           0]
  [          0           0]
  [          0           0]
  [          0           0]
  [          0           0]
  [          0           0]]

 [[     188.35      309.03]
  [     190.35      292.32]
  [     163.95      294.65]
  [          0           0]
  [     110.24      315.14]
  [     232.37      421.14]
  [     60.833      419.25]
  [     225.43      548.29]
  [          0           0]
  [          0           0]
  [          0           0]
  [     212.48      698.34]
  [     96.673      697.46]
  [      190.6      890.47]
  [     65.995      890.04]
  [     158.51      1041.3]
  [     29.284        1031]]]