[[[     651.26      491.02]
  [     655.02      485.88]
  [     645.68      485.33]
  [          0           0]
  [     630.78      488.01]
  [        668      522.41]
  [     610.17       520.4]
  [     681.96      562.89]
  [     591.79      560.38]
  [     657.07      588.87]
  [     622.26      585.73]
  [     654.99      610.86]
  [     617.87      610.25]
  [     651.23      678.81]
  [     619.45      679.16]
  [     646.35      745.24]
  [     620.04      745.44]]

 [[     727.76      503.84]
  [     733.57      499.01]
  [     724.66      498.98]
  [     746.23      503.06]
  [          0           0]
  [     761.45      535.76]
  [     716.34       535.5]
  [     765.99      577.25]
  [     704.61      572.49]
  [          0           0]
  [     702.11      608.55]
  [      751.5      622.51]
  [     721.25      622.15]
  [     756.93      684.27]
  [     722.33      683.98]
  [     762.34      740.38]
  [     725.03      741.42]]

 [[          0           0]
  [      753.2      498.28]
  [          0           0]
  [     762.54      503.77]
  [          0           0]
  [     774.23      539.26]
  [     780.19      536.35]
  [     767.38      588.56]
  [          0           0]
  [     752.66      625.82]
  [          0           0]
  [     773.22      634.95]
  [     777.66      633.21]
  [     775.33      701.64]
  [     776.82       702.7]
  [     783.61       767.2]
  [     783.75      764.14]]]