[[[     95.925      477.89]
  [     99.059      468.05]
  [          0           0]
  [     123.75      455.91]
  [          0           0]
  [     138.11      500.59]
  [     179.25      497.19]
  [     137.39         565]
  [          0           0]
  [     104.14      613.93]
  [          0           0]
  [     144.94      644.95]
  [     176.62      640.16]
  [      137.1      753.45]
  [          0           0]
  [          0           0]
  [          0           0]]

 [[     509.58      435.49]
  [     510.82      423.33]
  [          0           0]
  [     526.98      411.11]
  [          0           0]
  [      546.1       451.4]
  [     603.72      455.82]
  [     551.58      534.47]
  [     629.33      539.08]
  [     520.03      618.29]
  [     602.73      586.07]
  [     562.34      617.23]
  [     605.52      615.14]
  [     543.22      739.48]
  [     586.26      733.96]
  [     560.75      852.84]
  [     622.55      832.04]]]