[[[     399.42      497.01]
  [     405.05      490.52]
  [     393.92      490.82]
  [      417.3      484.29]
  [          0           0]
  [      436.2      509.25]
  [     376.36       509.6]
  [     458.15      554.25]
  [     354.53       545.7]
  [     438.55      588.79]
  [     375.16       533.6]
  [     423.22      602.66]
  [     384.21      602.43]
  [     428.56      672.44]
  [     384.41      671.61]
  [     433.14      737.97]
  [     382.71      738.36]]

 [[     780.04      478.07]
  [     785.96      472.52]
  [     773.46      472.46]
  [     793.18      478.32]
  [     762.11      477.92]
  [     804.46      516.09]
  [     743.02      516.88]
  [     811.41      557.76]
  [     727.36      561.77]
  [     809.43      589.55]
  [        742      595.95]
  [     798.99      612.59]
  [     758.24      613.98]
  [     811.06      682.29]
  [     760.83      684.49]
  [     802.67      752.95]
  [     763.83      756.86]]]