[[[     545.77      366.26]
  [     560.49      356.81]
  [     541.67      355.01]
  [     594.41      366.04]
  [          0           0]
  [      625.3      427.06]
  [     535.34      428.26]
  [      657.9      517.07]
  [     525.19         516]
  [     616.28      597.11]
  [     514.02      588.57]
  [     599.69      612.98]
  [     539.14      612.97]
  [     610.53      743.84]
  [     552.63      740.78]
  [     623.02      866.59]
  [     566.57      859.26]]

 [[          0           0]
  [          0           0]
  [          0           0]
  [          0           0]
  [     264.99      350.12]
  [     144.66         437]
  [     272.63      443.06]
  [          0           0]
  [      307.2      575.35]
  [          0           0]
  [     326.83       629.1]
  [      161.7      678.72]
  [     252.19      681.88]
  [     178.84      853.07]
  [     259.78      850.97]
  [     163.21      1026.7]
  [     251.63      1024.1]]]