[[[     668.77      384.73]
  [     683.64      375.26]
  [     665.73      375.01]
  [     714.79      390.86]
  [          0           0]
  [     738.35      471.69]
  [     630.23      447.56]
  [     749.06      557.56]
  [     549.51      431.62]
  [      739.2      617.85]
  [     479.24      397.43]
  [     696.65      644.57]
  [     627.38      636.24]
  [     695.62      767.88]
  [     622.53      760.15]
  [     700.22      870.34]
  [     621.72      867.99]]

 [[       1025      291.24]
  [       1040      276.55]
  [     1019.8      278.32]
  [     1083.4      283.49]
  [          0           0]
  [     1135.1      362.42]
  [     1007.4       376.9]
  [     1163.5      473.86]
  [     984.23      483.62]
  [     1073.6         544]
  [     1003.5      543.21]
  [     1113.8      593.17]
  [     1028.3       597.4]
  [     1128.6      767.51]
  [     1046.1      766.68]
  [       1143      929.73]
  [     1059.9      921.11]]

 [[     808.17      357.35]
  [     819.75      344.34]
  [     802.54      347.92]
  [     855.55      350.47]
  [          0           0]
  [      905.5      425.02]
  [      799.3       438.7]
  [     957.78      505.42]
  [     786.62      531.82]
  [     935.33      588.47]
  [     772.72      611.82]
  [     881.07      623.93]
  [     811.39      625.88]
  [     887.72       761.7]
  [     813.79      761.51]
  [      905.7      891.66]
  [     835.17      880.61]]]