[[[     395.86      499.31]
  [     401.45      493.17]
  [     390.69      493.22]
  [     414.78      486.67]
  [          0           0]
  [      435.1      509.13]
  [     375.47      509.47]
  [     457.94      554.43]
  [     353.64      546.15]
  [     436.53      590.43]
  [      375.1      531.04]
  [      422.7      601.67]
  [     383.72      601.31]
  [     427.69      671.25]
  [     383.84      670.52]
  [     433.51      737.94]
  [     382.38      738.42]]

 [[          0           0]
  [          0           0]
  [          0           0]
  [     763.07      485.23]
  [     792.35      483.52]
  [      755.4       515.8]
  [     816.32      515.19]
  [     741.81      561.31]
  [     840.35      559.59]
  [     748.54      597.82]
  [     821.46      592.91]
  [     770.22      613.17]
  [     808.57      612.43]
  [     776.13      691.53]
  [     804.08      688.68]
  [     786.73      769.03]
  [     799.31      762.46]]]