[[[     408.27      30.124]
  [          0           0]
  [     381.89           0]
  [          0           0]
  [     276.18           0]
  [     97.954      143.06]
  [     246.21      150.36]
  [          0           0]
  [     169.27      453.07]
  [          0           0]
  [     346.46      754.62]
  [     109.33      841.34]
  [     228.37         865]
  [          0           0]
  [          0           0]
  [          0           0]
  [          0           0]]

 [[     671.76      232.01]
  [     680.83      214.85]
  [     645.19      214.81]
  [          0           0]
  [     595.62      239.33]
  [     730.23      373.21]
  [     533.39      356.95]
  [     719.24      525.38]
  [     479.02      501.01]
  [      651.5      601.37]
  [     567.02      588.06]
  [     698.77      696.08]
  [     564.75      692.44]
  [     675.38      927.69]
  [     530.28       929.1]
  [          0           0]
  [          0           0]]

 [[     1095.7      89.276]
  [     1123.6        62.3]
  [     1080.1      72.318]
  [     1200.5      81.458]
  [          0           0]
  [     1288.4      221.27]
  [     1075.7      247.15]
  [       1372      415.74]
  [       1047      448.59]
  [     1383.6      623.96]
  [     1035.6      592.41]
  [       1244      637.18]
  [     1101.3      640.12]
  [       1275      937.34]
  [     1116.7      932.16]
  [          0           0]
  [          0           0]]]