[[[     800.58      481.29]
  [     805.11      476.49]
  [     795.33      475.73]
  [          0           0]
  [     782.88      477.37]
  [     817.96      511.24]
  [     763.02      508.47]
  [     829.73      550.91]
  [     743.04      547.02]
  [     819.22      557.24]
  [     767.81      555.77]
  [     805.39      594.24]
  [     770.38      593.47]
  [     800.74      658.03]
  [     769.44      658.64]
  [     794.43         722]
  [     768.92      722.95]]

 [[          0           0]
  [          0           0]
  [          0           0]
  [     903.68       494.3]
  [          0           0]
  [     916.67      526.07]
  [     929.15      523.88]
  [     916.73      571.21]
  [          0           0]
  [     901.61      610.27]
  [          0           0]
  [      915.6      616.58]
  [     924.24       614.8]
  [     917.44      681.85]
  [     917.18      683.27]
  [     925.27      744.02]
  [     919.38      740.69]]

 [[     885.18      494.64]
  [     890.51      489.77]
  [     880.05      489.58]
  [          0           0]
  [     871.25      493.09]
  [     902.91      523.61]
  [     858.57      523.21]
  [          0           0]
  [     849.54      555.71]
  [          0           0]
  [     872.92      555.37]
  [     896.08      602.48]
  [     865.87      602.67]
  [     899.74      663.57]
  [     863.02      664.68]
  [     904.32      718.41]
  [     862.71      719.12]]]