[[[     350.43       481.5]
  [     358.33      475.41]
  [     346.08      475.04]
  [     375.14      478.67]
  [          0           0]
  [     398.03      512.86]
  [     331.87      516.17]
  [     433.45      553.39]
  [     320.78      562.54]
  [     422.82      597.54]
  [     318.19      610.41]
  [     387.68      618.73]
  [     344.41      619.67]
  [     391.36      690.34]
  [     349.62      693.07]
  [     400.84      766.92]
  [     361.21      766.03]]

 [[          0           0]
  [          0           0]
  [          0           0]
  [     221.79      489.54]
  [     255.49      489.07]
  [     193.65      536.73]
  [     276.26      533.86]
  [      176.5      602.84]
  [     294.99      599.68]
  [          0           0]
  [     302.87      637.05]
  [     204.28      664.76]
  [     260.43      663.72]
  [     204.02      723.94]
  [     272.15      718.41]
  [     201.63         808]
  [     257.62      806.43]]

 [[     184.54      490.75]
  [     188.13      483.32]
  [     174.84      484.09]
  [          0           0]
  [     154.19      490.43]
  [     185.76      529.98]
  [     138.46      526.85]
  [          0           0]
  [      91.33      568.78]
  [          0           0]
  [     100.24      616.94]
  [     172.74      640.44]
  [      141.5      639.99]
  [     168.67      712.09]
  [     126.61      711.81]
  [     155.37      787.81]
  [     108.48      795.62]]]