[[[     798.83      482.18]
  [     803.39      477.79]
  [     793.64      476.79]
  [          0           0]
  [     781.04      479.14]
  [     815.29      513.29]
  [     760.89      510.51]
  [     829.87      552.13]
  [     740.78      549.52]
  [     817.85      578.58]
  [     765.33      576.17]
  [      802.6       597.2]
  [      768.2      596.47]
  [     798.68      659.52]
  [     766.58      660.66]
  [     791.64      721.79]
  [     767.28      724.15]]

 [[     883.46      494.37]
  [     888.12      489.68]
  [     878.61      489.45]
  [          0           0]
  [     869.92      493.46]
  [     902.36      525.07]
  [     857.94      522.32]
  [     900.14      561.98]
  [     842.15      554.54]
  [     863.84      560.17]
  [     862.89      565.55]
  [     891.85       602.9]
  [     861.04       601.8]
  [     894.35      661.59]
  [     861.95      661.46]
  [     898.74      717.66]
  [      863.1      718.17]]

 [[          0           0]
  [          0           0]
  [          0           0]
  [     908.01      493.67]
  [          0           0]
  [     915.51      527.98]
  [     932.49      525.93]
  [     890.46      567.62]
  [          0           0]
  [     864.33      562.57]
  [          0           0]
  [     911.59      617.84]
  [     922.01      615.72]
  [     915.11      681.37]
  [      915.3      682.28]
  [      923.8      745.49]
  [     916.76      741.48]]]