[[[     658.07      354.17]
  [     674.57      345.43]
  [     655.83      341.89]
  [     709.54      358.77]
  [          0           0]
  [     738.37      424.01]
  [     646.37       424.4]
  [     766.01      525.49]
  [     635.05      523.73]
  [     699.07      599.36]
  [     613.74      601.06]
  [     704.76      625.38]
  [     642.08      623.55]
  [     709.09      771.07]
  [     638.48      767.37]
  [     706.43      911.69]
  [     645.26       900.9]]

 [[          0           0]
  [          0           0]
  [          0           0]
  [          0           0]
  [     303.72      331.72]
  [     178.04      429.34]
  [     309.28       434.5]
  [          0           0]
  [     336.73      569.67]
  [          0           0]
  [     371.65      652.22]
  [     192.32      696.95]
  [     284.84      702.43]
  [     203.04       899.4]
  [     294.53      892.03]
  [          0           0]
  [     286.93      1070.6]]

 [[     368.02      382.81]
  [     369.77      372.14]
  [     354.76      371.77]
  [          0           0]
  [     318.88      382.29]
  [      384.8      461.19]
  [          0           0]
  [     402.62       542.7]
  [          0           0]
  [      400.7      608.08]
  [          0           0]
  [     373.53      644.04]
  [          0           0]
  [      377.6      783.33]
  [     311.93      783.38]
  [     353.79      911.21]
  [     317.91      911.18]]]