[[[     806.96      477.87]
  [     811.28      473.14]
  [     801.91      472.56]
  [          0           0]
  [     789.82      475.15]
  [     824.78       509.6]
  [     768.71      507.19]
  [     835.55      546.14]
  [     748.58      542.52]
  [     827.11       561.6]
  [     773.45      555.85]
  [     812.19      592.31]
  [     776.11      591.51]
  [     806.33      657.51]
  [     774.51      656.92]
  [     800.16      720.67]
  [     773.02      719.81]]

 [[     894.61      491.75]
  [     898.88      486.36]
  [          0           0]
  [     912.35      490.51]
  [          0           0]
  [      921.4      524.08]
  [     925.66      521.93]
  [     916.84      567.83]
  [          0           0]
  [     899.88      598.71]
  [          0           0]
  [     922.38      612.31]
  [     925.49      610.74]
  [     921.67      677.47]
  [     920.04      678.01]
  [     930.95      739.26]
  [     923.48      739.23]]

 [[     889.04      492.63]
  [     894.14       487.8]
  [     883.62      488.01]
  [     901.24      492.12]
  [     875.54      492.57]
  [     907.74      522.05]
  [     865.54      521.52]
  [     911.46      555.27]
  [     851.41      551.92]
  [     895.72      563.73]
  [     875.07      551.76]
  [     900.26      601.21]
  [     871.05      601.44]
  [     903.64       661.8]
  [     869.23      662.14]
  [     910.19      714.71]
  [     867.78      718.48]]]