[[[          0           0]
  [          0           0]
  [          0           0]
  [          0           0]
  [     246.12      482.36]
  [     186.62      528.78]
  [     264.25       526.5]
  [          0           0]
  [     277.41      588.13]
  [          0           0]
  [          0           0]
  [     195.14      644.49]
  [     250.69      643.61]
  [     204.02       718.5]
  [     267.52      716.01]
  [     209.39      804.18]
  [      254.3      802.81]]

 [[     368.64      472.83]
  [     376.69      467.24]
  [      364.3      466.88]
  [     392.82      471.87]
  [          0           0]
  [     412.55      509.81]
  [     347.52      509.93]
  [     433.09      556.24]
  [     336.36      555.67]
  [     438.57      600.78]
  [     309.37      596.11]
  [     395.84      611.13]
  [     354.28      610.26]
  [     394.55      679.22]
  [     351.66      679.63]
  [     389.64      756.76]
  [     364.08      753.94]]

 [[     180.76      482.19]
  [          0           0]
  [     172.99      475.97]
  [          0           0]
  [     153.46      482.56]
  [     181.31      523.38]
  [     134.11      522.01]
  [          0           0]
  [     120.57      554.55]
  [          0           0]
  [     161.23      524.03]
  [     172.94      626.45]
  [     138.84      627.79]
  [     172.55      702.39]
  [     132.01      707.24]
  [      160.6      775.69]
  [     116.56      786.42]]]