[[[          0           0]
  [          0           0]
  [          0           0]
  [          0           0]
  [     245.75      480.43]
  [     186.64      528.29]
  [     265.03      524.41]
  [     177.47      589.83]
  [     279.62      586.21]
  [          0           0]
  [          0           0]
  [     196.04      643.84]
  [     251.89      641.97]
  [     205.82         718]
  [        269      712.57]
  [     208.71      799.45]
  [     258.69      794.05]]

 [[     361.34      474.65]
  [     368.83       468.5]
  [     356.96      468.71]
  [      386.5       470.8]
  [          0           0]
  [     410.08      508.47]
  [     346.53      510.25]
  [     433.22      553.39]
  [     333.28      557.04]
  [     448.65       594.8]
  [     306.98       595.5]
  [     396.56      608.17]
  [     356.73      607.54]
  [     394.75      679.82]
  [     355.13       679.6]
  [     392.59      759.19]
  [     368.23      756.93]]

 [[     181.15      479.05]
  [          0           0]
  [     173.16       472.8]
  [          0           0]
  [     151.25      478.95]
  [     180.31      519.25]
  [     133.06      518.91]
  [          0           0]
  [     127.79      554.14]
  [          0           0]
  [      167.2      520.97]
  [     176.01      623.88]
  [     141.02      625.63]
  [     173.39      700.92]
  [     132.27      704.42]
  [     160.81      773.77]
  [     115.64      786.08]]]