[[[     304.64      463.57]
  [     313.84      458.31]
  [     300.98      457.28]
  [     333.19       464.1]
  [          0           0]
  [     354.57      501.61]
  [     284.32      500.04]
  [     384.22      550.98]
  [     271.39      546.13]
  [     355.33      598.22]
  [     267.96      590.33]
  [     338.39      613.97]
  [     292.47      612.45]
  [     337.44      690.84]
  [     297.76      690.82]
  [     339.08      772.31]
  [     301.77      770.02]]

 [[          0           0]
  [          0           0]
  [          0           0]
  [     139.54      468.44]
  [     182.27      469.31]
  [     110.14      518.65]
  [     200.15       518.7]
  [     90.387      585.11]
  [     219.85      588.53]
  [     113.01      619.12]
  [      223.2      630.83]
  [     118.75      651.89]
  [     179.41      651.11]
  [     117.55      728.72]
  [     171.94       725.3]
  [     120.58      817.12]
  [     164.19      812.12]]

 [[      79.49      467.82]
  [     80.568      459.59]
  [     70.757       460.3]
  [          0           0]
  [     47.404      466.24]
  [     78.488      515.51]
  [     22.759      514.32]
  [          0           0]
  [     22.325      578.01]
  [          0           0]
  [     77.589       619.3]
  [     67.579      632.76]
  [     27.144      636.12]
  [     93.298      703.62]
  [     22.741      715.31]
  [     67.493       774.1]
  [     21.077       805.6]]]