[[[     395.43       499.1]
  [     401.09      493.14]
  [     390.56         493]
  [      415.1      487.27]
  [          0           0]
  [     435.63      510.01]
  [     376.04      509.77]
  [     458.26      555.27]
  [        353      546.15]
  [     436.96      590.69]
  [     374.96      531.11]
  [     422.68      602.93]
  [     383.68      602.27]
  [     427.92      671.73]
  [     383.87      670.93]
  [      433.1       738.6]
  [     382.28      738.76]]

 [[     874.88      445.54]
  [     882.68      438.54]
  [     866.74      438.07]
  [     891.06       445.7]
  [     852.25      444.47]
  [     905.99      495.35]
  [      826.7      495.96]
  [     915.87       550.5]
  [      806.3       551.4]
  [     910.47      592.32]
  [     820.45      600.67]
  [     892.69      623.99]
  [     841.45      623.11]
  [     888.57      719.66]
  [     835.87      716.44]
  [     884.19       815.9]
  [     829.78      785.23]]]