[[[     768.36      467.43]
  [     773.82      461.62]
  [      762.2      460.23]
  [          0           0]
  [     746.33      462.49]
  [     790.88      505.04]
  [     719.87      501.47]
  [     809.94      553.25]
  [     697.46      549.43]
  [     798.94      596.09]
  [     733.56      578.81]
  [     775.43      612.34]
  [     729.54      611.52]
  [     774.05      693.35]
  [     729.15      695.12]
  [     768.19      770.15]
  [     727.44      773.31]]

 [[     870.75      484.44]
  [      876.8      478.06]
  [      863.8      478.93]
  [     885.84      482.25]
  [     853.67       484.4]
  [     902.84      522.39]
  [     840.63       524.7]
  [     913.78      570.89]
  [     829.63      571.84]
  [     903.82       607.1]
  [     826.17      618.52]
  [     893.55      622.11]
  [        852      623.21]
  [     901.72       698.7]
  [      847.7      699.91]
  [     909.22      769.52]
  [     846.89      768.92]]

 [[          0           0]
  [          0           0]
  [          0           0]
  [     917.64      479.67]
  [          0           0]
  [     932.81       522.7]
  [     935.69      518.91]
  [     929.53      585.55]
  [          0           0]
  [     916.16      639.26]
  [          0           0]
  [     933.78      640.01]
  [     935.53      637.01]
  [     935.27      723.22]
  [     932.66      721.65]
  [     942.48      803.94]
  [     935.61      800.86]]]