[[[     792.45      465.28]
  [     797.28      459.68]
  [      786.9      458.41]
  [          0           0]
  [     771.84      459.84]
  [     811.74      499.79]
  [     748.19      495.97]
  [     828.33      546.12]
  [     728.37      540.41]
  [     820.29      584.72]
  [     763.42      567.16]
  [     799.88      596.78]
  [     758.63      595.87]
  [     797.05      671.64]
  [     755.74      673.05]
  [     793.76      744.12]
  [     752.95      745.14]]

 [[          0           0]
  [     899.92      468.43]
  [          0           0]
  [     911.46      472.93]
  [          0           0]
  [     925.23      514.06]
  [      931.2      511.47]
  [     917.96      572.56]
  [          0           0]
  [     904.73      623.45]
  [          0           0]
  [     925.65      624.62]
  [     929.19      622.32]
  [     926.33      700.36]
  [     922.58      699.41]
  [     935.41      774.58]
  [     924.34      770.19]]

 [[     876.67      479.29]
  [     881.97      472.76]
  [     870.31       474.7]
  [     892.36      475.83]
  [          0           0]
  [     909.86      512.09]
  [     858.88      516.51]
  [          0           0]
  [     847.54      559.51]
  [          0           0]
  [     854.85      592.53]
  [     903.16      606.74]
  [     868.86      608.37]
  [     908.53      676.19]
  [     865.23      676.84]
  [     911.59      741.14]
  [     868.28         739]]]