[[[     651.78      476.92]
  [     653.63      467.04]
  [          0           0]
  [     668.38      458.39]
  [          0           0]
  [     681.79      493.76]
  [     727.59      492.41]
  [     697.88      554.34]
  [     758.22      549.98]
  [     677.16      611.05]
  [     727.39      591.75]
  [     698.52      627.36]
  [     739.72      624.83]
  [     666.62      718.23]
  [      744.8      713.53]
  [     662.07      810.31]
  [     786.29      800.04]]

 [[     298.47      490.91]
  [     306.01      485.99]
  [     292.05      483.73]
  [     312.72      493.44]
  [     279.33      487.62]
  [     316.56      533.15]
  [     256.01       529.7]
  [     323.41      576.95]
  [     239.42      581.45]
  [     349.82      588.16]
  [     264.27      598.75]
  [     310.19      637.03]
  [     269.48      637.41]
  [     322.26      703.01]
  [     273.55      707.88]
  [     305.99      777.99]
  [     268.63      782.23]]

 [[          0           0]
  [          0           0]
  [          0           0]
  [      166.4      483.67]
  [     212.79      485.69]
  [     140.21      524.29]
  [      240.2      531.72]
  [     112.78       593.8]
  [     256.12      613.73]
  [     99.814      644.91]
  [     244.33      667.46]
  [     144.72      671.98]
  [     214.13      673.18]
  [     114.11      717.82]
  [     206.65      718.55]
  [          0           0]
  [          0           0]]]