[[[     710.76      197.98]
  [     735.44      182.99]
  [     706.76      181.96]
  [     794.49      203.76]
  [          0           0]
  [      850.2      310.86]
  [     705.22      323.46]
  [     910.39      465.19]
  [     697.11      482.46]
  [     832.55      604.66]
  [     672.38      600.18]
  [     808.78      634.48]
  [     712.68      634.95]
  [     828.92      866.85]
  [     738.98      859.87]
  [     843.55      1064.3]
  [          0           0]]

 [[     83.088      127.42]
  [          0           0]
  [     68.261      85.495]
  [          0           0]
  [          0           0]
  [          0      282.88]
  [          0           0]
  [      117.1      435.37]
  [          0           0]
  [     310.81       365.5]
  [        286      387.37]
  [          0           0]
  [          0           0]
  [          0           0]
  [          0           0]
  [          0           0]
  [          0           0]]

 [[     278.65      281.96]
  [     295.42      261.89]
  [      256.1      264.69]
  [     319.97      275.24]
  [     221.74      282.03]
  [     368.86      395.68]
  [     178.15      397.94]
  [     358.91       544.4]
  [          0           0]
  [        283      594.23]
  [          0           0]
  [     341.42      692.83]
  [     210.37      691.84]
  [     314.22      913.32]
  [     175.62      917.97]
  [          0           0]
  [          0           0]]]