[[[     393.32      410.65]
  [      405.2      402.47]
  [     389.75      401.01]
  [     431.53      410.44]
  [          0           0]
  [     455.65      462.96]
  [     379.61       461.2]
  [     484.55      528.84]
  [     366.06      527.37]
  [     448.76      589.33]
  [     353.51      578.21]
  [     429.84       604.9]
  [     379.27      602.63]
  [     429.05      705.05]
  [     364.33       702.1]
  [     418.64       802.3]
  [     360.46      798.42]]

 [[     123.59      421.77]
  [          0           0]
  [     113.86      414.74]
  [          0           0]
  [     79.779      424.77]
  [     110.69      474.81]
  [     42.249      476.18]
  [          0           0]
  [     46.903      558.72]
  [          0           0]
  [          0           0]
  [     104.29      619.13]
  [     56.542      622.42]
  [          0           0]
  [          0           0]
  [          0           0]
  [          0           0]]

 [[          0           0]
  [          0           0]
  [     185.35      406.86]
  [          0           0]
  [     173.98      408.68]
  [     82.623      475.64]
  [     194.36      471.95]
  [      66.21      578.69]
  [     216.77      567.87]
  [          0           0]
  [     233.93      605.21]
  [     93.776      649.81]
  [        173      649.15]
  [          0           0]
  [          0           0]
  [          0           0]
  [          0           0]]]