[[[          0           0]
  [          0           0]
  [          0           0]
  [     175.22      463.16]
  [     216.23      465.09]
  [     146.13      507.27]
  [     231.25      510.31]
  [     134.15       569.5]
  [     249.29      575.59]
  [          0           0]
  [          0           0]
  [     150.61      636.63]
  [     210.09      637.57]
  [     155.73      710.58]
  [     201.59      710.98]
  [     157.75      801.93]
  [     188.58      802.94]]

 [[      344.9      487.15]
  [     348.15      479.16]
  [     340.76      480.84]
  [     366.78      469.96]
  [          0           0]
  [     398.16      496.56]
  [     360.12       505.8]
  [      428.5      541.26]
  [     358.79      559.87]
  [     419.69      595.78]
  [     345.23      594.03]
  [      396.2         599]
  [     375.04      600.27]
  [     387.02      672.68]
  [        391      669.76]
  [     389.67      748.77]
  [     413.93      740.34]]

 [[     161.67      478.96]
  [          0           0]
  [     155.02      470.54]
  [          0           0]
  [      131.4      470.28]
  [     151.02      512.77]
  [     101.92      507.88]
  [          0           0]
  [     63.091      552.19]
  [          0           0]
  [     103.43      587.69]
  [     140.83      621.03]
  [     107.63      621.56]
  [     138.37      690.26]
  [     101.55      695.81]
  [     128.51      769.66]
  [     93.536      777.36]]]