[[[     945.61      446.35]
  [     949.88       439.8]
  [     938.49      438.96]
  [          0           0]
  [     918.66       441.6]
  [     964.39      485.91]
  [     890.11      484.51]
  [     982.36      539.63]
  [      868.9       539.8]
  [     977.58      588.56]
  [     912.33      570.56]
  [     954.57      604.26]
  [     905.96      605.02]
  [     955.78      692.98]
  [     905.99       694.9]
  [     954.04       777.4]
  [     900.77      779.79]]

 [[     1054.1      461.43]
  [     1061.4      454.43]
  [     1046.2      455.08]
  [     1071.9      460.77]
  [     1035.1      462.31]
  [     1086.6      503.99]
  [     1021.8      504.71]
  [       1098      550.28]
  [       1004      546.99]
  [     1075.1      533.87]
  [     1044.8      531.37]
  [     1079.1      617.57]
  [     1034.1      618.62]
  [     1092.7      701.59]
  [     1029.9      702.49]
  [     1098.3      779.09]
  [     1034.4      779.94]]

 [[          0           0]
  [     1094.1      444.75]
  [          0           0]
  [     1104.8      451.34]
  [          0           0]
  [     1117.3      501.47]
  [     1135.9      496.69]
  [     1109.6      574.77]
  [          0           0]
  [     1094.2      637.26]
  [          0           0]
  [     1125.8      637.26]
  [     1139.1      634.17]
  [     1128.1      737.72]
  [     1130.6      733.63]
  [     1137.5      830.85]
  [     1132.6      823.96]]]