[[[     619.11      480.15]
  [     623.14      475.06]
  [     613.24      474.85]
  [          0           0]
  [     599.57      478.46]
  [     637.44      511.99]
  [     580.09      510.42]
  [     653.33      552.99]
  [     559.34      549.97]
  [     632.67      559.67]
  [     594.58      557.32]
  [     625.28      600.46]
  [      588.2      600.15]
  [     623.95      668.22]
  [     590.96      668.82]
  [     620.25      732.69]
  [     593.81      733.33]]

 [[     708.63      494.52]
  [      714.1      489.32]
  [     703.76         490]
  [     723.93      493.41]
  [          0           0]
  [      736.8      526.55]
  [     691.09      527.07]
  [          0           0]
  [     676.52      564.48]
  [          0           0]
  [     681.62      598.18]
  [     727.24      609.92]
  [     696.65      610.01]
  [     730.32      671.09]
  [     696.05      669.97]
  [     737.65      726.37]
  [      698.3       728.7]]

 [[     731.19       495.4]
  [     733.89      489.39]
  [          0           0]
  [     743.91      494.27]
  [          0           0]
  [     757.18       529.5]
  [      759.8      527.39]
  [     755.18      577.23]
  [          0           0]
  [     738.88      613.89]
  [          0           0]
  [     752.62      620.63]
  [      754.2      618.56]
  [     752.03      686.29]
  [     750.63      685.95]
  [     758.62      750.58]
  [     754.05      747.35]]]