[[[     593.12      253.49]
  [     614.44      237.77]
  [     586.75      237.62]
  [     666.62      251.91]
  [          0           0]
  [     721.25      349.99]
  [     582.16      359.12]
  [     771.64      488.66]
  [     568.38      501.02]
  [     705.71      611.55]
  [     548.52      606.53]
  [     677.87       644.2]
  [     588.99      640.89]
  [     692.92      855.45]
  [     605.87      847.62]
  [     700.23      1042.7]
  [     628.61      1035.1]]

 [[     176.29      297.72]
  [        191      281.17]
  [     153.23      282.88]
  [     213.33       301.7]
  [     115.69      305.52]
  [     256.14      421.27]
  [     69.306      409.24]
  [     237.95      552.57]
  [          0           0]
  [          0           0]
  [          0           0]
  [     225.32      705.17]
  [     102.33      699.81]
  [     187.42      911.92]
  [     70.803      906.69]
  [     144.28      1066.5]
  [          0           0]]

 [[     25.676      187.68]
  [          0           0]
  [     8.6122      164.71]
  [          0           0]
  [          0           0]
  [          0           0]
  [          0           0]
  [          0           0]
  [          0           0]
  [          0           0]
  [     57.931      717.48]
  [          0           0]
  [          0           0]
  [          0           0]
  [          0           0]
  [          0           0]
  [          0           0]]]