[[[      277.2      296.68]
  [     294.39      280.42]
  [     255.19      280.12]
  [     318.19      301.81]
  [     219.27       300.9]
  [     362.41      416.67]
  [     176.42      407.41]
  [     348.91      549.55]
  [          0           0]
  [          0           0]
  [          0           0]
  [     341.08       709.5]
  [     216.42       705.8]
  [     309.63      908.72]
  [     180.68      910.11]
  [     277.57      1067.3]
  [          0           0]]

 [[     130.16      198.23]
  [          0           0]
  [     120.24      162.81]
  [          0           0]
  [     40.671      137.15]
  [          0           0]
  [     27.062      284.83]
  [          0           0]
  [     52.346      534.48]
  [          0           0]
  [     200.81      682.05]
  [          0           0]
  [      49.14      776.47]
  [          0           0]
  [          0           0]
  [          0           0]
  [          0           0]]

 [[     700.36      225.31]
  [     723.23      211.14]
  [     696.79      210.28]
  [     778.28      231.15]
  [          0           0]
  [     835.41      333.56]
  [     693.97      344.95]
  [     888.75      482.25]
  [     687.62       494.1]
  [     816.41      613.35]
  [     659.96      605.77]
  [     794.45      645.93]
  [     702.54      643.78]
  [     806.61      865.72]
  [     720.26      859.81]
  [     824.72        1058]
  [     747.13      1047.8]]]