[[[     782.86      479.01]
  [     787.93       472.8]
  [     776.04      471.98]
  [          0           0]
  [     758.96      474.53]
  [     802.03      515.07]
  [     734.91      511.93]
  [     818.99      562.16]
  [     711.59      559.59]
  [     810.33      602.19]
  [     748.95      585.34]
  [     787.12      619.37]
  [     743.22      618.78]
  [     785.69      700.33]
  [     740.64      700.39]
  [     780.18      775.26]
  [     739.05      777.12]]

 [[     890.86      493.38]
  [     894.95      486.05]
  [          0           0]
  [      911.3      489.09]
  [          0           0]
  [     924.53      531.09]
  [     925.39      527.68]
  [     919.29      593.03]
  [          0           0]
  [     901.83      642.18]
  [          0           0]
  [     930.31      644.64]
  [      930.7      641.87]
  [     925.78      722.94]
  [     918.39      721.92]
  [     940.36      803.76]
  [     922.61      801.15]]

 [[     875.28      494.89]
  [     881.37      488.47]
  [     868.84      489.45]
  [     890.95      492.39]
  [     860.99      494.79]
  [     905.86      530.16]
  [      851.2      532.97]
  [          0           0]
  [     838.73      579.63]
  [          0           0]
  [     834.76      622.15]
  [     896.97      630.65]
  [     860.04      631.49]
  [     906.34       702.5]
  [     856.07      701.68]
  [     912.66      772.83]
  [     855.97      768.61]]]