[[[     558.12      445.91]
  [     567.02      441.03]
  [      555.2      439.15]
  [      584.2      448.51]
  [          0           0]
  [     600.13      489.49]
  [     537.49      486.78]
  [     625.81      538.39]
  [     527.25      532.56]
  [     605.95       583.7]
  [     526.16      572.82]
  [      589.1      598.57]
  [     547.02      597.58]
  [     599.03         675]
  [     550.91      676.57]
  [     606.29      751.25]
  [     557.28      752.37]]

 [[          0           0]
  [          0           0]
  [          0           0]
  [          0           0]
  [        435      461.41]
  [     375.35       509.2]
  [     449.14      509.91]
  [     359.78      574.57]
  [     468.63      574.21]
  [     379.11      608.07]
  [     473.16      607.97]
  [     389.26      631.78]
  [      434.7      632.88]
  [     410.77      713.67]
  [     431.59       715.1]
  [     422.08      803.46]
  [     423.25      809.01]]

 [[     376.55      463.22]
  [          0           0]
  [     368.95      456.25]
  [          0           0]
  [     348.09      461.63]
  [     367.04      502.78]
  [     332.34      502.83]
  [          0           0]
  [      331.5      556.24]
  [          0           0]
  [     370.48         579]
  [     366.92      608.47]
  [     339.86      610.14]
  [     370.85      692.17]
  [     332.77      694.59]
  [     361.32      773.71]
  [     315.08      781.03]]

 [[     376.49      460.92]
  [          0           0]
  [     368.95      456.44]
  [          0           0]
  [     347.91       466.4]
  [     370.14      503.47]
  [     331.07      503.73]
  [          0           0]
  [     330.55      557.31]
  [          0           0]
  [     369.87      583.77]
  [     369.27      611.54]
  [     340.84      612.96]
  [          0           0]
  [     348.19      696.48]
  [          0           0]
  [          0           0]]]