[[[     794.63      458.92]
  [     799.28       453.5]
  [     788.74      452.44]
  [          0           0]
  [     773.43      454.53]
  [     812.16      494.17]
  [     750.42      490.33]
  [     828.63      541.05]
  [      729.1      533.63]
  [     820.24      577.57]
  [     763.45      559.41]
  [     799.69       590.3]
  [     759.97      589.65]
  [     797.25      663.51]
  [     756.34      665.37]
  [     793.66      734.89]
  [     753.82      738.87]]

 [[          0           0]
  [          0           0]
  [          0           0]
  [     913.86      467.07]
  [          0           0]
  [     927.97      507.55]
  [      936.3      504.51]
  [     917.67      566.85]
  [          0           0]
  [     902.08      612.26]
  [          0           0]
  [     927.06       615.3]
  [     932.44      612.45]
  [     926.64       690.2]
  [      922.6      688.71]
  [        935      764.76]
  [     923.53      758.93]]

 [[     882.88       472.7]
  [     887.89       466.5]
  [     876.05      468.23]
  [     895.83       470.6]
  [     867.27      474.69]
  [     910.01      506.62]
  [     857.29      509.78]
  [          0           0]
  [     844.56      551.63]
  [          0           0]
  [     860.96      583.69]
  [     903.64      599.38]
  [     867.93      600.46]
  [      909.8      668.23]
  [     861.48      666.89]
  [     913.31      733.05]
  [     860.15      730.08]]]