[[[          0           0]
  [          0           0]
  [          0           0]
  [          0           0]
  [          0           0]
  [          0           0]
  [     1402.1      84.096]
  [          0           0]
  [     1344.8      369.57]
  [     1724.5      597.43]
  [       1442      571.18]
  [     1820.1      729.69]
  [     1494.1      732.72]
  [          0           0]
  [          0           0]
  [          0           0]
  [          0           0]]

 [[     637.13      220.44]
  [     667.53      203.06]
  [     629.42      204.06]
  [     731.76      235.25]
  [          0           0]
  [     785.83      379.07]
  [      580.1      367.58]
  [     801.91      578.78]
  [     549.03      535.79]
  [     729.69      714.31]
  [     467.65       468.6]
  [     704.75      753.28]
  [     560.64      742.65]
  [     705.71      1028.6]
  [      560.9      1021.7]
  [          0           0]
  [          0           0]]

 [[     939.13      103.66]
  [      968.5      73.145]
  [     929.36      83.801]
  [     1059.6       97.52]
  [          0           0]
  [       1175      263.18]
  [     924.78      303.17]
  [     1287.6      444.66]
  [      892.9      518.64]
  [     1261.2      646.03]
  [     863.87      687.72]
  [       1114      730.36]
  [     949.41      735.69]
  [     1131.6      1052.6]
  [     957.48      1044.1]
  [          0           0]
  [          0           0]]]