[[[     843.46      461.44]
  [     848.96      455.76]
  [     837.23       454.2]
  [          0           0]
  [     821.38      456.74]
  [     865.63      500.58]
  [     794.55      496.44]
  [     882.96      550.84]
  [     772.08      545.91]
  [     873.66      593.38]
  [     809.75      576.31]
  [     850.16      608.82]
  [     804.32      607.92]
  [     848.61      691.08]
  [     802.63      692.87]
  [     841.04      768.09]
  [     799.33      771.37]]

 [[     948.15      479.98]
  [     953.71      473.61]
  [     940.79      474.43]
  [     961.38      478.17]
  [     928.18      480.12]
  [     976.46      515.49]
  [     914.25      517.39]
  [     988.44      558.87]
  [      897.7       560.8]
  [      956.3      573.85]
  [     922.55      576.55]
  [     967.55       618.8]
  [     925.02      619.36]
  [     974.48      696.89]
  [     919.08      695.75]
  [     984.03      769.38]
  [     919.26      768.02]]

 [[     981.12      472.14]
  [     984.14      464.77]
  [          0           0]
  [     997.01      468.45]
  [          0           0]
  [     1010.3      512.14]
  [     1010.7      508.94]
  [     1005.5      577.11]
  [          0           0]
  [     987.53       636.3]
  [          0           0]
  [     1008.1      635.52]
  [     1008.8      632.83]
  [     1009.2      722.13]
  [     1005.4      721.57]
  [     1012.9      808.55]
  [     1007.6      804.25]]]