[[[     790.77      470.46]
  [     798.75      460.85]
  [     782.19      461.06]
  [     808.71      460.88]
  [     767.29      462.15]
  [     827.85      510.15]
  [     752.58       504.3]
  [     841.14      570.31]
  [     713.15      510.56]
  [      826.9      616.83]
  [      670.1      489.38]
  [     806.37      635.03]
  [     757.07      630.79]
  [     807.98      722.58]
  [     755.55      715.97]
  [     811.91       802.7]
  [     754.47       798.4]]

 [[     1048.7      393.17]
  [     1059.2      383.59]
  [     1044.3      384.62]
  [     1087.7      388.41]
  [          0           0]
  [     1117.9      440.99]
  [       1035      449.58]
  [     1131.2      520.77]
  [     1016.5      520.89]
  [     1066.3      571.59]
  [     1023.7      571.08]
  [     1103.6      602.01]
  [     1047.6      604.62]
  [     1111.2      719.72]
  [     1056.2      717.75]
  [     1116.8      830.41]
  [     1062.5      825.25]]

 [[     892.09      436.64]
  [     900.52      427.22]
  [     889.21      428.27]
  [     926.61      431.28]
  [          0           0]
  [     957.89      482.07]
  [     885.75      489.64]
  [     998.42      534.55]
  [     875.59      555.06]
  [     983.31      590.73]
  [     866.08      610.55]
  [     941.67      621.73]
  [     893.75      623.81]
  [     947.71      718.56]
  [      894.8      719.01]
  [     956.56      808.84]
  [     903.44      806.89]]]