[[[      394.9      499.68]
  [     400.48      493.67]
  [     390.04      493.52]
  [     414.46      487.21]
  [          0           0]
  [     434.78      509.63]
  [     375.71      509.72]
  [     458.08       554.3]
  [     352.85      546.05]
  [     436.34      590.53]
  [     374.92      531.46]
  [      422.4      602.81]
  [     383.76      602.31]
  [     427.83      671.42]
  [     384.28      670.85]
  [     433.45      738.06]
  [     382.89      738.35]]

 [[     702.64      508.35]
  [     705.53       501.8]
  [          0           0]
  [     719.31      497.91]
  [          0           0]
  [     740.28      524.15]
  [     718.48       527.5]
  [     750.79      568.69]
  [     700.93      557.99]
  [     724.69      595.78]
  [     700.44      531.04]
  [     736.62      610.88]
  [     721.21      610.49]
  [     732.67      676.26]
  [     720.83       675.2]
  [     751.55      742.38]
  [     722.68      730.81]]]