[[[     829.85      475.23]
  [     834.47      470.44]
  [     824.84      469.71]
  [          0           0]
  [     813.01      472.09]
  [      848.6      506.94]
  [     791.77      505.05]
  [     862.31      546.41]
  [     772.15      541.85]
  [     853.03       580.7]
  [     801.56       552.2]
  [     836.58      593.77]
  [     799.68      593.27]
  [     834.52      658.41]
  [     796.56      658.11]
  [     832.39      721.33]
  [     796.65      719.83]]

 [[          0           0]
  [     923.76      487.37]
  [          0           0]
  [     932.86      490.62]
  [          0           0]
  [     941.08      523.25]
  [     962.07      519.55]
  [     915.16      559.19]
  [          0           0]
  [     906.77      540.43]
  [          0           0]
  [     941.53      613.13]
  [     955.15       610.5]
  [     942.31      680.88]
  [     947.95      680.08]
  [     948.65      744.68]
  [     948.51      741.23]]

 [[     909.23      492.06]
  [     913.66      486.81]
  [     904.11      487.49]
  [          0           0]
  [     897.34       491.7]
  [     932.91      520.08]
  [     888.86      521.99]
  [          0           0]
  [     879.74       559.8]
  [          0           0]
  [     892.24      586.82]
  [      926.3      599.49]
  [      896.2      600.18]
  [     928.12      658.98]
  [     894.61      658.83]
  [     928.29      716.61]
  [     891.64      715.82]]]