[[[     461.51      477.38]
  [     468.84      468.89]
  [     454.29      469.23]
  [     480.33      468.82]
  [     443.39      470.13]
  [     495.19      512.32]
  [     426.73      501.87]
  [     504.27      562.94]
  [     382.26      499.41]
  [     496.72      601.67]
  [      343.9      484.35]
  [     471.31      619.49]
  [     425.77      614.07]
  [     469.82      694.03]
  [      417.3      691.98]
  [     470.68      764.27]
  [     414.84      764.41]]

 [[     554.41      451.59]
  [     562.27      445.13]
  [     553.05      445.56]
  [     585.19      450.76]
  [          0           0]
  [     612.99      492.62]
  [     552.98      495.09]
  [     639.28      540.27]
  [     550.14      536.46]
  [      615.6      576.38]
  [     540.92      571.07]
  [      598.1      604.51]
  [     556.49      604.09]
  [     599.26      684.25]
  [      551.9      685.54]
  [     605.22      765.63]
  [     556.28      765.71]]

 [[     699.75       425.5]
  [     709.14      417.66]
  [     694.77      417.74]
  [     729.48      421.63]
  [          0           0]
  [      749.6      467.39]
  [     678.24      468.32]
  [     756.69      529.12]
  [      660.5      524.18]
  [     702.31      564.19]
  [     669.43      563.39]
  [     731.58      589.47]
  [     684.03      588.83]
  [     731.85      683.54]
  [     690.42      685.08]
  [     740.37      775.53]
  [      691.2      773.89]]]