[[[      405.9      482.23]
  [     412.28      477.14]
  [     400.55      476.09]
  [     419.76      480.07]
  [     390.36      477.44]
  [     432.48      509.78]
  [     371.35       508.6]
  [     453.04       551.1]
  [     345.66      546.28]
  [     439.42      583.47]
  [     369.22      537.86]
  [     421.26      601.81]
  [     381.07      601.73]
  [     427.57      671.17]
  [     381.94      672.13]
  [     432.47      737.66]
  [     382.27      737.31]]

 [[     706.78      497.71]
  [     711.52       492.5]
  [     701.35      493.46]
  [     719.16      495.74]
  [      694.3      498.16]
  [     734.46      524.37]
  [     683.35      528.76]
  [     757.97       553.5]
  [     660.91      562.76]
  [     744.61      580.23]
  [      679.1      592.63]
  [     728.14      607.29]
  [      695.5      609.01]
  [     731.24      668.43]
  [     698.29      668.99]
  [     732.83      727.63]
  [     704.23      726.24]]

 [[          0           0]
  [          0           0]
  [          0           0]
  [          0           0]
  [          0           0]
  [          0           0]
  [          0           0]
  [     1813.2      467.63]
  [          0           0]
  [     1499.6      664.43]
  [          0           0]
  [          0           0]
  [          0           0]
  [          0           0]
  [          0           0]
  [          0           0]
  [          0           0]]]