[[[     778.89      473.34]
  [     783.68      467.59]
  [     772.68      466.71]
  [          0           0]
  [      756.7      469.33]
  [     799.03      510.94]
  [     731.96      507.68]
  [     814.81      558.61]
  [     710.31      553.04]
  [     805.21      597.97]
  [     743.99      580.23]
  [     785.34      613.89]
  [     742.18      613.11]
  [     782.24      690.24]
  [     739.07      690.34]
  [     776.34      763.03]
  [      736.6      764.49]]

 [[     877.04      487.66]
  [     880.25      480.35]
  [          0           0]
  [     894.65      483.67]
  [          0           0]
  [     909.65      526.46]
  [     916.05      522.26]
  [     902.96      588.57]
  [          0           0]
  [      887.2      638.66]
  [          0           0]
  [     911.13      638.82]
  [     916.39      635.83]
  [     913.66      717.03]
  [     911.54      716.45]
  [     922.66      795.81]
  [     916.36      791.14]]

 [[     872.12      489.62]
  [     877.96      482.93]
  [     865.27      484.37]
  [     887.27      486.67]
  [      856.6      490.19]
  [     898.42      526.17]
  [     845.42      527.36]
  [          0           0]
  [     830.62      570.58]
  [          0           0]
  [     828.07      616.21]
  [     888.83      622.87]
  [     853.24      623.52]
  [     894.01      695.03]
  [     848.82      695.32]
  [     900.38       759.6]
  [     849.63      759.58]]]