[[[     365.46       482.4]
  [     373.02       475.6]
  [     361.75      475.34]
  [     391.81      474.27]
  [          0           0]
  [     416.35      506.24]
  [     352.96      508.16]
  [     449.99      545.05]
  [      338.4      548.27]
  [     443.02      591.62]
  [     324.23      587.27]
  [     400.06      607.98]
  [     360.57      606.69]
  [     396.73      679.94]
  [      355.5      677.87]
  [     391.81      755.38]
  [        367      745.96]]

 [[          0           0]
  [          0           0]
  [          0           0]
  [     226.96       481.7]
  [     264.54      480.53]
  [     202.71      526.34]
  [     282.93       521.8]
  [     178.74      583.46]
  [     306.44      574.05]
  [     203.64      610.39]
  [     324.36      604.17]
  [     214.15      648.04]
  [     267.62      646.29]
  [     216.09      715.45]
  [     273.97      713.62]
  [     209.76      794.47]
  [     257.13      794.73]]

 [[     185.74       477.4]
  [          0           0]
  [     177.57      471.65]
  [          0           0]
  [     156.22      478.78]
  [     182.08       519.5]
  [     141.42      517.77]
  [          0           0]
  [     120.92      567.67]
  [          0           0]
  [     168.13      596.07]
  [     174.74      625.02]
  [     144.78      625.68]
  [     176.51      703.21]
  [     134.59      703.68]
  [     163.26       775.2]
  [     115.01      785.92]]]