[[[     90.882      218.38]
  [          0           0]
  [     78.035      191.61]
  [          0           0]
  [     19.631      192.81]
  [          0           0]
  [     31.087      332.53]
  [          0           0]
  [     59.748       550.9]
  [          0           0]
  [     134.27      689.18]
  [          0           0]
  [     32.589      746.11]
  [          0           0]
  [          0           0]
  [          0           0]
  [          0           0]]

 [[      601.9       263.6]
  [     621.47      249.12]
  [     595.98      249.57]
  [     670.85       261.7]
  [          0           0]
  [     722.26      350.06]
  [     595.99      362.49]
  [     774.24      482.55]
  [      593.4      494.31]
  [     711.85      596.41]
  [     570.83      594.09]
  [     691.34      625.62]
  [     608.55      625.27]
  [     708.56         819]
  [     625.26      813.12]
  [     719.32      1001.2]
  [      645.7      987.26]]

 [[     240.13      309.05]
  [     242.57      293.05]
  [     216.25      295.77]
  [          0           0]
  [     165.58      316.36]
  [     280.59      415.89]
  [     123.49      415.73]
  [     270.19      540.99]
  [          0           0]
  [          0           0]
  [          0           0]
  [     262.35         685]
  [     155.88         684]
  [      236.5      874.16]
  [     122.74       873.7]
  [      204.8      1027.8]
  [     91.695      1005.2]]]