[[[     1030.1      334.02]
  [       1040      323.37]
  [     1017.4      320.35]
  [          0           0]
  [     984.67      326.98]
  [     1061.4       409.1]
  [     940.45      399.64]
  [     1088.4       499.7]
  [     900.46      492.18]
  [     1089.1      577.02]
  [     981.84      507.63]
  [     1043.5      606.16]
  [      962.3      602.87]
  [     1035.6       753.5]
  [     957.56       755.2]
  [     1026.8      885.51]
  [     950.02      895.04]]

 [[     1200.7      364.67]
  [     1211.2      353.25]
  [     1187.2      354.53]
  [     1225.8      364.44]
  [     1165.5      367.87]
  [     1259.6      439.74]
  [       1140      442.23]
  [     1281.5      525.25]
  [     1123.8      531.34]
  [     1234.7      598.59]
  [     1171.2      592.46]
  [     1244.8      628.49]
  [     1164.9      627.85]
  [       1264      768.92]
  [     1178.9      767.41]
  [     1281.5      909.91]
  [     1196.1       889.5]]

 [[     1297.3      320.76]
  [     1300.6      302.23]
  [          0           0]
  [       1332      302.19]
  [          0           0]
  [     1375.7      399.67]
  [     1380.6      390.86]
  [     1361.2      545.91]
  [          0           0]
  [     1318.7       660.8]
  [          0           0]
  [     1378.1      682.93]
  [     1376.7      674.86]
  [     1387.7      875.28]
  [     1371.8      867.95]
  [     1413.8      1053.6]
  [     1370.2      1023.6]]]