[[[     353.95      473.72]
  [     361.58      467.51]
  [     349.21      466.76]
  [     377.48      468.44]
  [          0           0]
  [     402.92      497.63]
  [     336.43      498.97]
  [     441.05      535.85]
  [     326.83      537.77]
  [     430.46      585.06]
  [     331.49       578.8]
  [      395.9      599.68]
  [     353.58      599.49]
  [     392.86      668.34]
  [     351.81      670.07]
  [     393.81      749.34]
  [     366.95      743.11]]

 [[          0           0]
  [          0           0]
  [          0           0]
  [     225.31       474.9]
  [     261.11      473.86]
  [     201.66      518.73]
  [     281.18      516.28]
  [     181.56      579.05]
  [     298.97      580.62]
  [     206.47      608.99]
  [     302.87      623.67]
  [     212.36      639.75]
  [     265.84      638.42]
  [     215.44      707.85]
  [      271.2      706.64]
  [        211      789.61]
  [     258.96      791.23]]

 [[     186.35      471.74]
  [     187.95      464.91]
  [     177.46       465.9]
  [          0           0]
  [     156.57      472.48]
  [     184.23      512.01]
  [     144.04      510.61]
  [          0           0]
  [     111.35      557.49]
  [          0           0]
  [     137.24      600.84]
  [     175.24      618.23]
  [     147.27       618.8]
  [     174.35      695.63]
  [     135.94      696.78]
  [     163.04      767.42]
  [     116.32      775.44]]]