[[[     1028.5      321.56]
  [     1039.3      310.09]
  [     1014.5      306.66]
  [          0           0]
  [     978.95      313.57]
  [     1060.8      402.68]
  [     929.28      392.28]
  [       1085      501.59]
  [     884.78      493.26]
  [     1086.2      587.94]
  [     978.33       512.6]
  [     1042.6      616.08]
  [     953.01       613.6]
  [     1042.5      773.36]
  [     945.88      777.04]
  [     1037.9      921.02]
  [     940.82      932.67]]

 [[          0           0]
  [     1342.2         275]
  [          0           0]
  [     1369.3      280.54]
  [          0           0]
  [     1432.6       390.8]
  [     1441.3      379.92]
  [     1425.9      550.89]
  [          0           0]
  [     1394.7       705.6]
  [          0           0]
  [     1426.3      713.49]
  [     1425.3      702.31]
  [     1444.9      947.23]
  [     1420.8      933.13]
  [          0           0]
  [          0           0]]

 [[     1273.5      339.43]
  [     1286.9      329.49]
  [     1259.3      330.07]
  [     1303.7      349.19]
  [     1236.8      350.44]
  [     1335.4      433.01]
  [     1208.5      432.47]
  [     1357.9      527.74]
  [     1184.5      526.98]
  [     1306.8      601.67]
  [     1226.4      599.56]
  [     1303.9      640.47]
  [     1219.7      637.27]
  [     1300.2      799.42]
  [     1207.8      791.92]
  [     1285.1      941.46]
  [     1209.1      935.39]]]