[[[          0           0]
  [          0           0]
  [          0           0]
  [          0           0]
  [          0           0]
  [       1691      141.15]
  [     1310.7      207.89]
  [     1879.5      392.21]
  [     1263.6      496.22]
  [     1837.9      686.77]
  [     1221.4      721.93]
  [     1599.6      814.11]
  [     1341.7       817.2]
  [          0           0]
  [          0           0]
  [          0           0]
  [          0           0]]

 [[     1019.1       155.1]
  [     1038.9      132.24]
  [     984.92      135.36]
  [     1058.6      175.54]
  [     929.41      180.23]
  [     1105.1      362.74]
  [     863.38      288.63]
  [     1132.3      563.25]
  [     746.78      202.92]
  [     1047.2      718.42]
  [     857.93      38.907]
  [       1018      771.13]
  [     855.91      748.52]
  [          0           0]
  [          0           0]
  [          0           0]
  [          0           0]]]