[[[       1032      440.16]
  [     1039.1      430.47]
  [       1022      433.83]
  [     1052.1      434.86]
  [     1009.6      443.47]
  [     1077.6      485.35]
  [      998.7      492.49]
  [       1090      539.23]
  [     974.29      556.56]
  [       1064      551.99]
  [     1010.3      545.98]
  [     1063.9      623.38]
  [     1010.3      625.08]
  [     1079.5      726.44]
  [     1019.3      725.94]
  [     1094.4      819.04]
  [     1031.3      819.03]]

 [[     910.98       417.6]
  [     917.99      409.24]
  [     902.33      407.78]
  [          0           0]
  [     879.96      410.27]
  [      933.2      466.99]
  [      846.8      461.75]
  [      956.2      535.24]
  [     818.97      530.41]
  [     953.74      591.48]
  [     870.98       564.5]
  [     919.31      609.74]
  [     862.15      608.38]
  [     918.43      716.82]
  [     860.12      714.77]
  [     908.59      818.56]
  [     855.45      820.51]]

 [[          0           0]
  [     1079.8      417.04]
  [          0           0]
  [     1101.1      420.13]
  [          0           0]
  [     1139.9      468.75]
  [     1129.9      469.96]
  [     1074.6      472.44]
  [          0           0]
  [     1085.9      430.29]
  [          0           0]
  [     1132.6      651.98]
  [     1121.7      649.17]
  [     1143.2      786.22]
  [     1125.3      781.88]
  [     1156.9      898.57]
  [     1141.7      883.37]]]