[[[      453.1      465.24]
  [     459.09      458.13]
  [     445.99      458.11]
  [          0           0]
  [     430.64      458.65]
  [     471.19      498.86]
  [     409.86      491.76]
  [      486.1      548.35]
  [     421.55      517.81]
  [     510.61      538.71]
  [     469.04      501.94]
  [     459.09      606.83]
  [     414.95      607.54]
  [     485.75      680.75]
  [     420.47      689.53]
  [     488.83      762.58]
  [     416.78       772.6]]

 [[     710.65      403.86]
  [     712.19      393.22]
  [          0           0]
  [     727.54      386.95]
  [          0           0]
  [     743.35       433.5]
  [     792.49      432.69]
  [     748.27      509.13]
  [     817.62      504.64]
  [      723.3      572.21]
  [     789.45      550.82]
  [     760.82      588.77]
  [     794.62      586.75]
  [     762.12      710.69]
  [     785.11       704.6]
  [      784.4      825.11]
  [     803.73      810.86]]

 [[          0           0]
  [          0           0]
  [          0           0]
  [          0           0]
  [     320.13      450.93]
  [     242.76      492.87]
  [     308.41      495.73]
  [     221.27       565.9]
  [     313.63      563.59]
  [     235.47      604.74]
  [     349.71      599.02]
  [      247.7      632.15]
  [     286.19      636.71]
  [     292.14      723.71]
  [     285.26      733.08]
  [     303.14      819.52]
  [     248.35      830.21]]]