[[[     590.48      426.96]
  [     600.33      418.38]
  [     582.18       418.6]
  [     615.02      425.95]
  [     570.06      426.89]
  [     637.68      478.23]
  [     553.37      482.31]
  [      668.5      534.36]
  [     531.84      541.47]
  [     659.71      564.15]
  [     538.24      581.18]
  [     631.58      617.34]
  [     576.93      620.04]
  [     650.33      715.04]
  [     580.89      719.31]
  [     663.17       810.8]
  [     592.94      808.47]]

 [[          0           0]
  [          0           0]
  [     232.79      237.52]
  [          0           0]
  [     205.72      200.71]
  [          0           0]
  [     153.97      263.63]
  [          0           0]
  [     130.01      431.24]
  [          0           0]
  [     213.19      627.73]
  [     46.759      640.02]
  [      109.4      651.08]
  [          0           0]
  [     97.339      959.17]
  [          0           0]
  [          0           0]]

 [[     284.42      438.55]
  [     295.64      425.45]
  [     272.89      426.99]
  [     319.26      423.99]
  [          0           0]
  [     347.41      489.43]
  [     236.61      487.35]
  [     368.66      563.72]
  [          0           0]
  [     380.01      633.96]
  [          0           0]
  [     328.77      660.67]
  [     256.29      661.55]
  [     327.32      780.78]
  [     242.82      781.44]
  [     323.55      883.87]
  [     230.03      893.69]]]