[[[     905.59      376.77]
  [     913.85      366.89]
  [     894.78      365.34]
  [          0           0]
  [     867.38      369.87]
  [     931.06      437.35]
  [     826.72      429.35]
  [     950.44      517.13]
  [     793.23      509.52]
  [     939.21      574.72]
  [     859.02      551.91]
  [     913.93       609.1]
  [     843.62      605.83]
  [     904.81      735.43]
  [     839.67      734.27]
  [     895.08      850.03]
  [     830.18      854.44]]

 [[     1131.1      378.53]
  [     1134.6      364.37]
  [          0           0]
  [     1156.6      368.49]
  [          0           0]
  [     1183.7      448.11]
  [     1188.8      440.43]
  [     1163.6      556.71]
  [          0           0]
  [     1123.9      641.15]
  [          0           0]
  [     1179.2       666.9]
  [     1178.7      660.48]
  [     1182.7      819.41]
  [     1170.8      812.46]
  [     1194.6       964.5]
  [     1171.4       937.2]]

 [[     1046.7      406.15]
  [     1054.7      394.97]
  [     1034.3      398.94]
  [     1068.8       401.7]
  [     1016.6      411.39]
  [     1102.1      466.78]
  [     1000.5      470.04]
  [     1119.4      538.26]
  [     980.08      540.07]
  [     1079.3      601.97]
  [     1020.5      595.63]
  [     1085.9      627.18]
  [     1017.4      627.72]
  [       1101       748.4]
  [     1024.6      750.41]
  [     1114.5      858.19]
  [     1038.7      857.37]]]