[[[          0           0]
  [          0           0]
  [          0           0]
  [          0           0]
  [     259.53       474.6]
  [     199.37      519.26]
  [     279.13      516.71]
  [     182.85      581.23]
  [     298.09      579.76]
  [          0           0]
  [     298.19      620.88]
  [     207.79      641.92]
  [     262.42      640.43]
  [     212.13      711.31]
  [     271.19      708.75]
  [     208.02      793.44]
  [      260.9      793.42]]

 [[     364.92      483.68]
  [     371.52      477.23]
  [     359.68      477.04]
  [     388.18      472.31]
  [          0           0]
  [     414.92      498.16]
  [     348.86      498.99]
  [     451.78      535.82]
  [     340.43      536.82]
  [     442.71      581.93]
  [     342.16      580.64]
  [     401.05      603.81]
  [     359.48      602.61]
  [      398.5      675.39]
  [     359.65      674.04]
  [     394.57      754.02]
  [     369.77       747.2]]

 [[     187.07      474.02]
  [     187.87      466.06]
  [     177.96      467.68]
  [          0           0]
  [     155.98      474.02]
  [     183.59      514.68]
  [     141.75      514.55]
  [          0           0]
  [     123.81      564.71]
  [          0           0]
  [     159.93       604.5]
  [     173.97      616.56]
  [     143.49      617.79]
  [     178.88      693.91]
  [     133.62      697.01]
  [     156.51      767.54]
  [     116.38      779.65]]]