[[[     384.73      394.37]
  [      396.9      386.29]
  [     381.82      384.04]
  [     424.13      394.28]
  [          0           0]
  [     449.15      448.04]
  [     371.34      444.82]
  [     477.01      514.23]
  [     359.04      512.68]
  [     439.37      576.67]
  [     343.82      563.58]
  [     422.09       592.5]
  [     370.02      589.22]
  [     421.47      696.36]
  [     352.68       691.2]
  [     408.93      792.66]
  [     350.63      790.68]]

 [[          0           0]
  [          0           0]
  [          0           0]
  [          0           0]
  [     162.14      391.18]
  [     58.845      454.99]
  [     176.34      454.48]
  [     42.089      559.62]
  [     199.82      554.41]
  [          0           0]
  [     220.04      598.92]
  [     70.812      632.49]
  [     155.46      633.04]
  [          0           0]
  [          0           0]
  [          0           0]
  [          0           0]]

 [[     107.75      405.39]
  [          0           0]
  [     97.173      397.46]
  [          0           0]
  [     61.726      406.78]
  [     109.46      455.98]
  [     18.706      458.01]
  [          0           0]
  [     38.966      548.29]
  [          0           0]
  [          0           0]
  [          0           0]
  [     48.487      608.98]
  [          0           0]
  [          0           0]
  [          0           0]
  [          0           0]]]