[[[     586.68      257.52]
  [     606.85       243.1]
  [     582.08      243.15]
  [     658.61      256.72]
  [          0           0]
  [     710.27      346.85]
  [     578.98      360.52]
  [     762.23      482.85]
  [      568.5      495.15]
  [     697.08      597.87]
  [     546.54      597.81]
  [     673.17      628.76]
  [     587.07       629.3]
  [      686.7      828.94]
  [      602.4      823.94]
  [     697.48      1017.9]
  [     625.06      1006.8]]

 [[     210.25       302.4]
  [     211.76      285.65]
  [     186.28      288.23]
  [          0           0]
  [     134.44       309.6]
  [      255.6      417.81]
  [     86.773      413.03]
  [     237.75      544.55]
  [          0           0]
  [          0           0]
  [          0           0]
  [      232.7       690.4]
  [     120.12      687.83]
  [     203.31      883.48]
  [      91.06      880.46]
  [     161.23      1051.5]
  [     61.693      1020.5]]

 [[     47.112       195.3]
  [          0           0]
  [     29.144       172.1]
  [          0           0]
  [          0      186.85]
  [          0           0]
  [          0           0]
  [          0           0]
  [     28.169      557.11]
  [          0           0]
  [     97.426      714.54]
  [          0           0]
  [          0           0]
  [          0           0]
  [          0           0]
  [          0           0]
  [          0           0]]]