[[[     381.97      385.57]
  [     394.41      377.47]
  [     379.02      375.35]
  [     422.68      385.84]
  [          0           0]
  [      448.1      440.78]
  [     369.35      437.41]
  [     474.69      507.03]
  [     356.35      504.85]
  [     438.33      568.04]
  [     342.11      556.97]
  [      421.1      585.34]
  [     368.56      582.04]
  [     419.65      687.85]
  [     353.65      682.89]
  [     407.67      784.42]
  [      350.6       783.2]]

 [[          0           0]
  [          0           0]
  [          0           0]
  [          0           0]
  [     157.16      379.88]
  [     58.624      446.82]
  [     173.23      443.44]
  [     43.724      545.19]
  [     197.03      540.29]
  [          0           0]
  [      214.5      592.05]
  [     75.211      617.59]
  [     157.72      615.99]
  [          0           0]
  [          0           0]
  [          0           0]
  [          0           0]]

 [[     103.35      390.97]
  [          0           0]
  [     92.368      383.89]
  [          0           0]
  [     58.343      395.74]
  [      103.6       444.9]
  [     18.638       445.4]
  [          0           0]
  [     37.869      528.89]
  [          0           0]
  [          0           0]
  [          0           0]
  [     44.127      592.54]
  [          0           0]
  [          0           0]
  [          0           0]
  [          0           0]]]