[[[     737.53      435.86]
  [     736.66      422.34]
  [          0           0]
  [     753.09      406.36]
  [          0           0]
  [     779.03      446.24]
  [     833.41       450.2]
  [     772.68      533.26]
  [     871.95      543.79]
  [     722.81      606.14]
  [     870.12      616.66]
  [     799.34      623.29]
  [      823.6      619.13]
  [     822.22      756.67]
  [     772.86      742.08]
  [     865.43      888.34]
  [     750.63      862.37]]

 [[     339.44       475.6]
  [     341.94      465.75]
  [          0           0]
  [     363.05      456.78]
  [          0           0]
  [     377.87      503.06]
  [     403.82      500.42]
  [     387.45      568.61]
  [          0           0]
  [     350.71      612.11]
  [          0           0]
  [     374.77      643.11]
  [     397.97       640.4]
  [          0           0]
  [          0           0]
  [          0           0]
  [          0           0]]]