[[[     586.28      427.14]
  [     598.19      418.17]
  [     581.57       416.9]
  [     624.77      424.47]
  [          0           0]
  [     649.74      475.99]
  [     570.14      478.11]
  [     677.11      549.76]
  [     555.33      549.57]
  [     645.49      615.47]
  [     550.14      611.87]
  [     627.81      632.47]
  [     574.99      633.58]
  [     633.55      744.46]
  [     580.92      744.79]
  [     637.18      851.17]
  [     588.33       846.2]]

 [[          0           0]
  [          0           0]
  [          0           0]
  [          0           0]
  [     381.92      427.28]
  [     282.26      500.21]
  [      389.6      497.11]
  [     267.67      600.21]
  [     404.81      593.27]
  [          0           0]
  [     422.08      652.25]
  [     300.06      692.83]
  [     371.67      694.12]
  [     321.61      825.67]
  [     375.05      828.74]
  [     328.73      956.68]
  [     362.56      958.06]]]