[[[     953.43      445.28]
  [     957.64      438.64]
  [     946.68      437.69]
  [          0           0]
  [     927.03      439.52]
  [     971.69      484.15]
  [     898.26      482.17]
  [     991.01      536.44]
  [     876.02      536.07]
  [     987.25      585.44]
  [     917.63       566.3]
  [     960.79      601.56]
  [     913.17      601.83]
  [     960.55      689.35]
  [     912.94      690.44]
  [     956.04      772.92]
  [     910.03      775.12]]

 [[     1059.2      461.71]
  [     1065.7      454.98]
  [     1050.9      455.96]
  [     1075.3      460.73]
  [     1038.7      463.27]
  [       1090      500.43]
  [     1027.8      503.61]
  [     1101.6      546.78]
  [     1015.4       551.3]
  [     1073.8      527.47]
  [     1049.4      530.99]
  [     1084.3       613.2]
  [     1040.5       614.8]
  [       1097      696.86]
  [     1035.5      697.31]
  [     1104.5      774.66]
  [     1035.4      774.78]]

 [[          0           0]
  [     1094.5      446.42]
  [          0           0]
  [     1105.9      450.82]
  [          0           0]
  [     1119.5      500.01]
  [     1137.2      494.21]
  [     1110.1       574.7]
  [          0           0]
  [     1094.5      633.99]
  [          0           0]
  [     1128.2       636.4]
  [     1141.1      632.99]
  [     1132.4      733.47]
  [     1137.3      730.36]
  [     1141.6      825.69]
  [     1140.1      820.79]]]