[[[     541.55      419.32]
  [     553.81      410.91]
  [     537.09      409.29]
  [     580.89      418.17]
  [          0           0]
  [     607.18      468.58]
  [     525.55      471.15]
  [     637.79      542.43]
  [     512.75      542.34]
  [     608.09      610.33]
  [      507.7      604.29]
  [     589.15      628.61]
  [     534.62       629.6]
  [     598.49      741.47]
  [      534.4      739.46]
  [     601.89       845.5]
  [     540.01      840.76]]

 [[          0           0]
  [          0           0]
  [          0           0]
  [          0           0]
  [     333.35      421.45]
  [     229.72      494.63]
  [     340.55         491]
  [     217.84       596.2]
  [     357.47      586.59]
  [          0           0]
  [     372.58      645.01]
  [     245.37      687.39]
  [     319.12      690.58]
  [     269.26      820.59]
  [     323.55      825.36]
  [      277.8      954.61]
  [     310.36      957.82]]]