[[[     460.47      491.03]
  [     465.33      482.24]
  [     452.22      483.09]
  [          0           0]
  [     432.05      484.11]
  [     481.88      524.93]
  [     410.79      514.28]
  [     495.32       577.9]
  [      365.3       516.2]
  [     483.19      615.41]
  [     322.56       500.3]
  [     460.73      639.53]
  [     414.08      634.71]
  [     455.55      714.26]
  [     406.39      711.81]
  [     458.35      783.43]
  [     404.12      784.41]]

 [[     540.77      463.23]
  [     548.73      456.51]
  [     539.78      457.12]
  [     572.11      462.36]
  [          0           0]
  [     600.63      505.14]
  [      536.8       507.9]
  [     632.32      553.82]
  [      527.5      554.07]
  [     601.58      589.45]
  [     520.31      581.68]
  [     586.57      619.29]
  [     542.94      618.49]
  [     589.86      702.69]
  [     541.21      699.05]
  [     595.95      782.46]
  [     547.36      781.06]]

 [[      688.5      436.45]
  [     697.87      428.59]
  [     682.31      428.81]
  [        717       431.7]
  [          0           0]
  [     738.69      477.47]
  [     666.61      479.11]
  [     747.05      541.19]
  [     651.83      536.88]
  [     695.78       577.3]
  [     660.76      575.22]
  [     723.66      603.91]
  [        676      603.85]
  [     729.06      696.18]
  [     682.07       698.1]
  [        734      788.14]
  [     687.21      787.27]]]