[[[     578.64       255.9]
  [     599.51      241.18]
  [     573.51      240.85]
  [     650.93      256.28]
  [          0           0]
  [     704.94      351.37]
  [     567.65      362.55]
  [     755.48      487.09]
  [     560.23      495.77]
  [     688.69      605.78]
  [     535.63      602.12]
  [     666.64      636.55]
  [     576.81      636.34]
  [     681.98      836.45]
  [     595.35      831.39]
  [     692.26      1026.4]
  [     620.63      1016.8]]

 [[     194.76      301.87]
  [     197.25      283.35]
  [     169.94      287.62]
  [          0           0]
  [     116.56      309.13]
  [     243.16      419.63]
  [     64.746      412.25]
  [     231.52      551.46]
  [          0           0]
  [          0           0]
  [          0           0]
  [     218.69      699.16]
  [      100.7      696.35]
  [     188.65      899.92]
  [     76.084      897.94]
  [     144.97      1059.2]
  [     42.893      1032.6]]

 [[     17.845      187.74]
  [          0           0]
  [          0           0]
  [          0           0]
  [          0           0]
  [          0           0]
  [          0           0]
  [          0           0]
  [     18.936      555.52]
  [          0           0]
  [     62.763      714.65]
  [          0           0]
  [          0           0]
  [          0           0]
  [          0           0]
  [          0           0]
  [          0           0]]]