[[[     264.49      484.52]
  [     277.52      472.47]
  [     253.71      471.74]
  [     301.58      470.66]
  [     240.39       469.6]
  [     323.46      523.31]
  [     217.13      515.28]
  [     351.78      590.62]
  [     137.04      505.07]
  [     376.91      650.32]
  [     76.432      479.62]
  [     308.14      687.33]
  [      243.1      688.29]
  [     328.04      797.99]
  [     252.42       801.9]
  [     339.37      906.76]
  [     254.74      916.81]]

 [[          0           0]
  [          0           0]
  [          0           0]
  [          0           0]
  [     600.82      358.24]
  [     473.03      415.66]
  [     613.69      409.96]
  [     408.34      536.64]
  [     639.01      517.58]
  [     428.29      635.69]
  [     666.64      619.96]
  [     485.42      640.23]
  [     579.58      641.72]
  [     514.25      810.79]
  [     585.33      821.09]
  [     453.49      971.86]
  [     582.05      1008.6]]

 [[          0           0]
  [          0           0]
  [          0           0]
  [          0           0]
  [          0           0]
  [     676.78      518.09]
  [          0           0]
  [     702.37      574.22]
  [          0           0]
  [     693.78      610.16]
  [          0           0]
  [     663.36      643.53]
  [     614.92      642.93]
  [     656.51      738.53]
  [     607.23      736.98]
  [     647.04      826.23]
  [     612.21      824.07]]]