[[[     403.84      411.89]
  [     416.74      402.98]
  [     398.59      401.58]
  [     445.64      409.93]
  [          0           0]
  [     475.18      464.22]
  [     384.17      465.95]
  [     505.72      536.53]
  [     372.33      537.33]
  [     476.18      608.24]
  [     366.75      599.49]
  [     454.69      625.45]
  [      393.5      626.78]
  [     469.32      738.01]
  [     399.77      738.58]
  [     472.72      841.05]
  [     404.44      840.65]]

 [[          0           0]
  [          0           0]
  [          0           0]
  [          0           0]
  [     181.31      411.38]
  [     63.259      481.92]
  [      193.3      482.31]
  [          0           0]
  [     214.15       585.5]
  [          0           0]
  [     232.06       642.8]
  [     82.996      680.79]
  [     170.33      685.23]
  [     110.82       813.1]
  [     172.11      818.94]
  [     122.33       950.2]
  [     159.09      957.97]]]