[[[     942.11       251.5]
  [     961.93       232.5]
  [     937.43      236.71]
  [     1022.2      245.84]
  [          0           0]
  [     1103.9      358.18]
  [     932.16      382.63]
  [     1187.4      488.37]
  [      913.9      535.11]
  [     1162.6      627.68]
  [     887.51      665.68]
  [     1064.4      688.84]
  [      950.9      691.32]
  [     1079.3      915.17]
  [     962.73      908.61]
  [          0           0]
  [          0           0]]

 [[     733.97      318.72]
  [     756.21      305.15]
  [     726.25      306.49]
  [     800.07      327.96]
  [          0           0]
  [     837.36      437.56]
  [     681.47      419.17]
  [     856.02      574.53]
  [     564.52      412.08]
  [     809.52      675.34]
  [     552.61      286.33]
  [     778.45      708.96]
  [     676.51      703.68]
  [      786.5      898.27]
  [     674.54      889.58]
  [     798.33      1069.7]
  [     682.53      1053.9]]

 [[     1328.1      75.034]
  [     1357.5      45.065]
  [     1309.9      54.734]
  [     1435.2      66.732]
  [          0           0]
  [     1534.2      224.48]
  [     1273.7      251.77]
  [     1598.6      424.28]
  [     1215.7      451.09]
  [     1417.1      583.35]
  [     1260.5      570.03]
  [     1476.8      661.76]
  [       1307      665.46]
  [     1500.4      976.55]
  [     1337.9       972.1]
  [          0           0]
  [          0           0]]]