[[[          0           0]
  [          0           0]
  [          0           0]
  [          0           0]
  [          0           0]
  [          0           0]
  [     1491.1      103.71]
  [       1920       337.7]
  [     1439.6      369.18]
  [     1648.9       495.5]
  [     1435.4      477.15]
  [     1786.3      685.64]
  [     1524.3      687.69]
  [          0           0]
  [          0           0]
  [          0           0]
  [          0           0]]

 [[          0           0]
  [          0           0]
  [          0           0]
  [          0           0]
  [          0           0]
  [          0           0]
  [      346.1      29.151]
  [          0           0]
  [     298.64      476.64]
  [          0           0]
  [     569.21       887.5]
  [     390.08      949.79]
  [     339.21      972.38]
  [          0           0]
  [          0           0]
  [          0           0]
  [          0           0]]

 [[     958.25      172.77]
  [      968.3      153.78]
  [     926.68      154.27]
  [          0           0]
  [     872.38      186.96]
  [       1023      338.64]
  [     806.74      320.85]
  [     1015.6      507.57]
  [     745.14      487.21]
  [     950.27      595.25]
  [     835.18      590.22]
  [     983.39      709.05]
  [     833.92      702.81]
  [     963.97      984.71]
  [     789.49      982.29]
  [          0           0]
  [          0           0]]]