[[[     710.21      427.35]
  [     722.32      419.07]
  [     703.83      420.27]
  [     749.23      428.38]
  [          0           0]
  [     766.05      487.94]
  [     676.25      478.94]
  [     757.83      535.13]
  [     624.08      471.91]
  [     725.92      510.32]
  [     593.48       435.1]
  [      733.8      649.31]
  [     672.77      646.85]
  [     732.51      760.83]
  [     664.07      759.41]
  [     738.55      859.83]
  [      668.2       857.6]]

 [[     848.82       400.1]
  [     861.06      389.81]
  [     844.08      390.07]
  [        891      397.39]
  [          0           0]
  [     929.68      460.75]
  [     832.94      469.98]
  [     973.03      531.17]
  [     820.83      549.53]
  [     954.88      601.43]
  [     805.92      621.54]
  [     907.77      636.41]
  [     844.69      637.95]
  [     911.05      759.22]
  [     846.78      759.79]
  [     922.77      877.65]
  [     858.98      864.59]]

 [[     1009.9      350.18]
  [     1020.4      336.65]
  [          0           0]
  [     1060.8      338.72]
  [          0           0]
  [     1119.7      406.41]
  [     1014.1      416.41]
  [     1138.2      507.36]
  [     992.86      510.61]
  [     1061.6      573.58]
  [     1006.5      572.18]
  [     1102.7      614.25]
  [     1029.3      618.23]
  [       1118      765.76]
  [     1047.6      765.36]
  [     1135.9      908.81]
  [     1056.5      899.81]]]