[[[     477.34      445.01]
  [     486.93      438.33]
  [     473.77      436.86]
  [     508.39       442.9]
  [          0           0]
  [        531       485.1]
  [     458.91      485.56]
  [     556.01      539.78]
  [     452.49      539.62]
  [     534.35      594.22]
  [     459.79      592.48]
  [     515.32      609.53]
  [     468.61      608.71]
  [     520.58       690.5]
  [     481.14      692.03]
  [     517.58      779.57]
  [     494.91      764.88]]

 [[     283.31      459.51]
  [     285.73      452.71]
  [     273.49      452.04]
  [          0           0]
  [        247      458.44]
  [     282.61      503.61]
  [     222.67      501.59]
  [          0           0]
  [     215.61      564.65]
  [          0           0]
  [     265.59      589.82]
  [     274.42      622.17]
  [     231.56      623.29]
  [          0           0]
  [      234.7      717.58]
  [          0           0]
  [     227.58      803.74]]

 [[          0           0]
  [          0           0]
  [          0           0]
  [          0           0]
  [     339.79      447.43]
  [     264.83      503.84]
  [     351.53      499.38]
  [      246.3      581.76]
  [     371.55      572.97]
  [          0           0]
  [     376.01       619.9]
  [     273.38      649.53]
  [     334.15       649.3]
  [     283.64       736.2]
  [     351.67      733.14]
  [     285.65      837.71]
  [     342.62      842.18]]]