[[[          0           0]
  [          0           0]
  [          0           0]
  [      225.1      475.22]
  [     261.83      475.26]
  [     198.66       517.7]
  [     278.83      515.58]
  [     182.71      579.08]
  [      299.7      575.28]
  [          0           0]
  [     300.98      609.01]
  [      206.7      640.52]
  [     261.63      639.48]
  [     212.91       710.4]
  [      272.8      707.94]
  [     207.36      792.59]
  [     256.48      790.67]]

 [[     365.66      483.84]
  [     372.41      477.57]
  [     361.02      477.24]
  [     390.28      472.39]
  [          0           0]
  [     419.17      497.89]
  [     351.29      498.23]
  [     456.14      535.71]
  [     342.82      537.13]
  [      445.4      581.83]
  [     344.03      578.49]
  [     404.03      601.58]
  [     361.45      599.58]
  [     399.74      672.97]
  [     359.74      669.02]
  [     394.68      750.35]
  [      368.6      741.56]]

 [[     185.83      474.02]
  [     187.24      466.21]
  [     176.81      467.47]
  [          0           0]
  [     154.52      473.05]
  [     183.88      514.09]
  [     140.05      513.48]
  [          0           0]
  [     130.57      563.53]
  [          0           0]
  [     167.83      604.14]
  [     175.71      616.72]
  [     143.74      617.66]
  [     178.68      694.09]
  [      134.5      695.98]
  [     157.19      768.28]
  [     116.14      777.99]]]