[[[      623.8         482]
  [     628.54      477.09]
  [     618.43      476.38]
  [          0           0]
  [     605.24       478.1]
  [     642.77      513.33]
  [     582.26      510.55]
  [     653.68       557.2]
  [     566.53      551.61]
  [     659.09      599.71]
  [     570.32      594.23]
  [     628.66       602.8]
  [     590.32       602.1]
  [     625.42      668.62]
  [     592.29      669.59]
  [     621.23      733.37]
  [     592.97      732.15]]

 [[     708.47      498.58]
  [     713.78      492.97]
  [     704.41      493.71]
  [     725.74      494.76]
  [          0           0]
  [     740.64       525.6]
  [     693.63      527.01]
  [     751.48      565.83]
  [     683.67      564.84]
  [     744.64      601.61]
  [     681.77      600.61]
  [     731.87      609.81]
  [     700.36      610.03]
  [     735.25      672.26]
  [      698.3      671.41]
  [     742.61      730.62]
  [      696.9      729.91]]

 [[     735.19      495.49]
  [     738.04      489.49]
  [          0           0]
  [     748.92      492.85]
  [          0           0]
  [     763.85      526.59]
  [     757.76      525.35]
  [     767.81      573.01]
  [          0           0]
  [     747.46      605.82]
  [          0           0]
  [     759.79      617.24]
  [     756.97      615.71]
  [     755.93      682.87]
  [     756.63      682.34]
  [     759.36      749.16]
  [     765.05      744.45]]]