[[[     1078.5      391.25]
  [     1078.5      374.11]
  [          0           0]
  [     1090.9      357.37]
  [          0           0]
  [     1100.5      424.02]
  [       1227      423.84]
  [     1069.5       549.2]
  [          0           0]
  [       1018      576.79]
  [          0           0]
  [     1124.9      675.93]
  [     1217.9      677.09]
  [     1077.3       822.5]
  [     1188.5      853.55]
  [       1123      990.25]
  [     1192.7      1035.2]]

 [[     711.19      492.97]
  [     716.79      488.33]
  [     706.15      488.44]
  [     724.97       493.5]
  [     699.08      493.71]
  [     739.15      526.54]
  [     687.34      527.34]
  [      752.7      561.68]
  [     674.07      563.15]
  [     747.79      593.21]
  [     674.12      595.57]
  [     730.16      610.53]
  [     696.09      610.65]
  [      731.4      670.57]
  [     693.46      670.03]
  [     732.89         727]
  [     694.08      727.27]]

 [[     485.04      495.01]
  [     488.09      490.21]
  [      481.7      488.42]
  [          0           0]
  [     463.76      483.06]
  [     469.96      515.35]
  [     441.55      505.01]
  [     459.47      556.13]
  [     455.16      538.57]
  [     475.26      580.23]
  [     481.77      563.93]
  [     455.26       596.4]
  [     431.99      592.94]
  [     450.29      668.25]
  [        425         662]
  [     439.45      733.09]
  [     394.34      733.46]]]