[[[     352.92      410.88]
  [      365.8      401.66]
  [     347.43      400.68]
  [     395.71      408.28]
  [          0           0]
  [     426.36      463.56]
  [     334.57      465.34]
  [     459.06      534.87]
  [     323.59      537.46]
  [     428.53      605.92]
  [     316.81      599.09]
  [     405.43      622.49]
  [     344.84      623.46]
  [     413.08      734.42]
  [      352.4       734.6]
  [     411.51      841.11]
  [     357.62      837.64]]

 [[          0           0]
  [          0           0]
  [          0           0]
  [          0           0]
  [     133.85      409.89]
  [     15.422      474.09]
  [     150.66      475.96]
  [          0           0]
  [      168.3      579.47]
  [          0           0]
  [     185.16      634.75]
  [     23.142      674.61]
  [     117.88      678.93]
  [          0           0]
  [     128.25      795.29]
  [          0           0]
  [     123.69      935.61]]]