[[[     319.86      359.63]
  [          0           0]
  [     315.91      339.05]
  [          0           0]
  [     263.93      326.58]
  [     133.14      423.78]
  [     294.32      421.64]
  [          0           0]
  [     336.38      552.57]
  [          0           0]
  [     400.64      630.37]
  [        155      701.34]
  [     268.83      703.08]
  [     151.08       894.2]
  [     264.85      902.76]
  [          0           0]
  [     255.84      1061.6]]

 [[     110.49      221.29]
  [          0           0]
  [      104.5      190.81]
  [          0           0]
  [     43.064      159.77]
  [          0           0]
  [     31.043      264.82]
  [          0           0]
  [     25.046      475.83]
  [          0           0]
  [     164.34       643.1]
  [          0           0]
  [     39.138      712.47]
  [          0           0]
  [          0           0]
  [          0           0]
  [          0           0]]]