[[[     892.76      380.12]
  [     900.62      371.24]
  [     882.38      369.24]
  [          0           0]
  [     855.98      373.84]
  [     918.14      438.81]
  [     818.15      431.45]
  [     938.94      515.58]
  [     783.76      509.24]
  [     926.31      571.35]
  [     847.13       548.5]
  [     900.23      602.59]
  [     832.81      599.69]
  [     894.19      723.16]
  [     829.69      723.37]
  [        886      832.58]
  [     820.73      841.76]]

 [[     1026.1      408.86]
  [     1034.2      399.04]
  [     1015.2      402.61]
  [       1048      407.04]
  [     1000.3      415.81]
  [     1081.1      467.68]
  [     989.01      472.89]
  [     1101.6      535.65]
  [     962.44      540.19]
  [     1061.1      592.29]
  [     1002.9      586.86]
  [     1063.9      620.56]
  [       1002       620.9]
  [       1080      736.69]
  [       1010      733.41]
  [       1089      846.81]
  [     1021.1         838]]

 [[          0           0]
  [     1089.9      375.67]
  [          0           0]
  [     1108.6      380.99]
  [          0           0]
  [     1141.1      451.83]
  [     1151.6      449.76]
  [     1119.1      556.23]
  [          0           0]
  [     1097.5      638.46]
  [          0           0]
  [     1150.7      655.13]
  [     1155.5       651.7]
  [       1151      804.28]
  [     1145.5      797.05]
  [     1163.1      937.78]
  [     1151.7      924.75]]]