[[[     751.06      467.82]
  [     755.99      456.65]
  [     740.57      458.38]
  [          0           0]
  [     713.37      460.54]
  [     773.04      512.14]
  [     686.21      504.03]
  [     791.53      578.03]
  [        629      518.76]
  [      780.8      632.99]
  [     619.64      483.42]
  [     757.81      654.77]
  [     700.78      652.14]
  [      760.5      753.15]
  [      699.5      750.39]
  [     768.43      841.21]
  [     703.68      839.43]]

 [[     865.45      423.29]
  [     876.07      414.12]
  [     857.83      416.02]
  [     897.87      422.53]
  [          0           0]
  [     931.67      479.51]
  [     847.27      490.62]
  [     970.26      542.89]
  [     835.27      564.17]
  [     956.59      607.43]
  [     826.92      627.88]
  [     914.15      637.75]
  [     858.99      640.19]
  [     918.67      745.61]
  [     860.69      748.63]
  [     929.07      850.93]
  [     871.99       843.7]]

 [[     1020.2      379.63]
  [     1030.7      367.98]
  [     1017.6      368.32]
  [     1065.6      370.11]
  [          0           0]
  [     1111.5      427.64]
  [     1017.8      439.92]
  [     1126.6      518.07]
  [     999.79      524.67]
  [       1057      578.11]
  [     1008.3      578.21]
  [       1098      611.19]
  [     1033.9       614.9]
  [     1105.7      748.39]
  [     1043.2       745.7]
  [     1117.6      872.08]
  [     1051.1      867.23]]]