[[[     406.73      474.45]
  [     408.47      467.55]
  [          0           0]
  [     423.12      460.15]
  [          0           0]
  [      437.9      488.61]
  [     471.45      483.65]
  [      433.7      537.22]
  [     492.14      538.33]
  [     400.18      573.59]
  [     486.87      590.67]
  [      448.1      596.46]
  [     468.34      590.89]
  [     450.66      675.11]
  [     447.14       668.2]
  [     474.81      754.61]
  [     447.86      748.67]]

 [[          0           0]
  [          0           0]
  [          0           0]
  [          0           0]
  [      108.1       461.1]
  [      29.94      509.89]
  [     126.34      505.32]
  [     9.2038      581.48]
  [     152.57      574.48]
  [          0           0]
  [      163.5      620.56]
  [      48.61      645.64]
  [     119.22      644.03]
  [     51.038      714.23]
  [     148.03      705.98]
  [     56.547      809.64]
  [     148.66      802.82]]

 [[     160.15      480.04]
  [     164.71      473.47]
  [     152.97      472.05]
  [          0           0]
  [     128.83      469.27]
  [     154.22      506.99]
  [     114.95      502.08]
  [     170.43      554.89]
  [          0           0]
  [     205.78      578.56]
  [          0           0]
  [     139.69       600.3]
  [      111.3      600.35]
  [          0           0]
  [          0           0]
  [          0           0]
  [          0           0]]]