[[[     954.54      456.64]
  [     959.91      450.34]
  [     947.67      449.33]
  [          0           0]
  [     930.89      451.78]
  [      976.3       494.2]
  [     904.93      491.66]
  [     993.85      545.07]
  [     883.04      541.81]
  [     987.03      590.26]
  [     919.47      569.62]
  [     963.01      603.89]
  [      917.2      603.57]
  [     962.27      686.51]
  [     917.47      687.94]
  [     955.53      766.37]
  [     916.85      765.98]]

 [[     1060.6      471.87]
  [     1067.9      465.64]
  [     1053.7       465.1]
  [     1077.3      471.53]
  [     1041.8      470.04]
  [     1092.7       511.7]
  [     1025.9      511.12]
  [     1105.9      550.74]
  [     1010.7      551.25]
  [     1067.4      557.36]
  [     1032.5      562.21]
  [     1082.7      615.03]
  [     1037.1      614.62]
  [     1093.3      691.52]
  [     1034.8      691.37]
  [     1103.4       767.6]
  [       1034      764.55]]

 [[     1091.7      467.06]
  [       1095      459.26]
  [          0           0]
  [     1109.7      462.31]
  [          0           0]
  [     1121.5      507.43]
  [       1127      503.55]
  [     1115.6      574.33]
  [          0           0]
  [     1098.5      632.03]
  [          0           0]
  [     1124.5      635.83]
  [     1128.3      632.74]
  [     1128.5       724.2]
  [     1124.9      721.74]
  [     1135.3      810.28]
  [       1128      805.73]]]