[[[          0           0]
  [          0           0]
  [          0           0]
  [     510.26       336.8]
  [     584.63      334.83]
  [     466.51      418.43]
  [     612.67      404.75]
  [     419.12      532.85]
  [      659.1       514.8]
  [     493.73      565.18]
  [     717.28      611.41]
  [     501.56      659.57]
  [      600.7      652.28]
  [        519      842.84]
  [     659.64      809.48]
  [     523.37        1033]
  [        615      983.88]]

 [[     321.18      410.82]
  [     332.16      395.53]
  [     305.56      394.55]
  [          0           0]
  [     265.51      389.94]
  [     302.67      465.66]
  [     243.57      470.54]
  [     325.27      572.07]
  [        227      587.48]
  [     364.94      628.69]
  [      269.8      679.19]
  [      309.2      683.59]
  [     279.81      692.38]
  [     317.37       810.7]
  [     332.89      827.46]
  [     252.46       927.4]
  [     285.38      978.37]]]