[[[     445.97      483.14]
  [     449.42       475.4]
  [     437.35      476.67]
  [          0           0]
  [     416.98      480.85]
  [     468.58      520.44]
  [     395.42      512.54]
  [     480.25      575.68]
  [      347.7      515.06]
  [     464.64      614.74]
  [     300.98      497.18]
  [     444.61      635.17]
  [     396.01      631.18]
  [     443.89       713.4]
  [     388.89       712.1]
  [      449.1      786.71]
  [     382.87      785.17]]

 [[     526.62      457.89]
  [     534.59      450.88]
  [     526.07      451.28]
  [     558.46      456.73]
  [          0           0]
  [     584.16      501.89]
  [     521.06      504.45]
  [     610.16      554.23]
  [     502.96      554.56]
  [     578.26      596.05]
  [     497.72      597.75]
  [     570.27      622.33]
  [     527.11      621.92]
  [     577.18      704.84]
  [     526.98      703.43]
  [     585.13      784.49]
  [     532.47      785.88]]

 [[     676.53       432.2]
  [     686.05      424.29]
  [     670.66      424.57]
  [     706.16       427.7]
  [          0           0]
  [     729.33      474.64]
  [     656.46      476.85]
  [     738.51      537.74]
  [     640.72      534.11]
  [     686.58      575.68]
  [     646.98      572.83]
  [     711.92      602.33]
  [     663.93      602.21]
  [     714.85      696.53]
  [     670.09       698.6]
  [     724.39      792.71]
  [     676.68      790.55]]]