[[[          0           0]
  [          0           0]
  [          0           0]
  [     237.25      445.79]
  [     286.74      447.16]
  [     203.71      491.21]
  [     307.73      491.61]
  [     175.82      567.46]
  [      329.5      560.17]
  [     157.15       627.5]
  [     334.53      591.43]
  [     208.24      635.32]
  [     281.71       636.5]
  [     200.66      727.77]
  [     281.08       727.8]
  [     181.03      827.88]
  [     277.83      827.46]]

 [[     426.75       465.6]
  [     433.47       460.2]
  [     419.62      458.93]
  [     439.44      465.36]
  [     405.52      459.87]
  [     440.09      508.49]
  [     388.96      494.39]
  [     442.63      548.63]
  [     374.26      521.35]
  [     467.04      567.85]
  [     398.92      550.89]
  [     428.76      612.43]
  [     400.52      607.64]
  [     409.44       687.2]
  [     419.63      687.55]
  [     369.51      756.67]
  [     433.02      769.79]]

 [[     713.72      410.39]
  [     715.99      400.59]
  [          0           0]
  [     732.39      396.04]
  [          0           0]
  [     743.46      435.45]
  [     798.01       437.2]
  [     742.83      509.18]
  [     826.36      508.52]
  [     722.75      573.56]
  [     796.88       544.8]
  [     767.84      582.58]
  [     800.39       581.9]
  [      773.6      699.09]
  [     777.18      695.77]
  [     799.93       812.4]
  [     774.31       788.3]]]