[[[     823.17      477.07]
  [     827.39      472.68]
  [     817.86      471.97]
  [          0           0]
  [     805.26       475.1]
  [     840.51      508.77]
  [     785.88      506.65]
  [     854.83      548.87]
  [     766.26      544.22]
  [     846.61      580.75]
  [     794.79      555.12]
  [      828.9      595.33]
  [     793.49      594.93]
  [     828.52      659.01]
  [     791.98      659.45]
  [     827.27      721.23]
  [      791.3      723.22]]

 [[          0           0]
  [          0           0]
  [          0           0]
  [     928.59      493.45]
  [          0           0]
  [     941.65      526.01]
  [     956.58      521.45]
  [     917.61      564.33]
  [          0           0]
  [     912.89      530.31]
  [          0           0]
  [     937.51       617.3]
  [     947.34      614.24]
  [     939.23      681.12]
  [      941.8      680.99]
  [     948.47      745.81]
  [     944.75      740.58]]

 [[     906.91      493.11]
  [      911.1      487.88]
  [      901.8      488.61]
  [          0           0]
  [     895.05      492.81]
  [     932.21      521.26]
  [     887.11      523.24]
  [          0           0]
  [     877.26      562.82]
  [          0           0]
  [     891.31      584.58]
  [     924.83      602.35]
  [     894.12      602.79]
  [      928.9      660.87]
  [     891.31      660.09]
  [        926         718]
  [     888.44      715.62]]]