[[[     714.27      483.57]
  [     718.49      478.64]
  [     708.76      478.06]
  [          0           0]
  [     695.06      480.66]
  [     731.99      514.08]
  [     674.72      512.29]
  [      745.1      553.03]
  [     658.08      552.65]
  [     724.88      579.64]
  [     689.87      578.73]
  [     719.25      600.01]
  [     682.41      599.26]
  [      714.1      666.73]
  [     683.38       665.7]
  [     708.92      729.81]
  [     683.17      729.14]]

 [[     786.16      496.07]
  [     792.01      491.36]
  [     784.06      491.34]
  [     805.29      495.81]
  [          0           0]
  [     817.46      527.56]
  [     775.35      525.93]
  [          0           0]
  [     761.87      558.89]
  [          0           0]
  [     760.04      591.83]
  [     807.77      606.17]
  [     778.74      605.44]
  [     813.63      666.78]
  [      778.9      666.77]
  [     820.35      722.14]
  [      780.8       724.3]]

 [[     809.58      496.07]
  [     812.36       490.4]
  [          0           0]
  [     822.87      495.66]
  [          0           0]
  [     832.17      530.63]
  [     838.48      527.72]
  [     826.67      577.79]
  [          0           0]
  [     811.64      613.03]
  [          0           0]
  [     831.87      620.14]
  [     835.43      617.95]
  [     833.77      684.06]
  [     829.18      683.52]
  [     842.06      747.07]
  [     833.29      744.28]]]