[[[     464.09      488.55]
  [     471.26      480.62]
  [     459.64      480.16]
  [     491.18      478.51]
  [          0           0]
  [      510.8      517.63]
  [     442.77      508.04]
  [        519      566.73]
  [     399.85      509.76]
  [     503.55      603.07]
  [     359.79      493.53]
  [     486.13      622.08]
  [     440.87      618.84]
  [     485.82       695.4]
  [     432.42      694.09]
  [     488.09      765.36]
  [     429.86      764.61]]

 [[     706.04      433.27]
  [     714.25      425.73]
  [     700.69      426.18]
  [     731.93      429.28]
  [          0           0]
  [      752.8      473.37]
  [     683.17      475.82]
  [     763.03      530.01]
  [      664.1      529.41]
  [     719.09      567.47]
  [     675.92      564.86]
  [     737.21      593.37]
  [     691.26      593.69]
  [     738.83      683.17]
  [     698.24      684.14]
  [     745.06      770.98]
  [     700.72      770.29]]

 [[      565.4      465.46]
  [     571.12      458.75]
  [          0           0]
  [     593.12      461.31]
  [          0           0]
  [     625.74      499.75]
  [      570.1      503.59]
  [     641.34      551.15]
  [     564.77      548.68]
  [     619.45      594.23]
  [     559.43         589]
  [     610.44      607.54]
  [     571.51      607.15]
  [        612      686.43]
  [     563.99      687.57]
  [     614.57      765.77]
  [     567.07      764.78]]]