[[[          0           0]
  [          0           0]
  [          0           0]
  [          0           0]
  [          0           0]
  [          0           0]
  [     1012.8      48.301]
  [          0           0]
  [     988.67      473.54]
  [          0           0]
  [     1178.1      847.75]
  [     943.21      921.13]
  [     990.66      936.23]
  [          0           0]
  [          0           0]
  [          0           0]
  [          0           0]]

 [[     1483.8      128.72]
  [     1500.2      105.67]
  [     1447.8      112.72]
  [       1527      137.61]
  [     1393.4      156.71]
  [     1578.7      306.52]
  [     1328.3      299.05]
  [     1546.6      492.51]
  [     1250.3      479.89]
  [     1455.1      600.93]
  [     1347.3      595.95]
  [     1522.3      716.74]
  [     1353.2      709.31]
  [     1492.6      1001.9]
  [     1314.4      995.47]
  [          0           0]
  [          0           0]]]