[[[     680.82      258.95]
  [     685.83      242.41]
  [     656.37      241.42]
  [          0           0]
  [     602.12      261.73]
  [     725.66      389.47]
  [     540.14      378.32]
  [      717.5      536.36]
  [     487.49      512.69]
  [     653.39      609.41]
  [      570.4      597.43]
  [     704.76      699.79]
  [      575.8      696.39]
  [     674.64       920.1]
  [     536.91      920.71]
  [          0           0]
  [          0           0]]

 [[     429.72      81.471]
  [          0           0]
  [     404.55      45.216]
  [          0           0]
  [     306.11      42.134]
  [     180.16      211.38]
  [     267.54      212.46]
  [          0           0]
  [     234.44      493.96]
  [          0           0]
  [     423.53       722.7]
  [     211.12      831.79]
  [     280.88      851.16]
  [          0           0]
  [          0           0]
  [          0           0]
  [          0           0]]

 [[     1069.1      125.84]
  [     1095.6      100.85]
  [     1057.4      106.46]
  [     1167.6      119.14]
  [          0           0]
  [     1251.9      249.06]
  [     1056.3      273.77]
  [     1336.5      416.19]
  [     1030.2      458.03]
  [     1251.7      592.23]
  [     1014.3       598.5]
  [     1202.2      638.21]
  [     1071.9      639.23]
  [       1229      933.16]
  [     1106.4      920.11]
  [          0           0]
  [          0           0]]]