[[[     331.96       507.7]
  [     336.12      499.78]
  [     326.91      501.65]
  [     353.96      490.69]
  [          0           0]
  [     388.07      516.62]
  [     333.08      524.03]
  [      419.8      560.47]
  [     332.72      570.01]
  [     402.48      608.47]
  [     330.88         614]
  [     388.68       619.5]
  [     353.74      620.61]
  [     385.78       691.7]
  [     357.94      691.74]
  [     383.78      766.48]
  [     372.48      761.48]]

 [[     159.63      498.09]
  [     161.52      490.86]
  [      152.2      489.91]
  [          0           0]
  [     126.89      491.14]
  [      144.4       533.3]
  [     97.262      529.22]
  [          0           0]
  [     56.617      576.69]
  [          0           0]
  [     87.458      621.26]
  [     133.43      643.22]
  [     101.42      644.44]
  [     144.23      703.76]
  [     93.745      712.24]
  [     127.42      787.62]
  [     89.545      796.33]]

 [[          0           0]
  [          0           0]
  [          0           0]
  [          0           0]
  [     217.22      488.13]
  [      151.2      533.84]
  [      232.9      535.38]
  [          0           0]
  [     251.78      603.62]
  [          0           0]
  [          0           0]
  [     164.45      665.45]
  [     219.66      666.05]
  [      199.4      717.49]
  [     239.93      707.68]
  [     197.34      814.48]
  [     218.38      806.19]]]