[[[     426.37      414.85]
  [     439.28      405.74]
  [     421.18      404.66]
  [     467.83      413.45]
  [          0           0]
  [     494.72      471.13]
  [     407.44       470.5]
  [     527.37       541.8]
  [     392.84      542.66]
  [     496.78      611.27]
  [     386.02      602.96]
  [     475.49       630.2]
  [     417.36      629.75]
  [        488      741.68]
  [     415.85      739.49]
  [      491.6      844.28]
  [      420.8      844.95]]

 [[          0           0]
  [          0           0]
  [          0           0]
  [          0           0]
  [     203.77       414.4]
  [     90.866      486.08]
  [      213.8      485.58]
  [     80.867      586.83]
  [     234.36      587.26]
  [          0           0]
  [     249.91      644.27]
  [     112.19      687.07]
  [     194.51       688.9]
  [     137.29      819.04]
  [     198.45      822.23]
  [      144.9      953.35]
  [     185.41      957.47]]]