[[[     776.25      466.45]
  [     781.48      460.52]
  [     769.88       459.6]
  [          0           0]
  [     754.38      461.67]
  [     795.19      503.54]
  [     728.25      499.21]
  [     810.45      552.52]
  [     705.53      544.72]
  [      805.2      593.27]
  [     741.59      575.52]
  [      780.2      605.12]
  [      737.5       604.3]
  [     779.42       683.5]
  [     735.67      685.39]
  [     772.35       755.8]
  [      733.5      760.13]]

 [[     874.61      481.95]
  [     877.49      474.77]
  [          0           0]
  [     890.14       478.3]
  [          0           0]
  [     903.54      519.89]
  [     913.28      516.55]
  [     898.66      580.67]
  [          0           0]
  [     885.05      632.15]
  [          0           0]
  [     907.03      631.46]
  [     914.59      629.12]
  [     908.32      709.99]
  [     907.17      710.28]
  [     917.31      790.37]
  [     909.64      787.05]]

 [[     866.13         483]
  [     871.47      476.29]
  [      859.3      477.55]
  [          0           0]
  [     849.89      482.82]
  [     893.63       518.6]
  [     838.42      521.14]
  [          0           0]
  [     825.97      567.25]
  [          0           0]
  [     827.01      609.04]
  [     886.12      615.07]
  [     849.24      616.18]
  [     892.26      686.74]
  [     845.14      686.77]
  [     899.62      752.85]
  [     843.72       753.6]]]