[[[     435.35      464.29]
  [     437.57      457.43]
  [          0           0]
  [     451.88      451.89]
  [          0           0]
  [     463.53      481.67]
  [      499.8      478.17]
  [     460.83      537.83]
  [          0           0]
  [      428.3      580.37]
  [          0           0]
  [     469.37      591.57]
  [     496.72      587.23]
  [     459.01      674.38]
  [      486.8      666.09]
  [      477.4      757.49]
  [     523.26       731.8]]

 [[          0           0]
  [          0           0]
  [          0           0]
  [          0           0]
  [     125.27      457.49]
  [     41.684      504.96]
  [     143.08      501.73]
  [     20.056      582.56]
  [     162.81      576.47]
  [          0           0]
  [     167.34      620.38]
  [      53.57      647.42]
  [     128.21      647.41]
  [     57.806      702.15]
  [     154.34      693.41]
  [     57.926      808.35]
  [     155.77      802.01]]

 [[     169.19      475.41]
  [     173.49      468.18]
  [     161.62      467.51]
  [          0           0]
  [     137.12      464.27]
  [     164.32      501.08]
  [     122.77       499.3]
  [     176.61      547.11]
  [          0           0]
  [     216.82      566.65]
  [          0           0]
  [     156.31      599.47]
  [     125.93      602.13]
  [          0           0]
  [          0           0]
  [          0           0]
  [          0           0]]]