[[[     474.44      484.49]
  [     476.29      477.41]
  [          0           0]
  [     490.47      473.69]
  [          0           0]
  [     496.63      502.62]
  [     539.05      499.93]
  [      504.4      553.37]
  [          0           0]
  [     496.67       608.9]
  [          0           0]
  [     508.93      612.59]
  [     546.73      611.19]
  [     480.01      693.44]
  [     549.28      698.01]
  [     462.14      777.16]
  [     576.25      772.45]]

 [[          0           0]
  [          0           0]
  [          0           0]
  [     91.457      474.07]
  [     138.73      476.64]
  [     58.097      519.93]
  [     156.37      520.77]
  [      33.82      588.45]
  [     180.42      589.63]
  [     25.197      636.36]
  [     185.73      627.64]
  [     67.959      660.08]
  [     138.82      660.73]
  [     52.795      725.34]
  [     134.94      724.85]
  [      54.17      826.97]
  [     135.28      825.57]]]