[[[     738.92      452.41]
  [     743.49      440.85]
  [     728.12      443.35]
  [          0           0]
  [     701.02       446.1]
  [     763.55      496.04]
  [     673.53      489.92]
  [     781.82      564.73]
  [     617.21      505.47]
  [     767.97      618.88]
  [     605.39      467.22]
  [     746.24      643.19]
  [     687.02      640.63]
  [     745.85      743.09]
  [     685.78      741.14]
  [     752.55      828.68]
  [     690.01      827.92]]

 [[     870.13      405.51]
  [     879.01      397.02]
  [     860.01      399.15]
  [     892.26      407.83]
  [     846.02      413.48]
  [     924.64       467.7]
  [     836.45      476.53]
  [     964.03      530.05]
  [     825.04      550.02]
  [     949.92      595.91]
  [     816.72      613.11]
  [     906.91       625.1]
  [     849.92      625.76]
  [     911.47      737.18]
  [     851.34       736.5]
  [     919.16      843.59]
  [     862.24      832.56]]

 [[     1010.5      365.53]
  [     1020.4      353.83]
  [          0           0]
  [       1057      356.44]
  [          0           0]
  [     1108.8      417.84]
  [     1011.4      426.04]
  [     1119.7      507.78]
  [      993.9      509.49]
  [     1048.3      564.95]
  [     996.07      562.07]
  [     1091.1      602.79]
  [     1024.2      604.85]
  [     1098.6      739.34]
  [     1034.1      737.79]
  [     1111.5      867.41]
  [     1045.4      860.16]]]