[[[          0           0]
  [          0           0]
  [          0           0]
  [     599.88      409.39]
  [     657.67      400.99]
  [     574.16      454.04]
  [     702.28      448.05]
  [      532.4      555.68]
  [     745.56      542.94]
  [     567.14      630.68]
  [        719       601.7]
  [     612.08      643.22]
  [     687.23      643.06]
  [     653.69      792.64]
  [     673.49      798.96]
  [     674.32      926.85]
  [     625.39      953.27]]

 [[      344.1      506.27]
  [     355.44      498.37]
  [     339.04       490.4]
  [          0           0]
  [     311.84      476.59]
  [     330.48      546.64]
  [     267.33      516.74]
  [     319.95      610.66]
  [     278.42      525.71]
  [     328.09      667.01]
  [     298.98      500.95]
  [     298.32      690.24]
  [     248.84      684.02]
  [     323.09      792.73]
  [     269.34      798.61]
  [     320.46      888.07]
  [     279.96      903.89]]]