[[[     938.06      467.53]
  [     943.48      461.29]
  [     931.34      460.19]
  [          0           0]
  [     914.89      462.79]
  [     960.62      506.56]
  [     889.18      503.41]
  [     978.24       558.1]
  [      866.7      553.01]
  [     969.57      601.89]
  [     903.22      581.76]
  [     946.48      616.63]
  [     900.44      616.05]
  [     945.64       700.3]
  [     898.77      701.41]
  [     938.62      780.32]
  [      895.7      780.37]]

 [[     1044.4      485.07]
  [     1051.5      479.04]
  [     1037.5      478.82]
  [     1060.9      483.91]
  [     1026.2      483.48]
  [     1074.9      522.99]
  [     1009.6      522.16]
  [     1086.2      570.02]
  [     992.69      566.42]
  [     1055.3      574.27]
  [       1016      578.26]
  [     1065.1      629.51]
  [     1020.9      629.52]
  [     1072.1      707.55]
  [     1016.8      708.89]
  [     1080.6      782.29]
  [     1017.9      782.09]]

 [[     1076.2      476.52]
  [     1079.9      469.41]
  [          0           0]
  [     1094.6      473.45]
  [          0           0]
  [     1102.5      517.37]
  [     1111.1      514.33]
  [     1097.1      585.91]
  [          0           0]
  [     1078.8      646.79]
  [          0           0]
  [     1106.3       645.5]
  [     1113.2      643.59]
  [     1111.1       737.5]
  [     1113.1      736.91]
  [     1115.1      825.43]
  [     1113.4      820.87]]]