[[[     394.35      499.94]
  [     400.03      494.09]
  [     389.71      493.69]
  [     414.16      487.69]
  [          0           0]
  [     434.73      509.43]
  [      375.3      509.48]
  [     458.23      554.44]
  [      353.2      546.81]
  [     437.06       590.6]
  [     374.72      531.41]
  [     422.73      602.15]
  [     383.82      601.62]
  [     428.23      671.54]
  [     384.55      671.26]
  [     433.73      739.32]
  [     382.66       738.6]]

 [[      704.4      498.23]
  [      709.5      492.18]
  [     699.55      493.46]
  [     721.36      492.65]
  [          0           0]
  [     741.31      520.98]
  [     692.36      526.69]
  [     757.94       558.2]
  [     677.86      561.28]
  [     745.78      594.12]
  [     701.99      544.45]
  [     738.16      608.01]
  [     705.93      610.47]
  [     743.53      669.97]
  [     711.21      670.61]
  [     748.05       727.1]
  [     719.99      730.66]]]