[[[     923.22      420.39]
  [     929.71      411.74]
  [     914.01      410.85]
  [          0           0]
  [     892.25      413.56]
  [     949.23      468.76]
  [     862.07      463.03]
  [     970.11      535.12]
  [     832.79      534.79]
  [     962.12      592.67]
  [     886.13         566]
  [     935.11      609.99]
  [     877.26       608.7]
  [     934.77      714.92]
  [     876.68      714.66]
  [      926.2      810.06]
  [     874.89      813.74]]

 [[     1050.3      440.78]
  [     1057.4      432.05]
  [     1040.4      434.48]
  [     1069.8      436.76]
  [     1027.9      443.44]
  [     1095.8      485.85]
  [     1013.3      494.14]
  [     1117.2         550]
  [     999.49      555.26]
  [     1079.2      558.67]
  [     1031.5      540.44]
  [     1085.6      621.56]
  [     1031.3      625.38]
  [     1100.8      722.13]
  [     1038.4      724.73]
  [     1115.2      818.47]
  [     1054.2      816.45]]

 [[          0           0]
  [          0           0]
  [          0           0]
  [     1109.6      419.78]
  [          0           0]
  [     1141.7      477.93]
  [     1159.3      475.73]
  [     1127.4      565.98]
  [          0           0]
  [     1074.2      590.52]
  [          0           0]
  [     1145.5      652.54]
  [     1154.7      648.01]
  [     1156.1      778.36]
  [       1151      768.25]
  [     1170.6      889.33]
  [     1158.1      872.44]]]