[[[     798.71      469.12]
  [     803.16      460.08]
  [     789.52       462.2]
  [          0           0]
  [     768.21      465.75]
  [     822.55      507.27]
  [     745.06      504.71]
  [      838.5      569.04]
  [     694.85      516.45]
  [     826.86      618.58]
  [     674.54      485.45]
  [     804.31      636.83]
  [     753.81      636.24]
  [      806.6      725.45]
  [     751.78         724]
  [     811.96      807.85]
  [     751.96      805.05]]

 [[     886.81      435.14]
  [     894.99      425.03]
  [      884.2      426.57]
  [     922.83      428.06]
  [          0           0]
  [     956.76      480.04]
  [     883.64      490.02]
  [     996.24      534.93]
  [     873.27      557.42]
  [     975.93      587.93]
  [     864.63      613.54]
  [     940.67       623.2]
  [     891.67      626.44]
  [     947.02      720.95]
  [     893.27         724]
  [      957.7      813.47]
  [     903.32      812.68]]

 [[     1045.6      389.58]
  [     1056.2      379.38]
  [     1040.7      380.39]
  [     1085.8      382.92]
  [          0           0]
  [     1118.2      434.91]
  [     1033.7      444.89]
  [     1135.3       517.7]
  [     1016.1      519.22]
  [     1069.9      570.87]
  [     1024.1      571.78]
  [     1106.3      600.96]
  [     1049.5      604.21]
  [     1116.5       721.8]
  [       1059      720.35]
  [     1122.3      835.98]
  [       1067      831.45]]]