[[[     939.76      255.06]
  [     959.91      236.23]
  [     934.38      240.24]
  [       1019      249.44]
  [          0           0]
  [     1096.5      360.05]
  [     927.84      383.82]
  [     1175.5      490.87]
  [     907.36      532.72]
  [     1146.8      629.78]
  [     877.69       662.1]
  [     1052.5      685.75]
  [      941.3      687.81]
  [     1064.7         911]
  [     949.68      904.81]
  [          0           0]
  [          0           0]]

 [[     734.34      316.54]
  [     756.57      304.13]
  [     727.27      304.23]
  [     797.95      328.03]
  [          0           0]
  [     832.25      436.82]
  [     678.99      415.05]
  [     849.11      570.96]
  [      564.5      406.03]
  [     802.64      670.77]
  [     552.38      282.39]
  [     769.66      703.34]
  [     669.21      696.45]
  [     776.83      889.55]
  [     663.97       878.6]
  [     785.77      1060.3]
  [     672.49      1040.3]]

 [[     1318.1      89.445]
  [     1347.7      60.849]
  [       1299      73.285]
  [     1425.8       84.37]
  [          0           0]
  [     1518.5      232.26]
  [     1268.4      256.31]
  [     1577.8      431.05]
  [     1204.8      454.59]
  [     1395.2      586.94]
  [     1252.6      571.35]
  [     1464.5      661.06]
  [     1298.6      663.68]
  [     1476.9      968.51]
  [     1310.1      971.49]
  [          0           0]
  [          0           0]]]