[[[      805.9      449.61]
  [     810.84      444.29]
  [     800.23      443.08]
  [          0           0]
  [     785.42      444.75]
  [     824.67      483.97]
  [      761.4      480.36]
  [     841.07      530.17]
  [     742.11      525.37]
  [     832.47      567.69]
  [     775.98      551.96]
  [     812.77      581.61]
  [     771.92      580.64]
  [     810.44      653.99]
  [     770.47      653.89]
  [     806.03      722.95]
  [     769.76      722.14]]

 [[     913.21      461.54]
  [     917.56      454.95]
  [          0           0]
  [     932.19      458.73]
  [          0           0]
  [      942.9      498.85]
  [     943.13      496.61]
  [     926.36      556.09]
  [          0           0]
  [     899.43      594.27]
  [          0           0]
  [     937.15      604.38]
  [     937.48      601.69]
  [      936.5      679.06]
  [     933.13      677.59]
  [     943.96      751.52]
  [     938.55      745.99]]

 [[     898.31      462.93]
  [     903.53      457.24]
  [     892.04      457.89]
  [          0           0]
  [     882.35      463.29]
  [     920.71      498.49]
  [     871.32      497.33]
  [     927.04      546.42]
  [     856.03       538.1]
  [     904.66      589.96]
  [     865.07      571.74]
  [     911.33      590.82]
  [     878.01      590.18]
  [     914.38      659.59]
  [     874.88      657.02]
  [     914.32      718.78]
  [      872.5      717.88]]]