[[[     1020.3         337]
  [     1029.6      326.03]
  [     1006.9       323.6]
  [          0           0]
  [     973.24      330.16]
  [     1050.2      414.01]
  [     925.45      402.55]
  [     1075.5       507.4]
  [     883.72      496.68]
  [     1075.8      587.35]
  [     969.05      518.69]
  [     1030.3      615.14]
  [     946.16      611.28]
  [     1021.3      765.83]
  [     940.02      765.85]
  [     1009.5      903.84]
  [     928.68      911.92]]

 [[     1163.6      365.19]
  [     1177.8       354.4]
  [     1160.7         355]
  [     1215.7      366.89]
  [          0           0]
  [     1260.4         443]
  [     1142.5      446.48]
  [     1279.3      534.74]
  [     1120.1      536.02]
  [     1229.1      608.02]
  [     1160.6      599.51]
  [     1238.3      639.64]
  [     1159.3      638.85]
  [     1244.8      784.19]
  [     1166.3      780.24]
  [     1248.6      919.24]
  [     1182.3      916.69]]

 [[     1297.9      324.33]
  [       1301      305.46]
  [          0           0]
  [     1331.1      304.98]
  [          0           0]
  [     1375.6      407.05]
  [     1378.4      395.74]
  [     1361.3      558.19]
  [          0           0]
  [     1317.7      672.01]
  [          0           0]
  [     1374.7      696.28]
  [       1371      687.03]
  [       1385      894.09]
  [       1362      885.85]
  [       1406      1067.4]
  [     1366.1      1049.6]]]