[[[     204.42      256.05]
  [          0           0]
  [     195.58      230.93]
  [          0           0]
  [     142.01      235.41]
  [      11.53      362.99]
  [     147.21      369.22]
  [          0           0]
  [     192.15      554.56]
  [          0           0]
  [     264.94      671.06]
  [     34.094      735.64]
  [     135.75      744.44]
  [          0           0]
  [     168.04      1023.1]
  [          0           0]
  [          0           0]]

 [[     648.05      279.28]
  [     667.71       267.2]
  [        644      265.09]
  [     711.62      283.31]
  [          0           0]
  [      754.3       369.2]
  [     638.74      375.78]
  [     803.11      484.47]
  [     634.81      497.87]
  [     739.77      583.64]
  [     606.03      584.93]
  [     717.92      614.62]
  [     641.92      612.36]
  [      728.6      791.01]
  [        656       788.1]
  [      742.5      961.75]
  [     673.39      951.47]]

 [[     296.41      321.86]
  [     304.35      307.78]
  [     275.92      308.68]
  [          0           0]
  [      238.5      326.71]
  [     351.75      426.08]
  [     208.89      416.66]
  [     336.71      543.98]
  [          0           0]
  [     276.11      624.25]
  [          0           0]
  [     329.58      663.38]
  [      233.6      658.07]
  [     309.11      833.31]
  [     217.07      829.42]
  [        279      984.02]
  [     205.08      975.41]]]