[[[     397.65      497.81]
  [     403.44      491.56]
  [     392.21      491.67]
  [     415.88      486.13]
  [          0           0]
  [     435.43      509.93]
  [     375.51      510.22]
  [     457.85      554.91]
  [     353.53      546.43]
  [     436.43      590.45]
  [      372.8      533.19]
  [     423.03      602.39]
  [     383.92      602.09]
  [     427.77      672.11]
  [     383.62      671.37]
  [     433.63      738.42]
  [     382.15      738.49]]

 [[     723.36      496.75]
  [     728.54      491.68]
  [     717.86      492.47]
  [     736.33      495.97]
  [     710.44      497.67]
  [     750.42      526.15]
  [     701.19      528.05]
  [     766.48      561.87]
  [     684.84      560.56]
  [     756.12      590.58]
  [     710.79      545.68]
  [     741.25      608.35]
  [     708.11      608.75]
  [     744.85      670.86]
  [     706.83      667.73]
  [     744.83      726.36]
  [      705.6      726.33]]]