[[[     1233.8      317.08]
  [     1227.6       285.8]
  [          0           0]
  [     1264.1      241.27]
  [          0           0]
  [     1293.2      325.26]
  [     1467.8      344.66]
  [     1303.3      528.26]
  [          0           0]
  [     1292.4      721.82]
  [          0           0]
  [     1337.1      758.38]
  [     1475.7      759.06]
  [     1265.4      1019.8]
  [          0           0]
  [          0           0]
  [          0           0]]

 [[     724.34      496.34]
  [     729.81       491.4]
  [     719.28      491.57]
  [     737.93      495.14]
  [     711.99      495.44]
  [     751.83       527.6]
  [     698.66      527.23]
  [     767.51      563.51]
  [     681.02       562.2]
  [     759.62      596.67]
  [     687.45       597.2]
  [     739.05      610.52]
  [     704.41      609.85]
  [     736.97      670.58]
  [     698.67      669.04]
  [     735.18      727.97]
  [     695.54      727.38]]

 [[     431.75      482.31]
  [     437.12      477.85]
  [     426.21      476.48]
  [          0           0]
  [     412.14       477.7]
  [     442.33      511.69]
  [     390.65      507.67]
  [     441.18      548.21]
  [     392.59      545.58]
  [     451.48         575]
  [     433.07      567.59]
  [     431.09      602.16]
  [     394.12      601.58]
  [     436.21      672.16]
  [     387.66       673.1]
  [      438.6      737.88]
  [     382.92      740.16]]]