[[[          0           0]
  [          0           0]
  [          0           0]
  [          0           0]
  [          0           0]
  [     1745.5      51.413]
  [     1400.7      112.05]
  [     1880.7      322.47]
  [     1349.1      376.61]
  [     1558.8      490.44]
  [       1344      485.85]
  [     1670.1      675.66]
  [       1435      679.62]
  [          0           0]
  [          0           0]
  [          0           0]
  [          0           0]]

 [[          0           0]
  [          0           0]
  [          0           0]
  [          0           0]
  [          0           0]
  [          0           0]
  [     220.84      8.4066]
  [          0           0]
  [      186.4      466.43]
  [          0           0]
  [     483.66      884.31]
  [     310.18      952.63]
  [     212.79      976.38]
  [          0           0]
  [          0           0]
  [          0           0]
  [          0           0]]

 [[     904.78      161.93]
  [     908.88      143.01]
  [     872.57      142.33]
  [          0           0]
  [     810.83      174.35]
  [     958.93      331.29]
  [     739.99      313.97]
  [     953.37      499.61]
  [     681.61      483.72]
  [     890.27      592.53]
  [     769.68      583.33]
  [     925.49      704.38]
  [     774.29      699.24]
  [     908.12      980.84]
  [     734.77      977.82]
  [          0           0]
  [          0           0]]]