[[[     1858.3      78.882]
  [     1882.6       51.15]
  [     1814.6      55.005]
  [          0           0]
  [     1746.9      105.56]
  [          0           0]
  [     1662.7      280.25]
  [          0           0]
  [     1561.2      474.32]
  [          0           0]
  [     1636.8      621.26]
  [     1890.3      730.77]
  [     1702.1      733.91]
  [          0           0]
  [     1694.3      1043.5]
  [          0           0]
  [          0           0]]

 [[          0           0]
  [          0           0]
  [          0           0]
  [          0           0]
  [          0           0]
  [          0           0]
  [     1398.6      31.509]
  [          0           0]
  [     1381.7      474.81]
  [          0           0]
  [     1599.7      900.27]
  [     1272.4      901.56]
  [     1380.5      921.41]
  [          0           0]
  [          0           0]
  [          0           0]
  [          0           0]]]