[[[          0           0]
  [          0           0]
  [          0           0]
  [          0           0]
  [     171.43      311.47]
  [     31.802      406.13]
  [     170.28      412.35]
  [          0           0]
  [     204.43      550.78]
  [          0           0]
  [     243.52       638.9]
  [     47.503      682.36]
  [      141.7      688.22]
  [     62.782       883.6]
  [     155.05      882.55]
  [     48.069      1061.3]
  [     133.47      1062.3]]

 [[     534.78      334.74]
  [     552.47      326.19]
  [     532.15      321.45]
  [      586.9      342.59]
  [          0           0]
  [     615.58      414.49]
  [     516.06      409.03]
  [     641.67      504.07]
  [     504.81      503.51]
  [     575.82      573.05]
  [     486.98      576.28]
  [     581.72      606.84]
  [     514.36      602.08]
  [     585.76      749.11]
  [     514.36      744.97]
  [     583.52      884.71]
  [     523.72      880.41]]

 [[     217.86      358.72]
  [          0           0]
  [     202.85      348.34]
  [          0           0]
  [          0           0]
  [     230.42      437.86]
  [          0           0]
  [     249.91      538.68]
  [          0           0]
  [     243.23      608.62]
  [          0           0]
  [     212.52       627.8]
  [          0           0]
  [          0           0]
  [          0           0]
  [          0           0]
  [          0           0]]

 [[     217.27      362.58]
  [     222.97      349.54]
  [     204.07      349.69]
  [          0           0]
  [     174.14      355.37]
  [     232.42      439.76]
  [          0           0]
  [     251.73      539.24]
  [          0           0]
  [     235.57      615.48]
  [          0           0]
  [     224.95      635.94]
  [     166.17      637.72]
  [     223.51      778.16]
  [     172.32      775.38]
  [      214.8      902.83]
  [     176.88      911.18]]]