[[[     612.49      370.09]
  [     630.68      362.01]
  [     607.08      362.26]
  [     662.16      386.67]
  [          0           0]
  [     685.16      476.15]
  [     567.02      445.22]
  [     697.44      575.11]
  [     482.61      415.72]
  [     669.54      649.86]
  [     419.62      359.12]
  [     636.54      674.71]
  [     560.18      664.47]
  [     643.73      813.43]
  [     560.17      810.04]
  [     653.49      937.21]
  [     569.99      931.35]]

 [[     1015.4      259.43]
  [     1033.1      244.53]
  [     1009.9      247.48]
  [     1081.5      257.66]
  [          0           0]
  [     1132.7       345.3]
  [     991.52      365.98]
  [     1158.7      475.11]
  [     957.76      487.61]
  [     1055.8      557.67]
  [      983.7      551.31]
  [     1108.6      614.42]
  [     1013.3      621.82]
  [     1128.1      818.06]
  [     1038.8      814.78]
  [     1159.1      999.68]
  [     1064.8      995.73]]

 [[     762.06      344.52]
  [     775.18      329.81]
  [     758.44      333.13]
  [     819.26      337.19]
  [          0           0]
  [     879.01      422.54]
  [      756.6      437.58]
  [     934.92      517.38]
  [     744.96      544.19]
  [     911.15      610.95]
  [     724.14      635.84]
  [     850.66      652.27]
  [     769.91      653.54]
  [     862.19      808.45]
  [     777.48      806.82]
  [     886.92      955.13]
  [     801.12      941.43]]]