[[[     622.55      482.11]
  [     627.01      477.02]
  [     617.08      476.51]
  [          0           0]
  [     603.32      478.22]
  [     640.72      512.59]
  [      581.1      510.83]
  [     654.01      553.77]
  [     563.93      550.49]
  [     656.08      592.22]
  [     571.83      589.53]
  [     627.87      602.59]
  [     590.04      602.35]
  [     625.12      668.42]
  [     592.58       669.7]
  [     621.21      733.05]
  [     593.42      732.04]]

 [[     709.33      496.76]
  [     715.01      491.15]
  [     704.85      491.54]
  [     726.06      493.25]
  [          0           0]
  [      739.6      525.47]
  [     691.54      526.83]
  [     750.02      563.76]
  [      681.4      564.92]
  [     748.02      603.01]
  [     682.78      599.08]
  [      730.6      611.02]
  [     698.66      611.05]
  [     735.68      672.55]
  [     696.96      671.77]
  [     743.59      731.94]
  [     696.01      729.09]]

 [[     733.59      496.27]
  [     736.11      490.11]
  [          0           0]
  [     746.76      492.98]
  [          0           0]
  [     761.68      527.12]
  [     757.71      525.03]
  [     759.86      573.46]
  [          0           0]
  [      742.4      610.87]
  [          0           0]
  [     758.91      618.32]
  [     757.54      616.57]
  [     757.45      684.44]
  [     757.89      683.76]
  [     759.85      749.89]
  [     765.99      744.93]]]