[[[     344.92         479]
  [     351.62      472.93]
  [     338.28      472.09]
  [     357.77      480.03]
  [     324.91      476.86]
  [     365.34      522.45]
  [     307.18      514.47]
  [     377.85      566.73]
  [     268.73      554.35]
  [     405.43      586.73]
  [     288.64      578.55]
  [     355.39      628.65]
  [     311.89      626.07]
  [     373.42      696.51]
  [     285.39      700.31]
  [     371.98      770.15]
  [     249.11      771.57]]

 [[     692.39      451.28]
  [     695.28      441.21]
  [          0           0]
  [     714.93      432.55]
  [          0           0]
  [     722.41      464.56]
  [     770.41      469.07]
  [     733.13      525.65]
  [     800.45      533.01]
  [     698.89      573.11]
  [     771.56      564.05]
  [     737.66      600.03]
  [     777.67      601.64]
  [     697.84      697.76]
  [     769.64      700.48]
  [     721.47      799.93]
  [     777.07      799.41]]

 [[          0           0]
  [          0           0]
  [          0           0]
  [     138.71         471]
  [     189.51      470.15]
  [     115.55      513.18]
  [     223.67         516]
  [     83.341      588.27]
  [     254.24      596.78]
  [     67.822      641.78]
  [     246.93      646.39]
  [     136.56      663.79]
  [     207.94       664.9]
  [          0           0]
  [          0           0]
  [          0           0]
  [          0           0]]]