[[[     444.57      280.49]
  [     467.14      266.01]
  [     425.75       262.1]
  [     492.86      292.69]
  [     393.32      281.99]
  [     524.78      409.48]
  [     333.41       393.6]
  [     509.59      553.58]
  [        270      525.66]
  [     430.95      618.19]
  [      354.6      613.75]
  [     485.91      716.84]
  [     355.19      711.81]
  [     461.66      937.68]
  [     315.77      942.07]
  [          0           0]
  [          0           0]]

 [[     198.91      114.76]
  [          0           0]
  [     178.33      72.483]
  [          0           0]
  [     66.162      62.103]
  [          0           0]
  [     42.282      246.58]
  [          0           0]
  [     13.957      549.31]
  [          0           0]
  [     160.01      753.85]
  [          0           0]
  [     82.339      895.02]
  [          0           0]
  [          0           0]
  [          0           0]
  [          0           0]]

 [[     854.39      191.54]
  [     878.65      170.91]
  [     848.71      172.34]
  [     942.84      183.27]
  [          0           0]
  [     1005.8      305.61]
  [      853.5      318.92]
  [     1069.4      475.79]
  [     840.35      493.88]
  [     976.02      626.91]
  [     802.69      617.69]
  [     948.43       661.5]
  [        849      658.55]
  [     957.45       919.5]
  [        866      913.09]
  [          0           0]
  [          0           0]]]