[[[     288.95      428.14]
  [     301.07      414.71]
  [     277.15       415.1]
  [     328.15      409.97]
  [          0           0]
  [     357.69      475.55]
  [     246.39      463.38]
  [     377.83      552.19]
  [     194.14      476.13]
  [     390.65      624.39]
  [     155.05      476.95]
  [     323.06       652.4]
  [     252.63      648.24]
  [      308.6       778.1]
  [      239.2      775.64]
  [     301.05      886.42]
  [     218.12      907.29]]

 [[     641.23      410.98]
  [     651.87       400.6]
  [        634      400.64]
  [      672.7      405.49]
  [          0           0]
  [     694.68      465.65]
  [      613.6      462.12]
  [     722.42      528.85]
  [     586.74      524.84]
  [     704.34      565.48]
  [     558.26      569.31]
  [     671.41      610.72]
  [     618.62      607.12]
  [     668.47      712.82]
  [     587.04       705.6]
  [     670.85      815.26]
  [     623.16      781.66]]]