[[[     778.26      480.09]
  [     783.58      473.89]
  [     771.55      472.95]
  [          0           0]
  [     754.66      475.05]
  [     798.78       515.9]
  [     730.53      512.49]
  [     816.18       562.5]
  [     707.06      559.84]
  [     808.17      603.26]
  [     744.89      588.01]
  [     782.82      621.06]
  [      738.4      620.24]
  [     782.82      701.58]
  [     736.81      701.41]
  [     775.98      777.82]
  [     736.16      779.12]]

 [[     868.96      495.38]
  [     876.12      489.26]
  [     863.46      489.38]
  [     888.54      493.45]
  [     857.19      493.86]
  [     904.37      532.51]
  [     846.78      532.85]
  [          0           0]
  [     834.46       579.9]
  [          0           0]
  [     830.63      625.08]
  [     894.66      632.55]
  [     856.26      632.28]
  [     901.46      705.03]
  [     853.93      704.12]
  [     908.29      775.76]
  [      852.9      772.07]]

 [[     892.33      492.12]
  [     896.63      485.12]
  [          0           0]
  [     912.67      489.56]
  [          0           0]
  [     923.37      532.01]
  [     925.94       528.8]
  [     918.32      594.83]
  [          0           0]
  [      900.7      643.75]
  [          0           0]
  [      929.2      646.22]
  [     929.51      643.47]
  [     931.17      726.97]
  [     918.98      724.52]
  [     945.65      806.36]
  [     920.59      803.42]]]