[[[     373.13      488.33]
  [          0           0]
  [      368.7      474.41]
  [          0           0]
  [     337.47      462.21]
  [     321.95      507.35]
  [     303.52      495.33]
  [          0           0]
  [     350.75      509.73]
  [          0           0]
  [     426.91      518.96]
  [     281.43      656.21]
  [     271.31      655.29]
  [      271.9      765.93]
  [     292.93      770.19]
  [     258.22      859.89]
  [     298.95      878.97]]

 [[          0           0]
  [          0           0]
  [          0           0]
  [     639.19      387.64]
  [          0           0]
  [     632.89      435.21]
  [     735.79      430.79]
  [     618.25      527.02]
  [     778.77       521.2]
  [     616.25      594.53]
  [     745.94      565.99]
  [     668.33      613.01]
  [     741.08      611.28]
  [     674.97      754.51]
  [     759.19      741.98]
  [     689.35      889.03]
  [     785.54      869.52]]]