[[[          0           0]
  [          0           0]
  [          0           0]
  [          0           0]
  [     180.73       319.6]
  [     36.548      419.45]
  [     183.22      427.04]
  [          0           0]
  [     213.42      565.87]
  [          0           0]
  [     257.45      663.28]
  [     56.894      704.33]
  [     155.74      711.65]
  [     66.304      910.69]
  [     161.11      908.88]
  [          0           0]
  [      153.7        1073]]

 [[     556.12      345.94]
  [     573.87      338.37]
  [     554.22      333.42]
  [     608.73      354.24]
  [          0           0]
  [      637.8      419.61]
  [     543.72      417.56]
  [     666.04      521.45]
  [      533.3      517.31]
  [     599.34      595.84]
  [     514.03      594.65]
  [     604.38      622.38]
  [     540.22      619.73]
  [     608.53      768.55]
  [     535.31      765.83]
  [     603.56      908.54]
  [     543.21      899.63]]

 [[     237.32      375.97]
  [      242.5      364.49]
  [     223.38      364.25]
  [          0           0]
  [     191.96      372.47]
  [     259.67      454.85]
  [     159.76      449.71]
  [     275.65      542.57]
  [          0           0]
  [     275.04      610.21]
  [          0           0]
  [      254.1      643.43]
  [      187.6      644.62]
  [     253.06      789.86]
  [     193.91      788.89]
  [     226.62       908.7]
  [      193.4      913.11]]]