[[[     956.06      443.54]
  [     961.49      437.18]
  [     949.33         436]
  [          0           0]
  [     932.48      438.61]
  [        979      483.07]
  [     904.89      480.23]
  [     995.88      534.96]
  [     882.96      531.53]
  [     987.78      580.29]
  [     920.26      560.52]
  [     964.74      594.42]
  [     916.89      593.89]
  [      963.2      679.38]
  [     915.76      680.84]
  [     955.37      760.63]
  [     914.62      759.83]]

 [[     1057.2      461.25]
  [     1064.5      455.03]
  [     1050.3      455.29]
  [     1075.4      461.46]
  [     1040.2      462.01]
  [     1094.2       499.6]
  [     1027.3      502.46]
  [     1114.6       537.8]
  [     1009.8      546.18]
  [     1081.8      548.27]
  [     1040.7      555.25]
  [     1085.3      606.46]
  [     1039.7      607.48]
  [     1095.5      685.31]
  [       1038      685.76]
  [     1104.6      762.73]
  [     1039.6      762.94]]

 [[     1094.4       453.2]
  [     1097.9      445.54]
  [          0           0]
  [     1112.9       449.7]
  [          0           0]
  [       1122      496.11]
  [     1131.1      492.71]
  [     1115.3      566.28]
  [          0           0]
  [     1098.2      626.21]
  [          0           0]
  [     1126.2       627.3]
  [     1133.1      625.17]
  [     1129.2      717.76]
  [     1130.8      717.11]
  [     1133.8      804.08]
  [       1131      800.21]]]