[[[     1038.9      329.16]
  [     1048.1      318.52]
  [       1025      315.25]
  [          0           0]
  [     990.43      322.46]
  [     1069.9      410.09]
  [     939.77      398.13]
  [       1095      508.65]
  [     896.19      496.18]
  [     1094.6      590.27]
  [     984.64       518.8]
  [     1049.7      617.84]
  [     961.92      615.68]
  [     1048.9       772.3]
  [      960.2      775.67]
  [     1047.8      917.32]
  [     951.32      926.31]]

 [[       1346       308.6]
  [       1349      288.53]
  [          0           0]
  [     1381.2      287.24]
  [          0           0]
  [     1433.6      392.77]
  [     1429.7      385.47]
  [       1418      552.83]
  [          0           0]
  [     1380.9      697.59]
  [          0           0]
  [       1424      711.37]
  [     1415.1      703.29]
  [     1446.5      932.17]
  [     1418.9      922.33]
  [     1483.1      1079.4]
  [          0           0]]

 [[     1273.5      347.98]
  [     1287.6      338.59]
  [     1260.8      337.85]
  [     1304.1      357.58]
  [     1238.7      355.77]
  [     1332.9      438.91]
  [     1207.5      439.91]
  [     1353.3      528.47]
  [     1185.8      529.67]
  [     1306.6      600.97]
  [     1227.7       599.6]
  [     1303.8       640.9]
  [     1221.2      639.24]
  [     1302.6      795.92]
  [     1218.2      790.63]
  [     1289.4      936.62]
  [     1219.8      930.36]]]