[[[          0           0]
  [          0           0]
  [          0           0]
  [          0           0]
  [     257.96      479.74]
  [     195.75      523.41]
  [     275.32      523.35]
  [          0           0]
  [     290.26      588.56]
  [          0           0]
  [          0           0]
  [      202.1      645.83]
  [      258.2      645.66]
  [     212.28      708.48]
  [     269.85      707.31]
  [     208.03      797.02]
  [     252.69      797.09]]

 [[     378.14      469.41]
  [      386.1      463.94]
  [     373.69      462.63]
  [     399.85      468.33]
  [          0           0]
  [     419.41      508.53]
  [     351.27      505.27]
  [     440.26      556.39]
  [     337.17      550.03]
  [     452.93      599.33]
  [     319.94      594.45]
  [     400.85      606.88]
  [     358.38      605.12]
  [     397.67       677.9]
  [     358.37      677.63]
  [     393.12      757.38]
  [     373.25      753.52]]

 [[     182.43      479.86]
  [     183.47      472.62]
  [     174.04      473.48]
  [          0           0]
  [     152.62      478.66]
  [     177.53      518.67]
  [     137.19      517.86]
  [          0           0]
  [     111.36      566.98]
  [          0           0]
  [     156.87      593.72]
  [      169.7      625.58]
  [     140.98      627.15]
  [     174.47      699.51]
  [     130.73      702.39]
  [     161.71      773.58]
  [     111.96       786.6]]]