[[[      784.5      470.32]
  [     789.44      464.78]
  [     778.54      463.41]
  [          0           0]
  [     762.47      465.11]
  [     802.33      505.79]
  [     737.33      501.65]
  [     820.18      553.09]
  [     717.45      547.36]
  [     813.16      591.26]
  [     752.21      573.86]
  [      790.6      605.65]
  [     748.49      604.64]
  [     788.22      680.85]
  [     746.93      681.28]
  [     782.65      752.36]
  [     744.86      752.14]]

 [[     888.06      479.52]
  [     891.09      472.44]
  [          0           0]
  [     903.81       476.8]
  [          0           0]
  [     915.19      518.54]
  [     925.29      516.36]
  [     903.26       577.3]
  [          0           0]
  [     885.93      625.41]
  [          0           0]
  [     911.69      630.06]
  [      918.9      627.88]
  [     914.24      707.25]
  [     913.59      708.09]
  [     925.86      784.06]
  [     919.68      778.94]]

 [[     872.03      483.59]
  [     877.27       477.4]
  [     865.51      478.75]
  [     885.77       481.6]
  [     857.35      484.94]
  [      900.1      519.42]
  [     849.74      521.43]
  [          0           0]
  [     835.95      560.82]
  [          0           0]
  [     838.11       596.5]
  [     890.06      614.17]
  [     856.45      615.14]
  [     897.79         683]
  [     857.36      683.26]
  [     900.63      749.84]
  [      860.6      747.55]]]