[[[     1251.3      177.42]
  [     1262.3      159.76]
  [     1225.3      157.96]
  [          0           0]
  [     1169.4      178.64]
  [       1303      316.39]
  [     1094.9      303.46]
  [     1342.2      466.69]
  [     1032.3      456.81]
  [     1344.8      591.41]
  [     1179.1      503.85]
  [     1273.3      637.01]
  [     1136.3      637.75]
  [     1270.8      880.58]
  [     1148.6      883.33]
  [          0           0]
  [          0           0]]

 [[     1662.1       194.4]
  [     1673.7      170.44]
  [     1627.9      181.12]
  [     1695.7      193.12]
  [     1582.5      221.74]
  [     1774.1      321.28]
  [     1532.2      354.01]
  [     1897.3      394.45]
  [     1480.7      504.03]
  [     1824.5      465.58]
  [       1481       648.6]
  [     1733.3      685.66]
  [     1577.2      689.63]
  [     1729.2      939.85]
  [     1546.4      929.06]
  [          0           0]
  [          0           0]]]