[[[     1044.1      319.15]
  [       1055      307.42]
  [     1029.9      303.65]
  [          0           0]
  [     993.15      308.53]
  [     1076.3      404.63]
  [      936.8      389.25]
  [     1100.7      509.27]
  [     890.02      493.08]
  [     1098.4      596.53]
  [     985.65      516.06]
  [     1051.9      626.39]
  [     958.97      622.88]
  [     1043.4      791.62]
  [     953.85      793.61]
  [       1036      946.54]
  [     939.98      955.65]]

 [[     1373.4      283.08]
  [     1377.1      259.43]
  [          0           0]
  [     1416.4       257.4]
  [          0           0]
  [     1475.7      381.95]
  [     1467.8      371.37]
  [     1441.4      570.66]
  [          0           0]
  [     1358.3      705.64]
  [          0           0]
  [     1464.1      733.26]
  [     1450.3      722.04]
  [     1479.5      979.62]
  [          0           0]
  [          0           0]
  [          0           0]]

 [[     1266.3      344.98]
  [       1278       332.3]
  [       1251      332.28]
  [     1292.5       345.7]
  [     1223.5      346.04]
  [     1330.3      431.65]
  [     1190.7      432.76]
  [     1351.3      530.91]
  [     1166.5      531.95]
  [     1293.9      610.05]
  [     1213.1      604.73]
  [     1303.3      651.29]
  [     1209.9      649.43]
  [     1303.6      813.11]
  [     1203.6      807.73]
  [     1298.1      963.54]
  [     1199.5      948.52]]]