[[[     396.51      497.99]
  [     402.49      492.19]
  [     391.83      491.74]
  [     416.36      487.45]
  [          0           0]
  [      435.6      510.62]
  [     376.55      510.04]
  [     458.65      554.63]
  [     353.57      545.87]
  [     436.58      590.56]
  [     374.78      531.03]
  [     423.06      603.06]
  [     384.36      602.29]
  [     427.91      671.56]
  [     383.85      670.84]
  [     433.41      738.24]
  [     382.73      737.88]]

 [[     837.88      455.65]
  [     844.18      448.44]
  [     829.89      449.14]
  [     852.89      454.26]
  [     817.01      455.54]
  [     870.37      499.88]
  [     797.43      501.73]
  [     881.11      547.84]
  [     777.61      555.07]
  [      877.9      587.23]
  [     796.44      599.62]
  [     863.73      617.78]
  [     815.97      620.27]
  [     878.36      702.29]
  [      818.8      706.93]
  [     859.29      773.09]
  [     827.03      793.09]]]