[[[      296.8      485.47]
  [     306.19      480.47]
  [     294.93      478.62]
  [     326.33      488.75]
  [          0           0]
  [     346.48      531.97]
  [     277.25      528.68]
  [     372.85       582.8]
  [     262.49      576.18]
  [     344.66      629.67]
  [     256.78      622.48]
  [     326.64      645.56]
  [     280.72      643.16]
  [      328.7      726.56]
  [     282.63      725.66]
  [     328.74      807.99]
  [     286.59      806.46]]

 [[     98.925       500.3]
  [          0           0]
  [     91.336      494.95]
  [          0           0]
  [     66.716      504.92]
  [     86.867      548.78]
  [     38.565      543.12]
  [          0           0]
  [     24.351       598.9]
  [          0           0]
  [     68.501      636.29]
  [     74.145       661.8]
  [      36.34       660.9]
  [          0           0]
  [     33.118      739.65]
  [          0           0]
  [     13.618      828.35]]

 [[          0           0]
  [          0           0]
  [          0           0]
  [          0           0]
  [     162.41      498.89]
  [     85.662      554.14]
  [     180.09      549.24]
  [     64.724      626.17]
  [     197.88       619.9]
  [     95.303      647.21]
  [     204.77      667.11]
  [     94.063      693.08]
  [      157.8      693.65]
  [     98.098      767.92]
  [     153.75      772.78]
  [     103.75      852.69]
  [      148.1       875.5]]]