[[[     1028.7      339.43]
  [     1038.7      328.38]
  [     1015.3      325.65]
  [          0           0]
  [     981.25      332.99]
  [     1059.3      417.32]
  [     934.99      408.12]
  [     1087.7      510.95]
  [     893.33      502.83]
  [     1085.7      590.93]
  [     979.16      521.92]
  [     1040.3      619.35]
  [     956.58      616.55]
  [     1035.8      768.01]
  [     952.95      770.74]
  [     1028.7       911.5]
  [     945.61       918.6]]

 [[     1186.6      362.82]
  [     1201.7      352.87]
  [     1182.7      352.84]
  [     1237.7       366.9]
  [          0           0]
  [     1279.8      444.32]
  [     1164.1      446.76]
  [     1299.7      537.78]
  [     1143.4      534.89]
  [       1241      608.16]
  [     1175.9      598.73]
  [     1257.5      641.61]
  [     1181.1      639.41]
  [       1265      789.56]
  [     1190.5      785.17]
  [     1269.6      921.91]
  [     1206.6      918.67]]

 [[     1310.7       324.8]
  [       1313      305.14]
  [          0           0]
  [     1342.1      302.93]
  [          0           0]
  [     1392.5      403.92]
  [     1392.7      396.93]
  [     1378.7      557.09]
  [          0           0]
  [     1336.9      678.41]
  [          0           0]
  [     1391.5      701.25]
  [     1385.6      693.02]
  [     1411.3      904.68]
  [     1388.2      893.75]
  [     1439.3      1068.3]
  [          0           0]]]