[[[          0           0]
  [          0           0]
  [          0           0]
  [          0           0]
  [     270.25      226.24]
  [     84.229      303.13]
  [     235.32      295.47]
  [     1.5599      473.96]
  [     223.82      450.76]
  [     13.791      624.14]
  [     295.98      614.92]
  [     92.298      635.02]
  [     194.85      637.14]
  [      163.1      887.08]
  [     272.37      862.51]
  [          0           0]
  [          0           0]]

 [[     594.82      435.43]
  [     603.85      426.84]
  [     586.13      427.78]
  [     618.49      434.27]
  [     574.22      436.82]
  [     644.11      486.48]
  [     556.47      490.82]
  [     668.93      540.34]
  [     535.44      550.13]
  [     664.65      569.51]
  [     543.89      591.22]
  [     637.52      621.81]
  [     580.22      625.48]
  [     649.76      717.98]
  [      586.9      722.98]
  [     649.34      806.27]
  [     596.86      812.75]]

 [[          0           0]
  [          0           0]
  [          0           0]
  [          0           0]
  [          0           0]
  [     330.82      487.48]
  [          0           0]
  [     357.73      563.78]
  [          0           0]
  [     372.25      636.29]
  [          0           0]
  [     320.56      650.75]
  [          0           0]
  [      329.7      772.17]
  [          0           0]
  [     339.48       886.7]
  [          0           0]]]