[[[      679.8      317.99]
  [     697.42      306.73]
  [     675.64      304.63]
  [     738.85      317.52]
  [          0           0]
  [     776.85      390.89]
  [     669.62      397.98]
  [     811.22      506.41]
  [      663.1      510.48]
  [     736.46      592.74]
  [     638.53         594]
  [     741.37      625.25]
  [     671.06      623.13]
  [     749.31      792.16]
  [      674.1       787.8]
  [     756.23      947.41]
  [     693.95      935.71]]

 [[     300.84      297.79]
  [          0           0]
  [     293.97      277.77]
  [          0           0]
  [     255.52      287.74]
  [     125.51      401.95]
  [     258.84      405.45]
  [          0           0]
  [     296.26      561.78]
  [          0           0]
  [     351.87      658.69]
  [     141.49      725.85]
  [     238.03      734.17]
  [     153.01      960.71]
  [     252.03      969.58]
  [          0           0]
  [          0           0]]

 [[     357.69      354.27]
  [     368.15      343.48]
  [     340.82      341.02]
  [          0           0]
  [      308.7      354.45]
  [     391.13      447.06]
  [     286.47      436.16]
  [     379.29      554.76]
  [          0           0]
  [          0           0]
  [          0           0]
  [     376.21      661.67]
  [     307.47      658.52]
  [     358.16      816.53]
  [      304.6       819.3]
  [     325.03      949.85]
  [     292.29      960.95]]]