[[[     1275.3      166.27]
  [     1299.9         144]
  [       1265      149.72]
  [     1365.8      159.12]
  [          0           0]
  [     1437.1      288.51]
  [     1238.2       301.3]
  [     1476.2      460.63]
  [     1188.2      464.27]
  [     1322.4      586.78]
  [     1214.5      563.27]
  [     1386.5      647.43]
  [     1254.6      647.62]
  [     1394.3      914.16]
  [     1272.2      914.74]
  [          0           0]
  [          0           0]]

 [[      932.2      301.03]
  [     949.33      284.39]
  [     929.89      286.53]
  [     1004.4      295.59]
  [          0           0]
  [     1076.5      393.97]
  [     930.55      414.18]
  [     1150.8      507.31]
  [     914.31      546.58]
  [     1118.6      628.29]
  [     888.24         656]
  [     1040.7      678.19]
  [     944.09      681.37]
  [     1057.4      871.04]
  [      952.6      870.75]
  [     1087.7        1049]
  [     982.43      1037.9]]

 [[     760.93      351.35]
  [     781.93      340.49]
  [      754.8      340.18]
  [     820.11      363.23]
  [          0           0]
  [      847.3      463.81]
  [        711      438.83]
  [     860.42      583.79]
  [     609.18      416.26]
  [     824.43      671.01]
  [     590.54      311.92]
  [     793.87      698.02]
  [     704.63      688.94]
  [     798.87      862.33]
  [     703.43      851.63]
  [     814.41      1002.7]
  [     710.94      995.75]]]