[[[     610.17       484.1]
  [     614.27       478.3]
  [     603.74      478.68]
  [          0           0]
  [     590.09      481.14]
  [     630.02      511.72]
  [     571.27      511.97]
  [     647.76      546.22]
  [     546.84      550.55]
  [     651.96      573.55]
  [     550.51      586.32]
  [     616.84      599.88]
  [     579.79       600.3]
  [     614.44      668.53]
  [     580.34      668.71]
  [     609.32      731.67]
  [     575.78      734.28]]

 [[     714.85      500.16]
  [     720.07       494.7]
  [     709.87      495.32]
  [      729.7      496.15]
  [     704.13      497.73]
  [     747.42      528.14]
  [     694.21      528.73]
  [     761.51      569.08]
  [     685.88      567.25]
  [     754.76      607.51]
  [     688.08      603.51]
  [     736.27      612.77]
  [     701.82      612.46]
  [     735.84      672.25]
  [     699.19      671.23]
  [     735.49      729.68]
  [     698.24      729.05]]

 [[          0           0]
  [          0           0]
  [          0           0]
  [     799.26      491.36]
  [          0           0]
  [     798.61      527.75]
  [     848.31      527.51]
  [     777.44      573.41]
  [     858.23      579.05]
  [      752.5      601.82]
  [     858.16      622.93]
  [     805.01      629.98]
  [     837.62      628.21]
  [     808.57      700.08]
  [     829.02      696.04]
  [     821.82      771.62]
  [      829.8       762.3]]]