[[[     1179.6      10.302]
  [     1214.3           0]
  [          0           0]
  [     1316.2      9.0109]
  [          0           0]
  [     1466.1      194.35]
  [     1144.2      247.69]
  [     1613.3         423]
  [     1100.3      503.53]
  [     1576.5      670.03]
  [     1066.1      704.34]
  [       1394      779.21]
  [     1177.1      783.41]
  [          0           0]
  [          0           0]
  [          0           0]
  [          0           0]]

 [[          0           0]
  [          0           0]
  [          0           0]
  [          0           0]
  [          0           0]
  [          0           0]
  [          0           0]
  [          0           0]
  [     1719.2      309.65]
  [          0           0]
  [     1910.7      506.48]
  [          0           0]
  [     1889.8      705.78]
  [          0           0]
  [          0           0]
  [          0           0]
  [          0           0]]

 [[     905.08      173.16]
  [     927.65      156.82]
  [     876.06      154.28]
  [     950.23      204.26]
  [     822.74      196.89]
  [     992.94      371.32]
  [     743.76      318.35]
  [     1004.7      568.31]
  [      588.5      333.11]
  [     932.01      719.93]
  [      566.1      147.86]
  [     901.39      758.83]
  [      734.4      739.47]
  [     902.36      1027.6]
  [     733.47      1033.4]
  [          0           0]
  [          0           0]]]