[[[      625.3         418]
  [     637.29      408.92]
  [     620.94      407.53]
  [     664.09      415.33]
  [          0           0]
  [      689.3      469.05]
  [     609.96      469.81]
  [     716.88      544.06]
  [     597.04      541.54]
  [     682.02      611.08]
  [      587.3      604.58]
  [     667.01      628.43]
  [     614.28      628.98]
  [     671.02      742.12]
  [     619.79      741.86]
  [     676.76      850.35]
  [        629      845.43]]

 [[          0           0]
  [          0           0]
  [          0           0]
  [          0           0]
  [     413.01       419.2]
  [     312.47      489.75]
  [     419.26       486.1]
  [     303.82      594.93]
  [     436.48      583.73]
  [          0           0]
  [     454.37      640.48]
  [     338.11      687.71]
  [     407.07      689.09]
  [     366.67      823.82]
  [     405.49      829.21]
  [     377.85      954.47]
  [     381.63      962.37]]]