[[     1342.9      221.69]
 [     1297.9      229.19]
 [     1363.6      229.19]
 [     1290.4      238.56]
 [     1374.8      238.56]
 [     876.06      242.31]
 [     967.94      242.31]
 [     1333.6      242.31]
 [     973.56      255.44]
 [     1382.3      255.44]
 [     1281.1      259.19]
 [     975.44      268.56]
 [     879.81      274.19]
 [     857.31      279.81]
 [     1267.9      287.31]
 [     859.19      289.19]
 [     907.94      289.19]
 [     1305.4      289.19]
 [     1350.4      289.19]
 [     941.69      292.94]
 [     1359.8      294.81]
 [     1269.8      296.69]
 [     900.44      298.56]
 [     1281.1      298.56]
 [     859.19      300.44]
 [     973.56      304.19]
 [     1271.7      306.06]
 [     1378.6      309.81]
 [     1294.2      317.31]
 [     827.31      319.19]
 [     881.69      319.19]
 [     943.56      319.19]
 [     862.94      321.06]
 [     919.19      321.06]
 [     969.81      321.06]
 [     990.44      321.06]
 [     1352.3      321.06]
 [     956.69      328.56]
 [     1322.3      328.56]
 [     801.06      334.19]
 [     909.81      336.06]
 [     791.69      339.81]
 [     994.19      339.81]
 [     964.19      341.69]
 [     827.31      343.56]
 [     921.06      345.44]
 [     780.44      347.31]
 [     771.06      349.19]
 [     954.81      349.19]
 [     1354.2      349.19]
 [     1279.2      351.06]
 [     866.69      354.81]
 [     1303.6      354.81]
 [     1327.9      354.81]
 [     853.56      358.56]
 [     906.06      360.44]
 [     1260.4      360.44]
 [     814.19      362.31]
 [     1228.6      362.31]
 [     1378.6      362.31]
 [     866.69      364.19]
 [     1275.4      364.19]
 [     1301.7      364.19]
 [     930.44      366.06]
 [     1284.8      367.94]
 [     1401.1      373.56]
 [     802.94      375.44]
 [     1292.3      377.31]
 [     892.94      379.19]
 [     1327.9      381.06]
 [     1187.3      382.94]
 [     1410.4      382.94]
 [     1303.6      384.81]
 [     838.56      386.69]
 [     857.31      386.69]
 [     909.81      386.69]
 [     847.94      388.56]
 [     966.06      390.44]
 [     1181.7      392.31]
 [     814.19      397.94]
 [     1044.8      405.44]
 [     1177.9      405.44]
 [     988.56      407.31]
 [     836.69      409.19]
 [     827.31      411.06]
 [     906.06      411.06]
 [     1309.2      412.94]
 [     1005.4      414.81]
 [     742.94      418.56]
 [     1282.9      418.56]
 [     926.69      422.31]
 [     1039.2      422.31]
 [     1230.4      427.94]
 [     1447.9      427.94]
 [     748.56      429.81]
 [     1020.4      433.56]
 [     1166.7      437.31]
 [     748.56      439.19]
 [     791.69      439.19]
 [     1191.1      441.06]
 [     999.81      442.94]
 [     1247.3      442.94]
 [     1327.9      442.94]
 [     988.56      444.81]
 [     1256.7      444.81]
 [     928.56      450.44]
 [     937.94      450.44]
 [     1436.7      450.44]
 [     754.19      465.44]
 [     1472.3      465.44]
 [     752.31      474.81]
 [     941.69      480.44]
 [     1408.6      484.19]
 [     757.94      486.06]
 [     1406.7      493.56]
 [     757.94      495.44]
 [     1483.6      495.44]
 [     1442.3      499.19]
 [     769.19      508.56]
 [     939.81      508.56]
 [     1363.6      510.44]
 [     1194.8      512.31]
 [     757.94      516.06]
 [     1423.6      523.56]
 [     761.69      527.31]
 [     1369.2      527.31]
 [     1147.9      529.19]
 [     787.94      531.06]
 [     1357.9      531.06]
 [     1477.9      531.06]
 [     1387.9      532.94]
 [     1414.2      536.69]
 [     1271.7      549.81]
 [     939.81      551.69]
 [     1408.6      551.69]
 [     1474.2      551.69]
 [     1297.9      557.31]
 [     939.81      561.06]
 [     1402.9      561.06]
 [     1198.6      568.56]
 [     761.69      572.31]
 [     1380.4      572.31]
 [     45.437      574.19]
 [     939.81      576.06]
 [     1256.7      579.81]
 [     28.562      585.44]
 [     172.94      585.44]
 [     763.56      585.44]
 [     69.812      587.31]
 [     202.94      587.31]
 [     1466.7      587.31]
 [     937.94      589.19]
 [     1267.9      589.19]
 [     49.187      591.06]
 [     1357.9      596.69]
 [     1406.7      596.69]
 [     937.94      598.56]
 [     32.312      604.19]
 [     1389.8      606.06]
 [     178.56      607.94]
 [     1200.4      609.81]
 [     1299.8      611.69]
 [     52.937      613.56]
 [     159.81      613.56]
 [     1132.9      613.56]
 [     1161.1      615.44]
 [     1395.4      615.44]
 [     204.81      617.31]
 [     1421.7      621.06]
 [     41.687      622.94]
 [     1455.4      622.94]
 [     180.44      624.81]
 [     1350.4      624.81]
 [     1196.7      626.69]
 [     1391.7      626.69]
 [     161.69      628.56]
 [     761.69      630.44]
 [     1401.1      630.44]
 [     939.81      634.19]
 [     1129.2      637.94]
 [     64.188      639.81]
 [     754.19      639.81]
 [     88.562      641.69]
 [     1393.6      641.69]
 [     936.06      643.56]
 [     34.188      649.19]
 [     1267.9      651.06]
 [     761.69      652.94]
 [     1363.6      654.81]
 [     786.06      656.69]
 [     73.562      658.56]
 [     932.31      658.56]
 [     37.937      666.06]
 [     1149.8      666.06]
 [     24.812      669.81]
 [     60.437      677.31]
 [     69.812      677.31]
 [     79.187      677.31]
 [     1406.7      677.31]
 [     30.437      684.81]
 [     1149.8      684.81]
 [     109.19      686.69]
 [     1181.7      686.69]
 [     1305.4      686.69]
 [     1406.7      686.69]
 [     1296.1      690.44]
 [     41.687      692.31]
 [     28.562      694.19]
 [     1191.1      694.19]
 [     1352.3      694.19]
 [     937.94      696.06]
 [     1408.6      696.06]
 [     51.062      697.94]
 [     1200.4      697.94]
 [     79.187      699.81]
 [     1339.2      699.81]
 [     120.44      701.69]
 [     1245.4      701.69]
 [     1226.7      703.56]
 [     1236.1      703.56]
 [     1147.9      705.44]
 [     1191.1      705.44]
 [     1282.9      707.31]
 [     1189.2      716.69]
 [     1189.2      726.06]
 [     911.69      727.94]
 [     1309.2      727.94]
 [     1406.7      729.81]
 [     37.937      731.69]
 [     1138.6      735.44]
 [     1189.2      735.44]
 [     1290.4      741.06]
 [     30.437      748.56]
 [     1288.6      750.44]
 [     1402.9      750.44]
 [     1401.1      759.81]
 [     1147.9      767.31]
 [     757.94      782.31]
 [     1176.1      782.31]
 [     1282.9      793.56]
 [     782.31      802.94]
 [     883.56      802.94]
 [     945.44      804.81]
 [     756.06      806.69]
 [     1282.9      806.69]
 [     1177.9      814.19]
 [     1281.1      816.06]
 [     756.06      821.69]
 [     832.94      821.69]
 [     943.56      821.69]
 [     1279.2      825.44]
 [     1170.4      827.31]
 [     802.94      831.06]
 [     943.56      831.06]
 [     778.56      832.94]
 [     1166.7      836.69]
 [     941.69      840.44]
 [     825.44      847.94]
 [     754.19      849.81]
 [     941.69      851.69]
 [     1166.7      855.44]
 [     823.56      857.31]
 [     1376.7      857.31]
 [     778.56      859.19]
 [     1191.1      870.44]
 [     1260.4      870.44]
 [     939.81      876.06]
 [     1282.9      876.06]
 [     825.44      877.94]
 [     1228.6      885.44]
 [     1172.3      891.06]
 [     1192.9      891.06]
 [     1254.8      892.94]
 [     1361.7      900.44]
 [     936.06      904.19]
 [     1209.8      904.19]
 [     1316.7      907.94]
 [     774.81      922.94]
 [     1243.6      922.94]
 [     750.44      924.81]
 [     819.81      924.81]
 [     1284.8      924.81]
 [     1194.8      926.69]
 [     1350.4      928.56]
 [     930.44      930.44]
 [     1286.7      934.19]
 [     844.19      937.94]
 [     1354.2      937.94]
 [     1155.4      939.81]
 [     924.81      941.69]
 [     1286.7      943.56]
 [     1316.7      945.44]
 [     750.44      947.31]
 [     1151.7      949.19]
 [     1213.6      954.81]
 [     1228.6      954.81]
 [     1335.4      958.56]
 [     752.31      960.44]
 [     786.06      964.19]
 [     1222.9      964.19]
 [     1146.1      966.06]
 [     1354.2      967.94]
 [     1284.8      969.81]
 [     1187.3      982.94]
 [     1176.1      984.81]
 [     1357.9      988.56]
 [     840.44      994.19]
 [     797.31      996.06]
 [     752.31      997.94]
 [     1136.7      997.94]
 [     1211.7      997.94]
 [     1359.8      997.94]
 [     913.56      999.81]
 [     772.94      1001.7]
 [     915.44      1009.2]
 [     772.94      1011.1]
 [     840.44      1011.1]
 [     1132.9      1016.7]
 [     1204.2      1016.7]
 [     840.44      1020.4]
 [     754.19      1024.2]
 [     795.44      1026.1]
 [     1281.1      1026.1]
 [     919.19      1031.7]
 [     904.19      1048.6]
 [     922.94      1057.9]
 [     1339.2      1057.9]
 [     757.94      1061.7]
 [     1127.3      1063.6]]