[[     864.81      409.19]
 [     907.94      411.06]
 [     881.69      418.56]
 [     906.06      424.19]
 [     861.06      429.81]
 [     876.06      435.44]
 [     906.06      433.56]
 [     870.44      454.19]
 [     855.44      459.81]
 [     898.56      465.44]
 [     907.94      459.81]
 [     825.44      469.19]
 [     862.94      471.06]
 [     844.19      478.56]
 [     930.44      482.31]
 [     883.56      491.69]
 [     934.19      501.06]
 [     922.94      501.06]
 [     840.44      506.69]
 [     906.06      512.31]
 [     814.19      514.19]
 [     941.69      516.06]
 [     834.81      519.81]
 [     921.06      523.56]
 [     941.69      525.44]
 [     921.06      532.94]
 [     817.94      538.56]
 [     831.06      540.44]
 [     924.81      551.69]
 [     825.44      553.56]
 [     864.81      564.81]
 [     829.19      570.44]
 [     896.69      570.44]
 [     922.94      572.31]
 [     943.56      572.31]
 [     885.44      568.56]
 [     887.31      577.94]
 [     924.81      591.06]
 [     887.31      594.81]
 [     829.19      604.19]
 [     915.44      613.56]
 [     936.06      611.69]
 [     883.56      615.44]
 [     928.56      624.81]
 [     829.19      637.94]
 [     851.69      664.19]
 [     829.19      675.44]
 [     924.81      694.19]
 [     832.94      697.94]
 [     881.69      696.06]
 [     907.94      696.06]
 [     872.31      718.56]
 [     922.94      712.94]
 [     887.31      716.69]
 [     840.44      726.06]
 [     872.31      748.56]
 [     889.19      744.81]
 [     832.94      748.56]
 [     922.94      746.69]
 [     872.31      757.94]
 [     868.56      778.56]
 [     836.69      784.19]
 [     919.19      784.19]
 [     868.56      787.94]
 [     866.69      804.81]
 [     904.19      817.94]
 [     862.94      821.69]]