[[     889.19      396.06]
 [     904.19      407.31]
 [     930.44      399.81]
 [     881.69      409.19]
 [     930.44      414.81]
 [     879.81      418.56]
 [     900.44      424.19]
 [     932.31      424.19]
 [     892.94      446.69]
 [     883.56      452.31]
 [     862.94      450.44]
 [     932.31      452.31]
 [     847.94      461.69]
 [     894.81      467.31]
 [     939.81      467.31]
 [     954.81      472.94]
 [     868.56      469.19]
 [     906.06      484.19]
 [     831.06      486.06]
 [     862.94      495.44]
 [     831.06      504.81]
 [     966.06      508.56]
 [     855.44      512.31]
 [     943.56      516.06]
 [     829.19      532.94]
 [     838.56      529.19]
 [     945.44      525.44]
 [     853.56      532.94]
 [     827.31      542.31]
 [     967.94      532.94]
 [     947.31      536.69]
 [     967.94      542.31]
 [     889.19      557.31]
 [     851.69      562.94]
 [     909.81      564.81]
 [     919.19      562.94]
 [     947.31      564.81]
 [     967.94      564.81]
 [     881.69      570.44]
 [     911.69      574.19]
 [     949.19      583.56]
 [     909.81      587.31]
 [     853.56      596.69]
 [     906.06      609.81]
 [     937.94      607.94]
 [     952.94      613.56]
 [     952.94      632.31]
 [     853.56      632.31]
 [     872.31      666.06]
 [     853.56      667.94]
 [     952.94      684.81]
 [     857.31      688.56]
 [     906.06      694.19]
 [     930.44      694.19]
 [     949.19      711.06]
 [     911.69      711.06]
 [     859.19      720.44]
 [     857.31      741.06]
 [     896.69      741.06]
 [     911.69      744.81]
 [     947.31      741.06]
 [     859.19      765.44]
 [     894.81      763.56]
 [     861.06      780.44]
 [     892.94      772.94]
 [     943.56      778.56]
 [     861.06      789.81]]