[[[ 553.9742   265.44885]
  [ 621.40216  359.6072 ]
  [ 553.7628   362.59454]
  [ 550.9843   492.0371 ]
  [ 527.21045  600.9655 ]
  [ 686.2278   350.71506]
  [ 742.11334  483.14923]
  [ 671.62573  606.8096 ]
  [ 600.81836  633.2594 ]
  [ 553.8188   630.3612 ]
  [ 589.12885  833.5523 ]
  [ 603.8491  1010.042  ]
  [ 645.1176   630.4044 ]
  [ 668.58966  833.49457]
  [ 674.6094  1021.898  ]
  [ 553.73334  247.79846]
  [ 577.4485   247.73842]
  [   0.         0.     ]
  [ 630.3806   268.25494]
  [ 639.1099  1048.448  ]
  [ 656.8331  1051.3262 ]
  [ 692.2395  1042.3579 ]
  [ 556.8484  1051.3278 ]
  [ 550.9736  1045.4219 ]
  [ 621.63763 1024.8857 ]]]