[[[880.49274 500.7359 ]
  [883.50757 527.3921 ]
  [856.9849  527.3648 ]
  [836.5114  556.7438 ]
  [859.9349  583.2265 ]
  [904.1519  527.4473 ]
  [901.03284 577.43365]
  [883.5106  618.5295 ]
  [880.53595 603.9912 ]
  [859.8457  601.03235]
  [856.9425  668.60864]
  [856.93317 721.57025]
  [904.03    621.5302 ]
  [906.9874  689.23315]
  [915.8579  745.22064]
  [871.73926 492.01904]
  [883.53723 489.05927]
  [860.0744  500.84705]
  [903.9536  494.9965 ]
  [889.3311  753.9507 ]
  [903.97327 759.8629 ]
  [927.48773 762.62256]
  [845.2135  739.2218 ]
  [839.3829  733.3708 ]
  [859.84894 730.44006]]

 [[792.19653 480.32178]
  [786.31854 509.79547]
  [756.88074 506.86618]
  [736.3148  550.88074]
  [762.8917  556.88226]
  [812.9186  512.6845 ]
  [833.36755 553.9075 ]
  [803.9814  562.6908 ]
  [783.3516  598.0996 ]
  [762.74194 598.0523 ]
  [762.7103  668.5905 ]
  [762.6546  733.3723 ]
  [798.13586 600.82007]
  [789.4586  668.5811 ]
  [786.3606  727.50543]
  [789.18097 477.3241 ]
  [798.1578  480.09952]
  [777.522   480.35074]
  [806.8563  483.13528]
  [786.3522  742.1571 ]
  [792.2388  739.37036]
  [783.40533 736.3518 ]
  [762.82477 745.0985 ]
  [748.1429  742.2965 ]
  [762.7581  739.2509 ]]]