[[[ 644.9629   200.65999]
  [ 718.605    315.27438]
  [ 647.90314  321.33997]
  [ 644.994    480.17572]
  [ 603.9607   621.52997]
  [ 789.33307  294.93353]
  [ 862.8399   465.48566]
  [ 783.4531   621.5382 ]
  [ 695.2293   645.1038 ]
  [ 645.1303   645.00134]
  [ 683.2775   883.55493]
  [ 715.6898  1074.8704 ]
  [ 753.97876  647.96106]
  [ 768.7525   895.28436]
  [ 789.3929  1074.8861 ]
  [ 636.2202   185.89688]
  [ 668.62067  182.92899]
  [   0.         0.     ]
  [ 736.19006  200.60712]
  [   0.         0.     ]
  [   0.         0.     ]
  [   0.         0.     ]
  [ 692.08887 1074.8884 ]
  [ 695.0928  1074.9279 ]
  [ 724.5053  1074.9122 ]]]