[[[683.38983 506.7937 ]
  [695.1333  533.2235 ]
  [668.7202  530.4608 ]
  [659.7802  577.2802 ]
  [653.86993 618.5201 ]
  [721.64655 533.2597 ]
  [739.26306 574.5152 ]
  [736.3357  609.808  ]
  [694.9983  621.42065]
  [674.5677  621.4089 ]
  [671.73065 677.4592 ]
  [674.4525  739.38055]
  [712.7781  621.4465 ]
  [712.80725 677.4239 ]
  [715.703   739.3414 ]
  [677.43176 503.809  ]
  [692.0466  503.83914]
  [  0.        0.     ]
  [703.93585 503.89062]
  [715.5657  756.8917 ]
  [718.7445  753.91345]
  [715.5779  742.3757 ]
  [665.6268  756.9119 ]
  [656.88354 748.0475 ]
  [683.3751  745.12555]]

 [[577.3688  521.4173 ]
  [574.3238  521.4295 ]
  [539.15765 512.66656]
  [506.86707 550.7462 ]
  [527.1976  586.2478 ]
  [600.9111  527.1877 ]
  [621.47833 562.6249 ]
  [603.9507  598.0543 ]
  [559.67926 609.7636 ]
  [544.9173  606.77057]
  [530.2159  674.51495]
  [527.23737 742.2134 ]
  [577.4929  615.5669 ]
  [580.40784 680.38135]
  [580.4316  742.2661 ]
  [574.4824  509.668  ]
  [586.1564  509.73856]
  [559.7589  500.897  ]
  [597.82043 506.62518]
  [586.24396 759.8771 ]
  [597.9718  756.94635]
  [577.45325 753.9234 ]
  [527.2701  762.7863 ]
  [512.59717 759.909  ]
  [527.4497  748.0371 ]]

 [[  0.        0.     ]
  [927.46405 506.80444]
  [962.9168  506.71594]
  [977.7159  583.222  ]
  [960.0606  624.5948 ]
  [883.3819  506.74188]
  [874.569   577.4669 ]
  [857.12225 644.9668 ]
  [924.648   648.1521 ]
  [951.08936 650.9191 ]
  [951.01013 739.3518 ]
  [954.16046 806.9303 ]
  [892.3359  648.1117 ]
  [892.34644 759.7569 ]
  [904.0688  853.91956]
  [  0.        0.     ]
  [  0.        0.     ]
  [927.6968  456.778  ]
  [883.6049  462.56863]
  [892.2821  845.17896]
  [883.4932  854.0206 ]
  [906.95355 859.93695]
  [960.0326  860.04126]
  [974.66144 857.06854]
  [954.14105 809.818  ]]]