[[[809.92474 480.36853]
  [803.9644  512.5884 ]
  [768.69403 506.90063]
  [745.2563  550.98706]
  [783.4539  565.56287]
  [833.4145  515.5432 ]
  [842.3127  553.881  ]
  [833.4066  597.8316 ]
  [795.14557 600.9363 ]
  [780.42865 600.90326]
  [783.3872  668.7342 ]
  [777.50354 736.32996]
  [812.91644 600.96686]
  [812.974   671.4773 ]
  [812.7357  736.2831 ]
  [806.9141  477.33096]
  [812.8706  480.11066]
  [789.4022  480.3034 ]
  [815.89307 483.12024]
  [812.94775 742.35175]
  [827.57135 742.18365]
  [809.79517 739.3434 ]
  [786.173   748.084  ]
  [768.6976  745.2057 ]
  [780.465   739.3339 ]]

 [[898.23944 500.78976]
  [924.6738  530.1749 ]
  [880.4002  527.42   ]
  [862.8691  571.40643]
  [880.65686 600.8408 ]
  [927.68384 527.4757 ]
  [907.0275  574.4483 ]
  [904.1218  536.20306]
  [924.6938  621.60547]
  [883.42163 609.76135]
  [877.63794 671.5156 ]
  [877.5255  733.3771 ]
  [924.62427 621.5473 ]
  [927.7086  692.1281 ]
  [933.5027  756.8977 ]
  [886.49817 492.05453]
  [904.06946 489.11697]
  [883.4605  500.8349 ]
  [918.81323 497.91507]
  [907.1029  759.9063 ]
  [915.87476 762.8199 ]
  [945.19775 762.8958 ]
  [862.9921  742.3203 ]
  [860.0103  739.36646]
  [880.4259  739.25464]]]