[[[ 674.564    353.65765]
  [ 715.80316  427.26056]
  [ 665.70123  430.20337]
  [ 650.9921   530.3076 ]
  [ 627.3703   621.5162 ]
  [ 765.868    418.48   ]
  [ 806.83624  530.2357 ]
  [ 724.5465   621.4817 ]
  [ 695.15045  647.9383 ]
  [ 653.9808   645.0926 ]
  [ 671.5961   809.94617]
  [ 689.14777  957.1361 ]
  [ 739.1643   647.99677]
  [ 742.1889   809.97156]
  [ 742.2145   971.6924 ]
  [ 671.56976  339.06186]
  [ 694.985    341.862  ]
  [   0.         0.     ]
  [ 736.2316   356.63116]
  [ 695.18756 1004.1994 ]
  [ 718.67053 1007.06104]
  [ 756.89636  986.51733]
  [ 645.0204  1001.08704]
  [ 642.04474  989.47003]
  [ 695.1631   977.6416 ]]]