[[[683.37787 506.63733]
  [689.2058  533.26434]
  [662.7422  533.3563 ]
  [644.9474  574.38135]
  [651.04596 603.9132 ]
  [715.5816  530.4196 ]
  [736.3421  562.6888 ]
  [718.777   595.0315 ]
  [692.0928  621.4303 ]
  [671.58624 621.48676]
  [674.57666 680.3451 ]
  [683.35675 739.2236 ]
  [706.8886  621.39496]
  [712.78406 674.5916 ]
  [715.6947  739.2877 ]
  [674.4671  503.73883]
  [689.2681  503.6694 ]
  [668.6433  506.72116]
  [695.1223  503.89468]
  [715.7621  753.96625]
  [721.6213  748.1181 ]
  [712.80255 742.2474 ]
  [683.3729  748.07635]
  [671.62836 745.09106]
  [689.23364 742.14624]]

 [[371.35776 483.31802]
  [371.3491  512.6361 ]
  [339.05447 509.7148 ]
  [315.5389  553.8529 ]
  [342.04236 545.0435 ]
  [409.57153 515.5669 ]
  [433.0528  556.8741 ]
  [412.44244 592.05316]
  [368.47382 609.7446 ]
  [347.8301  609.7844 ]
  [350.7811  683.36505]
  [356.60263 751.0233 ]
  [391.90988 606.85956]
  [403.66843 677.5102 ]
  [406.70975 745.0838 ]
  [365.5319  480.3095 ]
  [383.09674 480.35388]
  [362.37607 480.3553 ]
  [389.03714 483.24216]
  [391.97046 762.81226]
  [409.47858 762.7742 ]
  [406.71506 756.83875]
  [356.58344 765.70026]
  [341.9573  762.9355 ]
  [362.4704  759.8364 ]]]