[[[907.11475 497.89017]
  [915.9106  527.46747]
  [892.2673  527.269  ]
  [883.38464 565.6375 ]
  [892.34155 600.9935 ]
  [939.37823 530.3349 ]
  [930.67944 583.2268 ]
  [924.5858  618.52155]
  [909.9152  615.6625 ]
  [889.44543 609.7541 ]
  [883.627   674.4448 ]
  [883.547   739.1042 ]
  [930.5701  624.4573 ]
  [939.35614 695.0808 ]
  [951.25574 762.7442 ]
  [904.2263  489.05945]
  [912.9409  489.05817]
  [901.13495 497.8865 ]
  [930.54987 494.98697]
  [927.4999  765.8806 ]
  [930.6945  771.6817 ]
  [957.15204 768.62665]
  [880.4748  748.1747 ]
  [874.59393 742.30023]
  [886.5144  742.10425]]

 [[833.24756 483.0609 ]
  [812.7359  512.6298 ]
  [786.1726  509.63553]
  [762.7826  553.85504]
  [798.1276  568.54443]
  [839.4404  512.67285]
  [856.83636 559.76904]
  [848.1644  600.7884 ]
  [810.00757 603.83984]
  [789.31335 603.8263 ]
  [792.1953  671.71466]
  [789.3434  742.14795]
  [833.3245  603.9049 ]
  [830.497   671.7031 ]
  [830.48486 742.1027 ]
  [821.6838  477.34262]
  [833.44507 477.36392]
  [809.7423  480.21503]
  [  0.        0.     ]
  [833.4572  756.84076]
  [839.3615  748.0775 ]
  [821.71027 748.0735 ]
  [804.0548  759.85785]
  [789.30524 759.87744]
  [792.1853  745.23444]]]