[[[ 238.87384   300.78348 ]
  [ 227.16301   412.61005 ]
  [ 129.90031   409.51056 ]
  [  50.542507  530.3294  ]
  [ 106.540344  742.1352  ]
  [ 327.251     427.3214  ]
  [ 318.51505   553.8062  ]
  [   0.          0.      ]
  [ 244.69484   706.84155 ]
  [ 177.17676   703.94806 ]
  [ 132.92589   921.7563  ]
  [ 100.59908  1074.8867  ]
  [ 306.5584    709.79694 ]
  [ 271.4178    909.96594 ]
  [ 241.76836  1074.8727  ]
  [ 215.30151   291.7803  ]
  [ 253.62292   288.9649  ]
  [ 177.13866   315.3458  ]
  [ 285.962     315.35614 ]
  [ 203.55988  1074.8894  ]
  [ 215.35732  1074.9269  ]
  [ 235.98796  1074.906   ]
  [   0.          0.      ]
  [   0.          0.      ]
  [   0.          0.      ]]

 [[ 668.47437   224.28477 ]
  [ 733.38055   339.08734 ]
  [ 665.6356    344.9303  ]
  [ 656.89417   492.00204 ]
  [ 624.6026    621.48456 ]
  [ 801.06104   333.0937  ]
  [ 865.79974   480.34372 ]
  [ 789.20435   624.61005 ]
  [ 712.6769    650.93097 ]
  [ 656.82806   648.0774  ]
  [ 692.2077    880.4092  ]
  [ 718.54913  1074.856   ]
  [ 762.72906   650.9492  ]
  [ 780.4689    883.42645 ]
  [ 789.2889   1074.872   ]
  [ 665.63586   215.29277 ]
  [ 692.21594   215.34572 ]
  [   0.          0.      ]
  [ 742.3625    244.6149  ]
  [   0.          0.      ]
  [   0.          0.      ]
  [ 792.34235  1074.9033  ]
  [ 695.0298   1074.8933  ]
  [   0.          0.      ]
  [ 727.4522   1074.9033  ]]]