[[[809.79724 483.31793]
  [792.2874  515.6262 ]
  [765.6401  509.75348]
  [742.3161  553.89294]
  [783.3534  571.3711 ]
  [830.42316 521.4478 ]
  [836.4487  562.6337 ]
  [833.3184  598.0424 ]
  [789.3695  603.902  ]
  [768.8011  603.8847 ]
  [777.5285  671.61945]
  [780.38965 739.1424 ]
  [810.005   603.9148 ]
  [810.0056  671.63934]
  [810.00604 739.1461 ]
  [803.95966 480.30048]
  [812.7371  483.05734]
  [786.4722  483.08664]
  [815.8062  483.33005]
  [812.74963 745.2036 ]
  [821.6876  742.31805]
  [809.8163  742.19586]
  [783.368   751.0181 ]
  [768.671   748.069  ]
  [783.40936 742.1306 ]]

 [[901.085   503.77692]
  [915.845   530.33856]
  [880.37317 530.29065]
  [862.863   574.34827]
  [883.4312  601.02496]
  [927.5561  530.3619 ]
  [907.00214 577.34314]
  [904.09625 536.25323]
  [924.6149  624.49677]
  [883.3769  615.62396]
  [880.3844  671.5617 ]
  [874.62036 733.3771 ]
  [  0.        0.     ]
  [  0.        0.     ]
  [  0.        0.     ]
  [889.3534  500.82092]
  [904.1293  497.88098]
  [883.4546  503.81223]
  [918.8398  503.61346]
  [  0.        0.     ]
  [  0.        0.     ]
  [  0.        0.     ]
  [862.9621  742.3886 ]
  [859.9985  742.07446]
  [874.6966  739.2598 ]]]