[[[1236.7195   315.55746]
  [1230.757    415.46475]
  [1148.3839   415.46582]
  [1116.1263   527.45123]
  [1098.4082   644.9226 ]
  [1304.4451   412.58893]
  [1360.2467   530.24695]
  [   0.         0.     ]
  [1230.7207   653.95496]
  [1180.6912   653.92303]
  [1169.0034   833.40295]
  [1171.95     980.65204]
  [1280.8181   656.8572 ]
  [1280.7924   830.54736]
  [1280.7593   995.3035 ]
  [1219.0784   300.74695]
  [1254.3652   306.61633]
  [1186.7625   318.51376]
  [1263.1857   321.38458]
  [1280.7361  1045.4802 ]
  [1301.4246  1042.4032 ]
  [1268.9928  1004.1267 ]
  [1124.8881  1024.8646 ]
  [1119.0051  1018.7808 ]
  [1189.5604   998.30975]]

 [[ 995.32996  291.92133]
  [ 951.1853   374.27124]
  [ 874.6197   365.5103 ]
  [ 815.7746   483.23584]
  [ 927.722    509.78104]
  [1024.8232   385.912  ]
  [1057.1201   503.77158]
  [1057.1289   597.90076]
  [ 954.00916  624.4233 ]
  [ 901.1689   621.59674]
  [ 895.2867   812.77686]
  [ 886.4866   992.34125]
  [1001.36224  624.4693 ]
  [1001.2749   812.7237 ]
  [ 998.33093  977.71875]
  [ 974.814    271.44016]
  [1001.3169   277.1774 ]
  [ 930.673    288.92996]
  [   0.         0.     ]
  [ 998.27313 1021.76385]
  [1021.7185  1018.9149 ]
  [ 980.6684   998.1301 ]
  [ 901.08026 1042.3278 ]
  [ 877.62555 1033.6093 ]
  [ 889.429   1001.2348 ]]]