[[[ 259.55167   436.00714 ]
  [ 224.06476   483.11084 ]
  [ 171.10492   480.23697 ]
  [ 127.143585  595.0356  ]
  [ 150.67816   668.5524  ]
  [ 274.3325    483.27988 ]
  [ 294.72723   577.3697  ]
  [ 315.35995   651.0261  ]
  [ 227.14828   689.1862  ]
  [ 197.57991   692.0685  ]
  [ 203.66495   827.4963  ]
  [ 194.69461   974.7313  ]
  [ 268.1979    686.2553  ]
  [ 247.88881   815.8469  ]
  [ 241.7718    945.2457  ]
  [ 244.81212   415.52747 ]
  [ 271.38235   418.47827 ]
  [ 209.49875   409.7082  ]
  [ 291.7736    421.387   ]
  [ 294.8454    954.08374 ]
  [ 291.8318    951.0045  ]
  [ 227.20006   954.2085  ]
  [ 233.02501  1001.22076 ]
  [ 212.39053  1004.22076 ]
  [ 177.11923   992.3828  ]]

 [[ 574.5824    400.77228 ]
  [ 639.2213    439.1445  ]
  [ 700.9984    436.14938 ]
  [ 742.3231    547.8255  ]
  [ 748.0488    603.98645 ]
  [ 574.3376    444.95816 ]
  [ 539.10046   547.8902  ]
  [ 556.79785   603.9656  ]
  [ 647.96625   650.9291  ]
  [ 692.11523   648.1009  ]
  [ 692.0587    803.99316 ]
  [ 689.2248    959.9645  ]
  [ 603.8433    651.0032  ]
  [ 606.80975   786.3055  ]
  [ 612.7377    915.82336 ]
  [   0.          0.      ]
  [ 574.5526    389.10742 ]
  [ 644.957     377.28543 ]
  [ 592.1376    388.9023  ]
  [ 618.5521    962.92114 ]
  [ 600.88367   954.1007  ]
  [ 618.5641    933.58496 ]
  [ 703.9571    954.1594  ]
  [ 712.75305   962.961   ]
  [ 680.4051    977.7964  ]]]