[[[801.0323  459.72366]
  [789.15027 497.83643]
  [756.87384 489.0715 ]
  [736.35016 536.1385 ]
  [765.7754  562.66516]
  [818.729   500.78748]
  [833.5393  545.0326 ]
  [812.9907  574.4848 ]
  [786.42    589.16833]
  [765.6284  589.1221 ]
  [762.9389  665.7137 ]
  [762.9145  736.3428 ]
  [809.80914 592.0537 ]
  [806.9809  665.5824 ]
  [806.8245  733.344  ]
  [792.2108  456.6896 ]
  [809.7065  456.7724 ]
  [783.31335 459.49988]
  [889.46265 480.16003]
  [809.82477 745.1259 ]
  [815.7928  742.1554 ]
  [795.2146  739.34265]
  [774.55176 748.1335 ]
  [762.7803  748.1514 ]
  [765.69464 739.38983]]

 [[  0.        0.     ]
  [924.59344 509.70303]
  [898.1737  512.67993]
  [892.253   568.49866]
  [  0.        0.     ]
  [948.1753  506.8522 ]
  [954.2515  556.8258 ]
  [942.3142  600.8264 ]
  [901.1535  603.8779 ]
  [877.6173  600.99084]
  [912.85614 689.16064]
  [927.53467 745.24457]
  [924.631   603.91876]
  [930.64514 689.2369 ]
  [939.43146 759.83875]
  [  0.        0.     ]
  [883.6185  477.336  ]
  [  0.        0.     ]
  [927.6302  477.26935]
  [907.0858  762.9023 ]
  [924.63586 765.8318 ]
  [948.2377  765.68616]
  [903.9618  762.67395]
  [903.9596  756.8996 ]
  [930.5552  756.94257]]]