[[[ 901.0199   450.7943 ]
  [ 877.61414  486.20547]
  [ 833.32434  483.27264]
  [ 803.9878   553.758  ]
  [ 857.0028   594.92303]
  [ 924.60236  489.08112]
  [ 936.4485   553.906  ]
  [ 930.733    615.6454 ]
  [ 877.6097   627.45416]
  [ 845.19763  627.5155 ]
  [ 851.13403  739.18677]
  [ 848.1457   836.5334 ]
  [ 904.1332   627.4221 ]
  [ 904.1547   739.2008 ]
  [ 903.9996   836.2692 ]
  [ 883.6068   436.17862]
  [ 904.13477  436.2137 ]
  [ 860.1005   439.01205]
  [   0.         0.     ]
  [ 901.1477   859.9034 ]
  [ 910.0599   857.0672 ]
  [ 895.2718   842.3211 ]
  [ 856.93054  860.0324 ]
  [ 836.43445  859.96136]
  [ 851.1213   851.1371 ]]

 [[1018.8762   462.62543]
  [1021.6912   512.64484]
  [ 977.6167   518.526  ]
  [ 960.00256  577.4526 ]
  [1007.1226   571.49677]
  [1089.486    506.8336 ]
  [1092.3333   597.8595 ]
  [1071.8389   668.7308 ]
  [1021.8579   645.1503 ]
  [ 998.21643  647.92163]
  [1001.3632   745.08527]
  [1021.8897   833.5262 ]
  [1048.2343   645.1497 ]
  [1065.9956   742.18555]
  [1077.7542   833.54956]
  [1001.2538   459.63776]
  [1021.8521   456.81107]
  [ 992.37616  471.4264 ]
  [1027.6736   459.7689 ]
  [   0.         0.     ]
  [   0.         0.     ]
  [1074.8683   839.3174 ]
  [1001.1528   859.99426]
  [ 998.22784  856.9158 ]
  [1030.633    839.3265 ]]

 [[1063.0085   447.9196 ]
  [1113.0049   503.81363]
  [1119.0156   500.818  ]
  [1098.342    574.4088 ]
  [   0.         0.     ]
  [   0.         0.     ]
  [   0.         0.     ]
  [   0.         0.     ]
  [1115.9313   671.68414]
  [1119.0432   671.6891 ]
  [1113.098    798.13306]
  [1119.0785   892.31067]
  [1107.1869   671.68756]
  [1118.8245   792.3109 ]
  [1127.8309   906.902  ]
  [   0.         0.     ]
  [1068.8417   436.25095]
  [   0.         0.     ]
  [1092.3236   447.83606]
  [1080.6672   904.11035]
  [1095.3044   921.7085 ]
  [1139.53     918.83136]
  [1089.4784   895.2593 ]
  [1092.4565   892.32996]
  [1136.5079   904.07495]]]