[[[1012.94617  453.73114]
  [1021.8125   503.8429 ]
  [ 980.61334  503.86032]
  [ 954.0464   574.36676]
  [ 983.612    562.60767]
  [1060.0437   506.61746]
  [1077.7465   568.55536]
  [1045.309    571.4137 ]
  [1021.7048   644.9697 ]
  [ 995.2933   644.9233 ]
  [ 998.3836   745.1307 ]
  [1018.91064  848.1051 ]
  [1045.4198   645.02277]
  [1063.023    742.15344]
  [1074.8477   842.29144]
  [1001.2661   441.9947 ]
  [1021.85785  436.26035]
  [ 992.4201   456.54883]
  [   0.         0.     ]
  [1080.6437   886.42847]
  [1089.5457   877.6036 ]
  [1071.791    856.90405]
  [ 995.33594  871.7515 ]
  [ 989.4439   860.1055 ]
  [1024.7911   856.9848 ]]

 [[ 892.26636  430.19843]
  [ 868.798    477.2452 ]
  [ 821.6532   471.39697]
  [ 789.45593  542.02246]
  [ 851.1264   577.4504 ]
  [ 918.7411   477.36557]
  [ 933.58075  547.86926]
  [ 930.65155  603.92706]
  [ 865.78754  621.5551 ]
  [ 833.5763   621.542  ]
  [ 833.49054  739.1123 ]
  [ 830.5232   842.2819 ]
  [ 901.1464   621.5767 ]
  [ 898.24567  736.25385]
  [ 883.638    836.5075 ]
  [ 883.34265  415.45853]
  [ 903.9216   415.51486]
  [ 857.0806   418.4722 ]
  [   0.         0.     ]
  [ 886.43823  868.78   ]
  [ 904.1639   862.9234 ]
  [ 880.4884   853.9776 ]
  [ 836.35645  874.6348 ]
  [ 815.8871   871.66095]
  [ 833.37146  856.8941 ]]

 [[   0.         0.     ]
  [1121.888    480.31143]
  [1136.5245   480.20203]
  [1113.0388   574.5422 ]
  [1068.8381   577.3155 ]
  [1118.9305   480.3079 ]
  [1024.8018   450.83936]
  [1095.3727   436.1281 ]
  [1113.0524   668.6111 ]
  [1098.4182   668.5269 ]
  [1112.956    806.9527 ]
  [1121.8549   907.11743]
  [1118.8376   671.4631 ]
  [1121.9838   809.8599 ]
  [1136.6556   927.5501 ]
  [   0.         0.     ]
  [   0.         0.     ]
  [   0.         0.     ]
  [1092.5133   427.23477]
  [1083.626    930.6373 ]
  [1095.3715   948.164  ]
  [1142.6228   939.36774]
  [1086.4867   912.8927 ]
  [1089.5461   907.0402 ]
  [1133.6224   921.6864 ]]]