[[[ 695.11285  321.27457]
  [ 718.7998   436.00705]
  [ 639.2282   421.3777 ]
  [ 512.57275  409.7231 ]
  [ 509.80405  297.79153]
  [ 809.78345  444.92743]
  [ 824.56384  592.1148 ]
  [ 777.4784   686.31757]
  [ 689.16644  715.6767 ]
  [ 630.3833   712.7026 ]
  [ 639.2126   903.9902 ]
  [ 645.04675 1063.0481 ]
  [ 739.3349   718.6127 ]
  [ 745.1436   907.0408 ]
  [ 759.7887  1074.86   ]
  [ 689.1667   315.26498]
  [ 718.7048   312.51184]
  [   0.         0.     ]
  [ 765.69354  338.84167]
  [ 745.1176  1074.9141 ]
  [   0.         0.     ]
  [ 759.8172  1074.8846 ]
  [ 630.34357 1074.8635 ]
  [ 618.6135  1074.8357 ]
  [ 650.91345 1074.8456 ]]

 [[ 904.15356  247.79324]
  [ 980.7143   377.22925]
  [ 898.11365  389.10345]
  [ 880.59485  544.9907 ]
  [ 851.0525   686.272  ]
  [1074.8503   362.40442]
  [1162.9756   497.9299 ]
  [1130.652    645.0763 ]
  [ 974.795    698.0422 ]
  [ 907.18115  698.0367 ]
  [ 927.61835  927.5873 ]
  [ 954.1113  1074.8971 ]
  [1042.3987   698.06256]
  [1048.2222   933.535  ]
  [1074.8395  1074.8859 ]
  [ 904.0606   238.88712]
  [ 927.7408   230.09192]
  [   0.         0.     ]
  [ 989.4458   250.63121]
  [   0.         0.     ]
  [   0.         0.     ]
  [   0.         0.     ]
  [   0.         0.     ]
  [   0.         0.     ]
  [   0.         0.     ]]]