[[[1024.7521   271.39957]
  [ 977.67975  362.60736]
  [ 901.0569   356.57373]
  [ 836.446    483.21014]
  [ 962.9056   512.6615 ]
  [1062.9739   368.39517]
  [1092.5667   503.7448 ]
  [1092.419    615.6538 ]
  [ 980.54767  630.35443]
  [ 927.5378   630.3299 ]
  [ 910.01654  836.35547]
  [ 903.97614 1027.7552 ]
  [1036.5126   630.36847]
  [1024.8938   836.29126]
  [1018.7442  1021.8502 ]
  [1004.24286  253.61382]
  [1042.2946   265.35428]
  [ 959.9609   268.28415]
  [   0.         0.     ]
  [1018.81647 1048.3691 ]
  [1039.5056  1048.3755 ]
  [1001.1076  1036.5435 ]
  [ 907.0603  1051.3511 ]
  [ 883.57434 1051.2142 ]
  [ 904.1351  1045.3945 ]]

 [[1277.9055   297.74106]
  [1289.6577   394.97296]
  [1210.1368   406.6087 ]
  [1174.8402   530.42114]
  [1174.8807   648.1482 ]
  [1377.9441   389.02856]
  [1466.1918   450.86765]
  [1398.651    506.90485]
  [1283.8933   662.75745]
  [1233.7783   665.6045 ]
  [1213.1178   854.0138 ]
  [1210.2349  1021.89404]
  [1342.6447   665.6234 ]
  [1330.9452   857.0851 ]
  [1327.7803  1036.5491 ]
  [1260.127    288.97803]
  [1295.5127   288.85028]
  [1236.709    312.37766]
  [1327.9492   303.65594]
  [1324.9576  1074.7882 ]
  [1342.6099  1074.7869 ]
  [1310.2792  1048.171  ]
  [1166.0574  1074.7972 ]
  [   0.         0.     ]
  [1224.8569  1039.4335 ]]]