[[[409.56    433.0193 ]
  [433.20956 480.27222]
  [391.97104 480.23123]
  [388.89963 533.23816]
  [380.22696 571.4837 ]
  [474.32712 480.2737 ]
  [500.8751  545.0142 ]
  [468.496   600.9946 ]
  [418.41873 618.63586]
  [389.17258 618.52673]
  [389.0419  715.7629 ]
  [386.20514 812.81415]
  [444.98303 621.41895]
  [453.70428 715.77563]
  [439.12244 812.7615 ]
  [406.69687 421.37595]
  [415.5663  421.4075 ]
  [  0.        0.     ]
  [444.87607 433.14822]
  [418.39066 833.55054]
  [436.05444 836.26495]
  [447.85275 821.6807 ]
  [368.3661  836.2932 ]
  [362.43723 833.2481 ]
  [394.86945 827.476  ]]]