[[[556.8544  433.18362]
  [571.36975 483.30646]
  [524.31116 486.10254]
  [503.86072 550.8192 ]
  [506.7945  589.19775]
  [615.6474  483.17676]
  [644.9038  545.02563]
  [627.51935 574.5024 ]
  [574.45624 624.44495]
  [547.87006 624.6006 ]
  [553.7211  733.38965]
  [568.58386 830.41595]
  [600.9526  621.6261 ]
  [621.6355  724.5353 ]
  [636.252   830.4912 ]
  [551.0082  427.25638]
  [571.54663 427.19855]
  [542.01105 433.206  ]
  [583.336   433.14734]
  [644.93365 856.91846]
  [653.8927  853.9315 ]
  [627.41327 836.4451 ]
  [542.091   853.9846 ]
  [533.31274 842.2908 ]
  [577.35254 836.2719 ]]

 [[244.62914 439.05692]
  [247.81055 486.17853]
  [194.80943 483.13367]
  [159.47911 556.77203]
  [  0.        0.     ]
  [312.384   494.96286]
  [330.10803 574.5659 ]
  [341.88806 645.00745]
  [247.76007 668.6461 ]
  [206.56702 668.6312 ]
  [197.77998 792.3159 ]
  [182.95744 907.06506]
  [291.79602 668.6634 ]
  [288.91324 786.4024 ]
  [288.89786 898.13477]
  [227.09692 432.97946]
  [250.75821 430.22964]
  [218.28128 430.21597]
  [277.1629  432.97177]
  [333.0587  918.7472 ]
  [333.081   907.01904]
  [271.30798 907.0957 ]
  [197.66684 933.4702 ]
  [177.03914 930.6941 ]
  [185.88869 918.8047 ]]]