[[[1048.1846   480.0724 ]
  [1045.1752   518.50134]
  [1010.06146  515.6076 ]
  [ 995.3639   568.5952 ]
  [1036.5764   547.9569 ]
  [1083.6215   521.3953 ]
  [   0.         0.     ]
  [   0.         0.     ]
  [1045.2158   627.4398 ]
  [1021.80475  627.4854 ]
  [1018.90405  718.523  ]
  [1021.7071   795.1697 ]
  [1068.8237   630.3431 ]
  [1071.8871   715.7069 ]
  [1089.4132   792.1819 ]
  [1039.4105   468.5062 ]
  [1051.2992   468.4132 ]
  [1021.95825  480.13342]
  [   0.         0.     ]
  [   0.         0.     ]
  [   0.         0.     ]
  [1086.6006   798.173  ]
  [1001.20483  812.9696 ]
  [ 998.1682   809.96436]
  [1024.8171   809.719  ]]

 [[ 930.71295  459.59686]
  [ 910.0053   500.85028]
  [ 877.4695   497.90497]
  [ 853.9829   553.7699 ]
  [ 898.1459   580.3907 ]
  [ 954.0428   503.64084]
  [ 971.8151   553.9072 ]
  [ 971.64716  603.8097 ]
  [ 912.9301   621.3756 ]
  [ 886.4877   621.38324]
  [ 889.32025  712.7746 ]
  [ 886.3769   801.103  ]
  [ 939.40625  618.622  ]
  [ 945.2242   712.6806 ]
  [ 933.6297   795.1794 ]
  [ 927.5998   453.78516]
  [ 936.47864  453.7658 ]
  [ 904.12085  456.70932]
  [   0.         0.     ]
  [ 933.543    812.9637 ]
  [ 951.20013  812.87286]
  [ 930.5126   809.7712 ]
  [ 898.13293  818.71606]
  [ 880.63306  815.83875]
  [ 892.2511   809.92523]]

 [[   0.         0.     ]
  [1116.1221   509.76093]
  [1130.7096   506.77716]
  [1121.8713   568.5237 ]
  [   0.         0.     ]
  [1104.205    518.53955]
  [1095.4323   586.23267]
  [1086.6036   647.9733 ]
  [1118.8243   659.81744]
  [1124.7987   659.79175]
  [1115.9878   762.76404]
  [1121.9814   839.33484]
  [1112.9647   659.80664]
  [1118.8976   762.68536]
  [1127.7634   854.03687]
  [   0.         0.     ]
  [   0.         0.     ]
  [   0.         0.     ]
  [1089.4913   462.69357]
  [1089.5391   853.96545]
  [1095.4891   856.9684 ]
  [1139.4071   859.9168 ]
  [1095.3767   839.3145 ]
  [1098.3844   845.18506]
  [1139.4633   854.02423]]]