[[[859.8507  492.03748]
  [857.04663 533.1826 ]
  [830.4053  533.1751 ]
  [812.9389  580.42053]
  [812.81006 627.4712 ]
  [901.15674 533.1845 ]
  [  0.        0.     ]
  [  0.        0.     ]
  [856.9941  636.2053 ]
  [836.238   633.3567 ]
  [833.3719  712.67706]
  [830.52966 786.21387]
  [883.4561  642.0527 ]
  [886.4927  715.77924]
  [927.6112  824.60284]
  [848.1777  486.1087 ]
  [  0.        0.     ]
  [836.3479  497.85745]
  [  0.        0.     ]
  [892.2829  833.3148 ]
  [904.1053  833.4403 ]
  [930.71313 833.4043 ]
  [812.93176 801.0481 ]
  [809.8201  792.21216]
  [836.28174 789.3453 ]]

 [[750.9757  477.33072]
  [739.1384  509.7603 ]
  [695.24005 506.8361 ]
  [671.5892  559.66986]
  [715.6406  592.01886]
  [771.59717 512.62256]
  [789.262   565.645  ]
  [783.3955  603.9    ]
  [736.25775 621.5692 ]
  [712.7047  621.5016 ]
  [712.7994  709.8622 ]
  [709.7964  789.3405 ]
  [759.7631  621.6473 ]
  [759.8354  709.8598 ]
  [748.09436 786.3558 ]
  [742.2067  465.58633]
  [759.88544 465.6104 ]
  [724.51874 474.33026]
  [762.90234 477.23544]
  [753.92926 806.9565 ]
  [765.741   801.02405]
  [742.2079  789.4482 ]
  [715.76154 809.9775 ]
  [700.9614  809.9327 ]
  [712.7181  798.0987 ]]]