[[[ 577.34235   277.13837 ]
  [ 630.3554    371.3538  ]
  [ 574.32367   377.1982  ]
  [ 556.76733   500.76425 ]
  [ 530.37555   600.87585 ]
  [ 692.19855   368.40128 ]
  [ 742.3066    497.86838 ]
  [ 671.5443    609.753   ]
  [ 601.0315    633.31006 ]
  [ 556.8561    627.42847 ]
  [ 577.45807   830.40283 ]
  [ 615.62384   998.36884 ]
  [ 647.9806    639.14856 ]
  [ 656.89264   830.49585 ]
  [ 677.5156   1004.17126 ]
  [ 574.47925   268.2365  ]
  [ 600.88635   268.32642 ]
  [   0.          0.      ]
  [ 647.9033    291.7654  ]
  [ 630.3812   1048.2296  ]
  [ 650.9802   1048.2426  ]
  [ 695.1236   1024.7284  ]
  [ 556.778    1048.2184  ]
  [ 553.8135   1042.287   ]
  [ 627.4111   1021.6711  ]]

 [[ 215.39626   324.21497 ]
  [ 174.25978   424.33157 ]
  [  97.62423   415.5369  ]
  [   0.          0.      ]
  [   0.          0.      ]
  [ 250.68365   433.07672 ]
  [ 247.85645   542.1013  ]
  [   0.          0.      ]
  [ 191.75638   680.3911  ]
  [ 141.79047   680.35986 ]
  [ 106.56544   853.99744 ]
  [  59.30689  1074.8098  ]
  [ 241.89975   680.43555 ]
  [ 221.15613   860.0122  ]
  [ 177.24805  1024.8324  ]
  [ 191.79143   315.4561  ]
  [ 206.49023   315.2786  ]
  [ 135.90393   338.9616  ]
  [   0.          0.      ]
  [ 244.87418  1051.2078  ]
  [ 244.77791  1048.1536  ]
  [ 159.48677  1045.3098  ]
  [   0.          0.      ]
  [   0.          0.      ]
  [  62.368217 1074.8861  ]]]