[[[674.46204 506.8855 ]
  [692.01935 536.1538 ]
  [665.59766 539.1433 ]
  [650.90875 577.47766]
  [653.8562  621.4821 ]
  [718.56793 533.29065]
  [742.146   577.4392 ]
  [739.1506  618.5928 ]
  [692.2077  621.4906 ]
  [671.7415  621.5507 ]
  [671.6655  680.3787 ]
  [674.52203 742.0944 ]
  [709.8479  621.4696 ]
  [715.6896  677.4319 ]
  [715.84106 739.3601 ]
  [671.5008  506.6137 ]
  [680.45215 503.88614]
  [668.7063  506.7372 ]
  [694.9621  506.6058 ]
  [  0.        0.     ]
  [  0.        0.     ]
  [715.7743  742.2868 ]
  [668.4871  753.92487]
  [662.7452  745.19916]
  [686.29645 745.13934]]

 [[571.4686  483.21683]
  [565.56415 518.5566 ]
  [530.38446 515.60205]
  [512.61    562.62634]
  [506.74533 606.7733 ]
  [597.9567  518.55316]
  [603.849   562.7108 ]
  [606.8406  600.89124]
  [571.44794 612.7448 ]
  [550.7515  615.58093]
  [550.8022  686.2741 ]
  [550.9605  748.12036]
  [589.1489  612.7309 ]
  [594.9989  677.49054]
  [597.89374 745.1019 ]
  [559.6766  480.25064]
  [574.4381  480.23126]
  [550.8163  483.2055 ]
  [577.52637 483.12674]
  [600.878   762.78784]
  [606.79004 759.75726]
  [592.06323 756.89667]
  [574.3441  762.869  ]
  [556.774   765.7008 ]
  [550.9057  759.8012 ]]

 [[739.3845  503.83215]
  [771.71173 533.35504]
  [789.2891  530.39746]
  [795.18365 574.37616]
  [  0.        0.     ]
  [762.6953  539.0756 ]
  [  0.        0.     ]
  [  0.        0.     ]
  [780.46155 633.3535 ]
  [789.34265 633.3293 ]
  [786.1928  695.2568 ]
  [798.11816 756.9481 ]
  [765.6816  636.22   ]
  [762.84076 706.88165]
  [765.65924 768.63367]
  [  0.        0.     ]
  [742.2261  500.87222]
  [  0.        0.     ]
  [762.6502  503.72345]
  [721.64746 762.8458 ]
  [733.3851  765.7789 ]
  [768.7297  777.4851 ]
  [789.1827  771.6963 ]
  [792.3418  768.70624]
  [807.0089  762.8416 ]]]