[[[ 553.8071   391.9275 ]
  [ 580.2872   453.72974]
  [ 533.28894  450.8659 ]
  [ 527.2377   530.2179 ]
  [ 509.64996  600.83215]
  [ 624.623    453.7374 ]
  [ 659.77386  530.27734]
  [ 621.57806  603.8706 ]
  [ 571.4257   621.53406]
  [ 533.341    621.47723]
  [ 550.94385  745.13477]
  [ 556.82666  862.8718 ]
  [ 600.80896  621.62   ]
  [ 603.8359   745.15826]
  [ 606.7778   865.83453]
  [ 550.85425  386.0823 ]
  [ 568.5792   386.12012]
  [   0.         0.     ]
  [ 597.9401   391.98007]
  [ 577.44604  892.27563]
  [ 598.0802   895.2012 ]
  [ 618.5456   880.6445 ]
  [ 527.42365  895.2547 ]
  [ 524.3798   883.54645]
  [ 571.54205  880.4676 ]]

 [[ 297.7652   389.10532]
  [ 233.04765  459.7566 ]
  [ 294.78522  459.65472]
  [ 315.55923  577.27216]
  [ 341.81378  648.01874]
  [ 174.14452  462.62302]
  [   0.         0.     ]
  [   0.         0.     ]
  [ 235.92336  680.42725]
  [ 271.25177  683.31   ]
  [ 271.40326  836.32367]
  [ 271.1757   992.3384 ]
  [ 197.64372  680.3674 ]
  [ 253.6362   821.70013]
  [ 268.29684  977.7692 ]
  [ 295.002    380.16534]
  [   0.         0.     ]
  [ 283.01483  383.0382 ]
  [ 224.1382   386.15146]
  [ 341.96957  995.34   ]
  [ 341.87823  986.4899 ]
  [ 238.92894 1007.0425 ]
  [ 356.67813  998.28516]
  [ 339.02084 1007.0398 ]
  [ 250.75084 1010.0673 ]]]