[[[462.67438  415.44263 ]
  [489.15335  465.4836  ]
  [450.74258  462.70447 ]
  [436.01346  547.83154 ]
  [432.99625  612.7203  ]
  [536.1893   462.66656 ]
  [574.32697  542.02545 ]
  [533.35767  618.4657  ]
  [483.31268  627.4155  ]
  [456.76474  627.4699  ]
  [459.68677  742.2502  ]
  [462.55527  856.828   ]
  [515.57025  627.40125 ]
  [530.3232   742.29584 ]
  [536.14325  856.89435 ]
  [459.70718  409.5404  ]
  [480.21265  409.62112 ]
  [  0.         0.      ]
  [506.71255  412.70267 ]
  [503.88812  880.395   ]
  [527.2144   880.54144 ]
  [547.8427   862.86115 ]
  [444.95453  877.6167  ]
  [433.24265  868.744   ]
  [477.24164  862.93256 ]]

 [[  0.         0.      ]
  [194.64426  483.23975 ]
  [247.85333  483.09882 ]
  [271.14307  589.1019  ]
  [283.06107  644.9708  ]
  [129.8838   486.14615 ]
  [118.250984 592.0847  ]
  [150.52408  636.26074 ]
  [188.82753  689.14526 ]
  [224.27435  689.1504  ]
  [230.08287  818.7261  ]
  [221.28726  960.0581  ]
  [150.48795  689.1528  ]
  [165.3478   821.63983 ]
  [180.03354  951.2744  ]
  [247.60123  412.56302 ]
  [  0.         0.      ]
  [241.8659   412.6392  ]
  [171.24756  427.31516 ]
  [  0.         0.      ]
  [  0.         0.      ]
  [174.0613   971.77875 ]
  [291.93845  974.8188  ]
  [274.21533  983.5218  ]
  [203.54979  980.6414  ]]]