[[[ 668.46375  339.08774]
  [ 706.8428   412.66043]
  [ 650.94604  415.5623 ]
  [ 645.099    527.359  ]
  [ 621.6373   621.4991 ]
  [ 759.9054   412.46863]
  [ 795.1511   524.324  ]
  [ 718.69165  615.65186]
  [ 692.2901   645.0361 ]
  [ 650.94025  642.1641 ]
  [ 668.6586   812.72943]
  [ 677.42664  957.06213]
  [ 736.28723  645.0842 ]
  [ 739.1762   812.7346 ]
  [ 739.305    965.925  ]
  [ 659.84204  327.15945]
  [ 686.2103   330.19595]
  [   0.         0.     ]
  [ 718.7478   344.8195 ]
  [ 692.2349  1004.10913]
  [ 715.7592  1004.1116 ]
  [ 748.0721   980.6835 ]
  [ 633.2868  1001.193  ]
  [ 627.3778   995.2138 ]
  [ 692.25256  977.5814 ]]]