[[[315.40393 483.2329 ]
  [303.68936 527.1948 ]
  [271.443   515.6239 ]
  [221.12819 612.63   ]
  [212.41135 665.6824 ]
  [338.90076 530.1869 ]
  [344.8002  574.4661 ]
  [377.1852  595.05133]
  [297.8647  627.4962 ]
  [274.24387 627.4287 ]
  [250.66547 700.97455]
  [215.37671 789.25616]
  [324.22626 630.37494]
  [339.05484 701.0162 ]
  [339.09662 786.3042 ]
  [306.6503  480.19934]
  [318.39026 480.2799 ]
  [291.91034 483.08795]
  [327.23398 483.3364 ]
  [368.50357 804.0475 ]
  [368.49042 792.3046 ]
  [335.91605 792.2556 ]
  [241.75658 812.84656]
  [224.1571  812.9056 ]
  [200.66458 795.2248 ]]

 [[668.7497  459.62363]
  [721.54114 471.43555]
  [742.3205  477.24597]
  [783.4126  542.1107 ]
  [748.13074 577.374  ]
  [698.14136 465.55417]
  [712.7633  530.3831 ]
  [674.5061  586.1732 ]
  [739.18054 615.66864]
  [762.6696  615.58405]
  [745.1165  715.6287 ]
  [762.6478  812.96716]
  [715.70557 618.4957 ]
  [671.69257 715.54987]
  [695.2049  812.9635 ]
  [  0.        0.     ]
  [671.46155 453.6577 ]
  [  0.        0.     ]
  [692.1638  436.2668 ]
  [656.8031  836.3027 ]
  [668.54663 836.4797 ]
  [712.7433  824.59485]
  [736.31085 818.69586]
  [745.0992  815.7471 ]
  [765.6138  830.49243]]]