[[[344.84216  477.26355 ]
  [356.65628  509.6461  ]
  [318.40363  506.83676 ]
  [312.4152   556.8962  ]
  [288.9256   601.01294 ]
  [389.03445  509.74152 ]
  [412.51578  559.80133 ]
  [430.17422  603.9782  ]
  [353.65945  615.6878  ]
  [335.92166  615.6724  ]
  [336.04642  692.1183  ]
  [341.82327  765.6524  ]
  [371.33176  618.4854  ]
  [365.42422  692.0887  ]
  [362.51727  768.683   ]
  [341.87466  465.5173  ]
  [359.4594   468.42307 ]
  [338.82764  471.41913 ]
  [368.40515  474.4011  ]
  [338.89624  786.4544  ]
  [347.81738  789.292   ]
  [365.3538   783.2916  ]
  [321.2931   783.4259  ]
  [318.38083  777.519   ]
  [344.86713  768.8064  ]]

 [[  0.         0.      ]
  [197.75307  527.34814 ]
  [241.83887  527.26794 ]
  [250.80412  598.0704  ]
  [  0.         0.      ]
  [150.67583  527.2724  ]
  [150.58119  580.3829  ]
  [171.24063  618.51074 ]
  [197.57863  648.0938  ]
  [221.27022  650.9045  ]
  [221.35362  727.5062  ]
  [221.12442  812.8085  ]
  [156.47903  644.9963  ]
  [171.10277  721.6338  ]
  [174.01231  812.95013 ]
  [  0.         0.      ]
  [  0.         0.      ]
  [224.12091  480.36835 ]
  [180.1088   483.19052 ]
  [  0.         0.      ]
  [  0.         0.      ]
  [171.26086  830.42883 ]
  [221.24837  821.71765 ]
  [230.0454   827.5179  ]
  [218.26382  827.53217 ]]

 [[150.44852  483.058   ]
  [124.03713  524.3914  ]
  [103.34674  524.3055  ]
  [ 74.12311  568.55383 ]
  [121.216125 600.97687 ]
  [  0.         0.      ]
  [  0.         0.      ]
  [  0.         0.      ]
  [124.123886 630.43524 ]
  [106.385826 633.27515 ]
  [103.36281  715.7819  ]
  [ 79.93467  792.333   ]
  [  0.         0.      ]
  [  0.         0.      ]
  [  0.         0.      ]
  [135.9281   477.36423 ]
  [150.57213  480.0803  ]
  [112.38072  483.1079  ]
  [  0.         0.      ]
  [  0.         0.      ]
  [  0.         0.      ]
  [  0.         0.      ]
  [106.39736  812.80005 ]
  [ 91.736176 812.92694 ]
  [ 71.103516 806.8625  ]]]