[[[ 644.95233  294.99142]
  [ 671.5568   424.27985]
  [ 580.3749   412.555  ]
  [ 459.55585  480.3413 ]
  [ 456.78003  386.11536]
  [ 762.89636  433.18637]
  [ 783.31287  597.895  ]
  [ 730.46405  695.07965]
  [ 627.45044  724.5407 ]
  [ 574.3726   718.6721 ]
  [ 574.5062   930.61615]
  [ 597.90454 1074.8816 ]
  [ 692.0144   733.33856]
  [ 695.1481   930.6729 ]
  [ 712.7478  1074.879  ]
  [ 633.2702   285.92337]
  [ 668.64966  288.84433]
  [   0.         0.     ]
  [ 718.7151   315.38626]
  [   0.         0.     ]
  [   0.         0.     ]
  [ 715.7678  1074.9078 ]
  [   0.         0.     ]
  [   0.         0.     ]
  [ 600.95447 1074.8988 ]]]