[[[ 580.40155  365.4769 ]
  [ 597.93414  456.69266]
  [ 530.35767  439.02948]
  [ 456.6416   409.57892]
  [ 391.90372  356.68018]
  [ 656.90265  471.40164]
  [ 671.44116  574.5492 ]
  [ 636.21423  645.182  ]
  [ 565.55334  656.8735 ]
  [ 527.16785  653.87897]
  [ 527.44464  806.9578 ]
  [ 536.1386   927.7072 ]
  [ 603.8368   662.7363 ]
  [ 621.3427   806.98346]
  [ 624.57104  930.6398 ]
  [ 577.2781   359.621  ]
  [ 600.88     362.4528 ]
  [   0.         0.     ]
  [ 633.3375   386.0841 ]
  [ 627.52094  968.7781 ]
  [ 648.0554   957.1456 ]
  [ 621.49426  945.317  ]
  [ 483.12704  968.8697 ]
  [ 483.21857  954.18567]
  [ 553.717    942.3885 ]]

 [[ 730.3643   338.9856 ]
  [ 786.4075   424.29794]
  [ 721.66254  433.15756]
  [ 715.6013   542.107  ]
  [ 692.23224  636.27325]
  [ 851.0416   412.57184]
  [ 906.88275  506.64624]
  [ 883.3885   606.7769 ]
  [ 780.4764   645.14496]
  [ 739.2081   647.95746]
  [ 750.9974   809.9116 ]
  [ 771.64075  945.2867 ]
  [ 818.7121   645.1222 ]
  [ 833.4513   801.09143]
  [ 857.0202   954.0875 ]
  [ 721.67804  333.0172 ]
  [ 742.207    321.37482]
  [   0.         0.     ]
  [ 786.3571   338.8492 ]
  [ 833.44165 1001.10016]
  [ 856.9581   998.242  ]
  [ 859.99097  971.71936]
  [ 718.7727   989.3893 ]
  [ 718.75934  974.8081 ]
  [ 789.2975   954.1873 ]]

 [[ 992.40234  250.62291]
  [1039.5051   347.79623]
  [ 965.8834   362.54413]
  [ 930.63574  483.16232]
  [ 951.25104  550.899  ]
  [1110.1244   338.94427]
  [1139.5613   474.3638 ]
  [1024.7777   556.84534]
  [1027.712    615.63116]
  [ 977.69135  612.72675]
  [1007.10266  821.6503 ]
  [1027.8118   998.24615]
  [1080.7142   612.73346]
  [1095.5192   812.98004]
  [1127.7296  1001.26385]
  [ 989.4183   244.66426]
  [1012.9477   241.82906]
  [   0.         0.     ]
  [1060.1195   253.69125]
  [1101.2565  1048.4083 ]
  [1127.7828  1048.2893 ]
  [1139.4293  1018.90826]
  [1010.0369  1048.2471 ]
  [ 995.3322  1042.3749 ]
  [1048.2362  1007.13513]]]