[[[518.51154 480.23724]
  [509.79626 521.45496]
  [477.28192 509.8086 ]
  [421.39175 512.58057]
  [368.50458 497.8902 ]
  [553.8621  527.20996]
  [571.38    580.43475]
  [550.811   627.4481 ]
  [503.79297 645.0337 ]
  [480.07068 644.9787 ]
  [477.3147  736.2024 ]
  [480.0902  809.8904 ]
  [530.18567 645.14154]
  [530.3635  730.46796]
  [533.3133  809.86584]
  [506.72583 474.3927 ]
  [527.18994 471.4039 ]
  [494.92426 480.2645 ]
  [530.3948  477.22748]
  [544.987   827.60645]
  [553.8781  818.8012 ]
  [530.247   813.0043 ]
  [453.7196  830.5491 ]
  [447.87247 818.8042 ]
  [483.21518 815.759  ]]

 [[618.58417 456.75232]
  [647.97424 503.6966 ]
  [615.6627  503.93735]
  [601.0884  562.7226 ]
  [594.9546  621.39374]
  [686.243   500.78986]
  [727.4588  539.15045]
  [718.67316 600.8997 ]
  [645.0806  624.44293]
  [621.4827  624.4634 ]
  [621.5051  718.5353 ]
  [624.5796  809.78534]
  [668.64606 624.4752 ]
  [668.75183 718.5586 ]
  [677.45044 809.72815]
  [615.6835  450.8531 ]
  [624.3967  450.78552]
  [  0.        0.     ]
  [647.9358  456.5442 ]
  [665.73016 830.4053 ]
  [674.551   830.3988 ]
  [683.3813  812.8405 ]
  [601.047   830.50336]
  [600.8615  818.7696 ]
  [639.135   812.9003 ]]

 [[762.7316  427.3048 ]
  [789.4152  465.539  ]
  [762.6435  471.46378]
  [745.2203  533.207  ]
  [739.3072  577.50305]
  [830.3906  462.53476]
  [833.3813  536.19965]
  [765.7723  586.2303 ]
  [786.4564  612.6889 ]
  [762.78827 609.78143]
  [765.6513  715.745  ]
  [765.88245 812.9944 ]
  [812.7603  612.6919 ]
  [821.6282  718.65656]
  [833.40027 818.7901 ]
  [759.9105  415.48114]
  [765.8685  415.44336]
  [  0.        0.     ]
  [795.2254  415.50876]
  [809.8839  839.4108 ]
  [830.45233 842.312  ]
  [836.2717  833.3746 ]
  [762.75775 836.42267]
  [745.1621  833.49963]
  [780.48975 830.4594 ]]]