[[[583.2641  494.9628 ]
  [580.2809  518.4989 ]
  [550.98987 515.6194 ]
  [530.3966  553.7339 ]
  [533.1991  586.1674 ]
  [612.686   515.62585]
  [633.25793 550.90094]
  [624.6088  583.2086 ]
  [577.45404 606.852  ]
  [556.85266 606.81946]
  [559.78986 674.5896 ]
  [568.48914 742.2051 ]
  [598.11475 606.85223]
  [597.8341  677.39856]
  [594.9206  742.17566]
  [577.435   486.1227 ]
  [594.9122  486.13086]
  [571.4517  486.16272]
  [597.99976 486.22705]
  [583.3217  759.8948 ]
  [597.9668  759.81226]
  [592.0386  748.1271 ]
  [559.6823  762.746  ]
  [553.7543  759.9022 ]
  [571.55255 750.9814 ]]

 [[695.27936 518.5388 ]
  [715.53973 533.32104]
  [689.18787 530.38104]
  [671.67535 571.5022 ]
  [671.54755 606.8201 ]
  [739.2092  539.1264 ]
  [745.2604  577.3889 ]
  [745.1138  621.5124 ]
  [706.8324  621.44574]
  [692.09656 621.36066]
  [674.5749  674.52124]
  [671.6476  739.18933]
  [718.72833 621.49994]
  [718.6276  680.37177]
  [715.7278  742.11914]
  [695.0565  509.73685]
  [703.93726 509.7178 ]
  [692.2423  506.73   ]
  [718.55554 506.90533]
  [715.745   759.7596 ]
  [718.7891  753.9504 ]
  [715.5628  745.1382 ]
  [659.78705 748.0501 ]
  [653.8966  742.21265]
  [680.4401  742.22614]]

 [[  0.        0.     ]
  [827.55096 527.3028 ]
  [856.90027 527.3104 ]
  [859.9578  574.54724]
  [859.82404 630.36475]
  [795.1578  527.3652 ]
  [783.369   580.4213 ]
  [777.48944 630.34607]
  [827.5278  636.2505 ]
  [845.16565 636.2545 ]
  [839.2871  709.75934]
  [857.0696  765.65643]
  [809.7158  639.1212 ]
  [801.09393 718.65796]
  [809.7402  795.1633 ]
  [  0.        0.     ]
  [  0.        0.     ]
  [833.4644  483.26874]
  [801.11285 483.3221 ]
  [786.25415 798.0711 ]
  [786.31464 806.9012 ]
  [812.7491  806.9607 ]
  [865.767   809.7695 ]
  [877.5396  803.9877 ]
  [859.9109  768.71356]]]