[[[  0.         0.      ]
  [135.87987  527.2002  ]
  [180.09587  524.34503 ]
  [206.52998  594.95874 ]
  [221.16757  639.1847  ]
  [ 94.71724  524.4052  ]
  [ 77.034195 595.06793 ]
  [109.34371  624.3507  ]
  [147.68413  656.88153 ]
  [174.1869   656.83105 ]
  [174.24516  739.18243 ]
  [174.09653  830.40436 ]
  [106.55567  648.054   ]
  [106.54229  721.6225  ]
  [121.19017  824.5482  ]
  [171.23308  477.17465 ]
  [  0.         0.      ]
  [156.55621  477.27737 ]
  [124.13459  480.31277 ]
  [121.15934  833.3197  ]
  [112.38117  833.3117  ]
  [124.103195 836.3738  ]
  [165.27864  839.37805 ]
  [177.03838  851.03937 ]
  [171.18285  839.2832  ]]

 [[297.75757  471.43744 ]
  [318.24063  503.92438 ]
  [280.1713   503.85986 ]
  [271.29645  553.79126 ]
  [268.40582  597.8665  ]
  [353.67432  506.65973 ]
  [383.05188  553.98706 ]
  [350.70123  603.9006  ]
  [315.46872  621.3727  ]
  [291.99973  618.62915 ]
  [294.96646  695.24786 ]
  [300.7189   777.47327 ]
  [338.9221   621.39484 ]
  [338.9212   695.2688  ]
  [339.08145  771.6095  ]
  [294.87997  459.81903 ]
  [312.41473  462.53134 ]
  [  0.         0.      ]
  [330.1358   465.58765 ]
  [321.37057  789.3617  ]
  [338.88025  789.29193 ]
  [341.82877  783.403   ]
  [286.02835  795.214   ]
  [277.17838  789.3399  ]
  [312.45673  786.345   ]]]