[[[1251.3817   209.48462]
  [1192.4966   321.28323]
  [1092.4929   315.5275 ]
  [1024.6864   465.5274 ]
  [1162.9763   500.88367]
  [1301.3284   330.1029 ]
  [1333.8328   483.25223]
  [1330.9323   615.6705 ]
  [1189.5013   648.0656 ]
  [1118.8966   648.0451 ]
  [1119.0674   883.42834]
  [1118.8989  1074.8773 ]
  [1257.2758   648.076  ]
  [1236.6589   883.4112 ]
  [1213.0895  1074.874  ]
  [1227.8448   191.72786]
  [1260.3654   197.60973]
  [1166.1858   203.66672]
  [   0.         0.     ]
  [   0.         0.     ]
  [   0.         0.     ]
  [1213.102   1074.9113 ]
  [1098.3711  1074.8986 ]
  [   0.         0.     ]
  [1121.9042  1074.9073 ]]

 [[1586.893    221.2832 ]
  [1587.0011   341.9567 ]
  [1472.1522   359.60794]
  [1428.097    506.77286]
  [1419.1038   648.00525]
  [1707.6185   330.17926]
  [1822.3103   424.33087]
  [1734.0554   486.155  ]
  [1586.9443   695.1488 ]
  [1513.3656   692.2092 ]
  [1483.8717   927.6435 ]
  [1472.009   1074.8907 ]
  [1660.5966   701.014  ]
  [1642.8221   948.1498 ]
  [   0.         0.     ]
  [1557.41     212.3807 ]
  [1598.6554   200.50945]
  [1516.1407   253.64816]
  [1622.286    221.1445 ]
  [   0.         0.     ]
  [   0.         0.     ]
  [   0.         0.     ]
  [   0.         0.     ]
  [   0.         0.     ]
  [   0.         0.     ]]]