[[[365.4112  503.80194]
  [385.92337 512.6914 ]
  [347.81555 509.7233 ]
  [321.33627 550.9788 ]
  [344.9064  533.3225 ]
  [412.55643 515.5593 ]
  [433.19324 562.6345 ]
  [409.66672 598.00616]
  [371.4025  606.77216]
  [353.72498 603.9491 ]
  [356.66046 683.28125]
  [356.5693  751.0227 ]
  [391.99823 606.806  ]
  [403.70157 677.4957 ]
  [409.43484 745.1344 ]
  [362.51566 497.88742]
  [371.31113 500.73312]
  [  0.        0.     ]
  [389.01813 491.99283]
  [391.97314 762.8162 ]
  [406.7298  762.817  ]
  [409.4524  756.8914 ]
  [353.70602 765.64905]
  [341.93192 762.8742 ]
  [362.42438 759.82574]]

 [[812.7344  480.19144]
  [809.90106 524.32153]
  [768.81177 524.4321 ]
  [759.80316 574.3252 ]
  [771.58417 609.73926]
  [842.2461  518.5602 ]
  [857.0019  565.64   ]
  [851.14    606.86646]
  [812.7492  627.3901 ]
  [789.34717 627.41345]
  [795.2209  715.64844]
  [806.82574 795.22156]
  [833.48535 627.3768 ]
  [830.5213  715.6083 ]
  [815.74713 786.36975]
  [809.7323  474.28275]
  [815.83453 474.31046]
  [789.4582  480.1498 ]
  [830.4557  480.18753]
  [827.57153 809.7543 ]
  [836.27167 804.0126 ]
  [812.8923  792.2013 ]
  [809.83307 815.85944]
  [792.28723 815.8279 ]
  [809.7344  809.7882 ]]]