[[[597.99005 406.65857]
  [624.4422  456.71475]
  [577.5396  456.75986]
  [571.4619  533.1918 ]
  [553.9267  600.9623 ]
  [668.6883  456.71613]
  [698.03845 533.2704 ]
  [665.6555  606.81274]
  [615.5611  621.55615]
  [580.3602  621.5292 ]
  [598.0353  742.1914 ]
  [603.96136 857.09564]
  [644.96747 621.617  ]
  [647.9259  742.2331 ]
  [648.1629  859.9251 ]
  [595.03845 391.9533 ]
  [609.724   392.03226]
  [  0.        0.     ]
  [642.07794 406.59772]
  [624.3819  883.54065]
  [645.05286 883.5672 ]
  [659.82166 877.5015 ]
  [574.5201  883.5822 ]
  [574.2896  880.4605 ]
  [621.40906 871.6709 ]]

 [[368.45615 406.71375]
  [315.31793 477.21887]
  [365.5437  471.41483]
  [386.1221  574.4766 ]
  [406.6918  642.06714]
  [250.77405 480.14465]
  [244.69879 583.2245 ]
  [247.72545 633.2909 ]
  [312.40012 671.5166 ]
  [341.9354  671.59094]
  [341.9412  818.7781 ]
  [339.0237  974.71075]
  [271.30405 668.65796]
  [341.8906  803.9888 ]
  [338.99374 962.96893]
  [368.5044  394.87964]
  [  0.        0.     ]
  [359.48764 397.82144]
  [294.80447 409.4803 ]
  [406.67593 971.7388 ]
  [394.9408  965.83905]
  [297.78885 986.47504]
  [415.54736 977.63306]
  [403.75375 989.39136]
  [321.34903 995.33563]]]