[[[338.8469   483.23645 ]
  [350.7536   509.70615 ]
  [318.44305  509.6756  ]
  [  0.         0.      ]
  [  0.         0.      ]
  [385.9868   509.69138 ]
  [415.5868   553.8846  ]
  [421.3868   600.9259  ]
  [350.7357   618.4925  ]
  [333.07025  615.6805  ]
  [338.90308  692.2003  ]
  [341.80875  765.81085 ]
  [368.46948  618.54083 ]
  [365.3869   692.1907  ]
  [362.531    771.603   ]
  [333.04025  480.24698 ]
  [341.8697   480.23038 ]
  [  0.         0.      ]
  [362.4493   480.16632 ]
  [338.86404  789.19696 ]
  [347.76514  789.34033 ]
  [365.42087  783.4715  ]
  [321.3497   786.2893  ]
  [318.4264   783.2923  ]
  [344.8697   774.6353  ]]

 [[150.47545  483.0861  ]
  [126.903    527.2462  ]
  [103.53822  524.39453 ]
  [ 82.82873  571.3905  ]
  [129.87552  594.9281  ]
  [  0.         0.      ]
  [  0.         0.      ]
  [  0.         0.      ]
  [127.00317  627.483   ]
  [106.47619  630.3242  ]
  [103.52836  715.76904 ]
  [ 79.9742   795.1873  ]
  [  0.         0.      ]
  [  0.         0.      ]
  [  0.         0.      ]
  [138.78244  480.12128 ]
  [150.53468  480.2002  ]
  [115.2597   483.2533  ]
  [  0.         0.      ]
  [  0.         0.      ]
  [  0.         0.      ]
  [  0.         0.      ]
  [106.41384  812.8161  ]
  [ 91.763695 812.9743  ]
  [ 71.13943  806.9143  ]]

 [[  0.         0.      ]
  [203.5442   530.1506  ]
  [247.66794  527.3283  ]
  [288.91617  574.36475 ]
  [285.9804   600.93335 ]
  [156.49492  530.1598  ]
  [135.88983  598.0008  ]
  [171.16057  624.4389  ]
  [203.53075  650.9629  ]
  [230.09885  650.92737 ]
  [235.94377  733.3271  ]
  [224.32765  812.9452  ]
  [171.2076   647.99774 ]
  [168.28041  718.74286 ]
  [174.00143  812.7658  ]
  [  0.         0.      ]
  [  0.         0.      ]
  [227.11617  483.28198 ]
  [191.86133  486.24097 ]
  [165.3624   815.8006  ]
  [159.45201  815.7875  ]
  [174.04659  827.48035 ]
  [224.24828  824.5822  ]
  [241.78947  830.4518  ]
  [224.14615  830.49634 ]]]