[[[338.91824 500.82388]
  [271.23685 506.76636]
  [265.42758 497.8479 ]
  [338.8791  518.4839 ]
  [391.95377 527.33716]
  [285.9429  521.4455 ]
  [  0.        0.     ]
  [  0.        0.     ]
  [241.87695 671.4554 ]
  [230.03328 671.462  ]
  [250.73679 783.31525]
  [268.3132  898.1537 ]
  [247.76784 671.50415]
  [238.84018 783.31287]
  [224.1506  877.6204 ]
  [336.08755 483.24313]
  [344.83438 489.08722]
  [309.4943  471.3628 ]
  [  0.        0.     ]
  [247.63539 898.165  ]
  [241.87329 883.56586]
  [218.35611 883.62274]
  [286.0138  912.97565]
  [274.28348 918.7412 ]
  [262.4246  906.9987 ]]

 [[597.9711  409.74527]
  [651.00366 433.27942]
  [712.81744 433.19373]
  [756.91815 527.1906 ]
  [718.6351  580.2679 ]
  [597.9629  435.9998 ]
  [577.46924 533.23865]
  [580.4093  615.6495 ]
  [671.64685 618.5764 ]
  [715.8034  615.6139 ]
  [733.2857  759.81024]
  [762.6937  898.1363 ]
  [630.3404  621.442  ]
  [645.07745 774.53656]
  [665.6646  915.81506]
  [  0.        0.     ]
  [597.9071  403.7493 ]
  [648.1749  386.00015]
  [603.9053  391.93616]
  [653.9066  904.1517 ]
  [647.9413  912.9102 ]
  [668.62555 930.54285]
  [748.0436  898.16797]
  [762.8783  898.1961 ]
  [762.84686 909.9562 ]]]