[[[338.8034  486.22552]
  [359.5773  506.66708]
  [321.4445  503.8954 ]
  [318.3327  550.8068 ]
  [312.52316 595.0026 ]
  [388.89783 506.7161 ]
  [433.12268 544.97974]
  [412.71405 594.97565]
  [356.65768 603.9626 ]
  [336.0793  603.8872 ]
  [335.9872  686.2776 ]
  [338.92334 759.90674]
  [374.3096  606.8539 ]
  [365.50436 686.21893]
  [362.5545  765.71075]
  [333.0151  483.10846]
  [341.81412 483.1077 ]
  [  0.        0.     ]
  [362.4937  480.1859 ]
  [338.8242  786.20874]
  [344.8894  786.3726 ]
  [365.4664  774.56256]
  [318.48914 777.518  ]
  [318.3616  771.5918 ]
  [341.88034 765.7351 ]]

 [[  0.        0.     ]
  [200.61324 527.1956 ]
  [244.79787 524.3456 ]
  [268.4002  580.29834]
  [271.23257 621.52594]
  [153.61588 524.31854]
  [147.60744 594.9859 ]
  [171.23384 621.3824 ]
  [200.58073 648.0591 ]
  [224.33421 648.06226]
  [230.11513 721.6868 ]
  [227.20546 812.7485 ]
  [168.17737 645.09564]
  [171.20195 718.7934 ]
  [174.03503 809.9934 ]
  [  0.        0.     ]
  [  0.        0.     ]
  [224.3276  480.1428 ]
  [188.90471 480.32443]
  [  0.        0.     ]
  [  0.        0.     ]
  [174.0019  821.6578 ]
  [227.2119  824.5887 ]
  [241.88094 830.41675]
  [224.31136 827.5575 ]]]