[[[  7.793318  424.30862  ]
  [ 32.971786  462.70343  ]
  [  7.810378  465.54053  ]
  [  7.8098426 527.3663   ]
  [ 35.835403  527.22375  ]
  [ 79.881966  462.63104  ]
  [ 68.19844   530.46106  ]
  [  7.782939  530.2881   ]
  [ 32.92021   609.7868   ]
  [  7.795832  609.7384   ]
  [  7.7951627 715.709    ]
  [  7.7903333 812.9698   ]
  [ 62.317657  609.7455   ]
  [ 65.22346   715.7199   ]
  [ 74.02388   815.77     ]
  [  7.8001294 412.63925  ]
  [  7.7601633 412.54007  ]
  [  0.          0.       ]
  [ 41.74792   418.45743  ]
  [ 44.667652  836.3905   ]
  [ 62.349857  836.469    ]
  [ 79.88581   830.535    ]
  [  7.7649055 833.5285   ]
  [  7.8011785 833.36975  ]
  [  0.          0.       ]]]