[[[521.4106  383.12634]
  [553.78204 439.1604 ]
  [506.62457 441.99146]
  [494.94458 533.2067 ]
  [480.3838  606.8639 ]
  [600.9797  439.0469 ]
  [639.12134 530.1773 ]
  [592.0671  618.4627 ]
  [539.1231  627.45   ]
  [506.8098  627.4636 ]
  [527.32135 765.64575]
  [544.9825  883.5449 ]
  [571.5319  630.30884]
  [574.5056  762.769  ]
  [597.8293  886.4709 ]
  [512.5801  368.38043]
  [530.34607 368.44687]
  [  0.        0.     ]
  [568.5897  383.1753 ]
  [559.6824  924.61835]
  [577.4226  924.6346 ]
  [603.8337  904.1125 ]
  [506.73236 921.7586 ]
  [503.7611  907.12256]
  [553.8361  903.92566]]]