[[[1039.3885   447.82632]
  [1045.1665   503.78345]
  [1001.0653   503.78003]
  [ 977.58124  568.566  ]
  [1018.8179   553.7984 ]
  [1077.7878   503.73615]
  [   0.         0.     ]
  [   0.         0.     ]
  [1042.4381   633.28955]
  [1015.86163  633.29047]
  [1021.84973  739.13495]
  [1036.566    833.4587 ]
  [1068.9092   633.2676 ]
  [1077.7043   736.28705]
  [1095.4374   833.3133 ]
  [1024.7256   439.0153 ]
  [1045.3099   436.09006]
  [1015.8725   453.74716]
  [1051.2039   442.0248 ]
  [   0.         0.     ]
  [   0.         0.     ]
  [1092.526    836.498  ]
  [1015.8517   857.0935 ]
  [1004.26935  853.9876 ]
  [1045.397    839.34894]]

 [[ 904.1082   430.16626]
  [ 883.4571   474.35757]
  [ 836.33325  468.48346]
  [ 809.88245  539.15814]
  [ 862.93524  577.3481 ]
  [ 930.58356  477.19537]
  [ 953.99554  542.0385 ]
  [ 948.2634   600.9485 ]
  [ 883.46844  615.65576]
  [ 856.8875   615.6289 ]
  [ 856.94995  724.554  ]
  [ 854.09125  833.51324]
  [ 912.9524   618.4913 ]
  [ 910.06384  721.70416]
  [ 907.0741   833.38116]
  [ 892.324    415.45108]
  [ 909.93567  415.5527 ]
  [ 868.7656   415.58688]
  [ 924.5909   427.18973]
  [ 907.1312   857.09216]
  [ 927.53564  856.89294]
  [ 904.0062   839.39636]
  [ 859.9809   859.8994 ]
  [ 842.27594  859.848  ]
  [ 856.9086   842.25507]]

 [[   0.         0.     ]
  [1136.5887   480.38446]
  [1145.4302   480.21783]
  [1113.0366   574.4424 ]
  [   0.         0.     ]
  [1130.6549   483.16437]
  [1104.1747   574.2908 ]
  [1051.2885   589.14685]
  [1121.8981   668.5862 ]
  [1121.9099   668.58374]
  [1121.9392   789.4291 ]
  [1139.6583   892.30304]
  [1121.8981   668.5855 ]
  [1139.4994   789.4177 ]
  [1148.3713   907.0462 ]
  [   0.         0.     ]
  [   0.         0.     ]
  [1145.382    427.28635]
  [1101.3063   421.4504 ]
  [1098.3003   921.6984 ]
  [1115.8807   927.64874]
  [1163.0332   924.64996]
  [1098.412    895.25964]
  [1110.0658   883.5729 ]
  [1145.491    904.04047]]]