[[[762.8441  483.3171 ]
  [745.24493 524.41595]
  [715.61505 518.5149 ]
  [692.07306 571.50476]
  [724.52264 598.00635]
  [786.4061  527.3488 ]
  [798.07855 574.55035]
  [786.4488  621.371  ]
  [742.19336 627.4103 ]
  [718.70996 627.3664 ]
  [718.77673 715.57074]
  [718.7159  789.2947 ]
  [765.68933 627.5117 ]
  [765.6768  712.81586]
  [762.8271  789.2258 ]
  [756.966   480.21924]
  [765.8515  480.34897]
  [739.28186 480.36856]
  [774.5215  483.3429 ]
  [765.74176 806.98926]
  [777.4946  801.0889 ]
  [756.95465 795.2142 ]
  [724.51825 809.9192 ]
  [715.685   809.84436]
  [721.6822  795.2275 ]]

 [[860.0243  503.8145 ]
  [859.912   542.01605]
  [833.55554 544.9788 ]
  [821.7204  592.1373 ]
  [815.7844  639.1079 ]
  [901.1256  542.0162 ]
  [901.142   600.92847]
  [883.60223 648.1751 ]
  [859.9617  639.127  ]
  [842.3221  636.2731 ]
  [836.4383  715.58093]
  [836.2767  786.3208 ]
  [889.36304 645.02527]
  [904.11804 733.32715]
  [927.46344 815.8358 ]
  [854.1001  500.81006]
  [868.7342  497.9061 ]
  [842.22797 503.92297]
  [886.4243  503.6545 ]
  [892.2924  833.30597]
  [904.08746 833.4515 ]
  [930.64417 830.4794 ]
  [815.8374  798.14496]
  [812.8415  789.46564]
  [842.2328  789.39575]]]