[[[571.48444 483.31555]
  [559.78436 521.4247 ]
  [530.30566 521.3945 ]
  [512.5808  562.7192 ]
  [515.5914  609.7345 ]
  [597.84625 518.5435 ]
  [603.96765 562.7139 ]
  [618.60175 600.979  ]
  [571.437   612.6521 ]
  [550.7367  612.6744 ]
  [550.8003  683.2915 ]
  [550.99615 745.1638 ]
  [589.17975 609.787  ]
  [592.1096  677.485  ]
  [583.34283 742.24023]
  [556.8978  480.35016]
  [574.43506 480.30475]
  [550.74    483.31805]
  [580.2627  483.13538]
  [595.0333  762.67377]
  [600.94604 756.8843 ]
  [577.51654 753.92114]
  [571.4378  762.82935]
  [553.8668  762.939  ]
  [550.9946  756.89825]]

 [[689.1105  506.7202 ]
  [692.2297  536.1291 ]
  [668.46655 539.1454 ]
  [651.0349  577.49536]
  [659.8194  618.64276]
  [718.528   533.2556 ]
  [742.17615 577.3382 ]
  [745.13965 621.42267]
  [695.0122  621.4576 ]
  [677.4051  621.4642 ]
  [674.50024 677.4979 ]
  [674.506   739.35034]
  [712.8155  621.4541 ]
  [715.69775 677.48987]
  [715.656   742.2008 ]
  [677.426   503.82535]
  [692.0931  503.71423]
  [671.5065  506.72345]
  [695.2496  503.8143 ]
  [727.525   765.79474]
  [742.1894  774.5556 ]
  [712.7497  745.1937 ]
  [662.6693  753.9898 ]
  [656.8025  745.13885]
  [686.2826  745.14514]]

 [[759.80774 503.67526]
  [789.3926  533.1735 ]
  [809.9902  530.3034 ]
  [824.59595 580.3051 ]
  [809.9468  621.6258 ]
  [777.47156 533.3489 ]
  [  0.        0.     ]
  [  0.        0.     ]
  [792.21704 639.20776]
  [809.92114 639.177  ]
  [795.24347 701.03674]
  [809.89844 768.683  ]
  [783.3675  639.21704]
  [762.7724  698.0809 ]
  [768.66345 771.6453 ]
  [  0.        0.     ]
  [762.64746 497.84534]
  [792.23236 494.91833]
  [765.9496  500.8121 ]
  [  0.        0.     ]
  [  0.        0.     ]
  [780.4563  783.3153 ]
  [789.48303 777.50354]
  [806.95294 774.61786]
  [812.8077  783.2936 ]]]