[[[583.2926  436.1361 ]
  [612.687   483.3058 ]
  [574.28143 483.2169 ]
  [553.90753 556.8693 ]
  [550.8368  624.46185]
  [651.075   483.34756]
  [683.3002  559.7134 ]
  [647.95856 627.51154]
  [600.85846 645.1449 ]
  [574.4799  645.1432 ]
  [583.2938  762.8814 ]
  [595.0884  868.8086 ]
  [624.573   645.1661 ]
  [642.0366  762.8984 ]
  [644.92633 874.6288 ]
  [580.2819  430.17197]
  [598.0223  433.04935]
  [  0.        0.     ]
  [624.4636  436.1061 ]
  [615.6755  898.2131 ]
  [630.38446 901.07367]
  [645.1659  883.46387]
  [571.43225 901.0752 ]
  [559.7471  886.5079 ]
  [601.043   880.65295]]

 [[  0.        0.     ]
  [318.50034 506.68448]
  [383.0552  503.7957 ]
  [394.93967 601.015  ]
  [412.62216 668.55164]
  [265.42062 509.7116 ]
  [250.7859  612.66656]
  [  0.        0.     ]
  [318.326   706.91925]
  [359.55054 709.80286]
  [356.58768 839.4209 ]
  [350.76163 974.7477 ]
  [280.08087 706.9153 ]
  [294.86545 842.2266 ]
  [315.31104 974.5699 ]
  [  0.        0.     ]
  [  0.        0.     ]
  [365.57706 436.09958]
  [303.715   453.75934]
  [  0.        0.     ]
  [  0.        0.     ]
  [303.6426  986.4453 ]
  [412.67508 980.6806 ]
  [400.8176  995.22986]
  [338.86084 995.3595 ]]]