[[[ 601.01416  271.42035]
  [ 656.8084   362.6061 ]
  [ 597.97034  365.47977]
  [ 586.24817  486.10776]
  [ 568.4739   589.1649 ]
  [ 715.7911   362.4012 ]
  [ 768.7998   483.15063]
  [ 700.9985   595.0907 ]
  [ 639.1392   621.4382 ]
  [ 597.8345   618.59076]
  [ 618.4887   809.8673 ]
  [ 645.1674   974.8108 ]
  [ 677.48157  621.489  ]
  [ 692.0401   806.98474]
  [ 712.7245   983.54816]
  [ 600.84     262.4036 ]
  [ 624.48987  265.35263]
  [   0.         0.     ]
  [ 671.5564   277.16653]
  [ 656.8757  1030.6605 ]
  [ 680.3745  1030.6217 ]
  [ 724.5967  1001.32965]
  [ 595.0177  1024.7145 ]
  [ 589.1931  1015.91376]
  [ 659.81793  998.12524]]

 [[ 259.50455  318.26517]
  [ 221.26791  412.6384 ]
  [ 147.62675  409.52017]
  [   0.         0.     ]
  [   0.         0.     ]
  [ 294.8975   424.33783]
  [ 294.8872   533.3104 ]
  [   0.         0.     ]
  [ 227.18242  662.7525 ]
  [ 180.00471  659.8163 ]
  [ 153.60939  830.4827 ]
  [ 129.98557 1021.7929 ]
  [ 280.06586  665.64844]
  [ 265.2943   836.3962 ]
  [ 224.34908  998.36066]
  [ 233.0258   306.59805]
  [ 250.71356  300.67566]
  [ 180.1121   333.08975]
  [   0.         0.     ]
  [ 288.94742 1039.4719 ]
  [ 291.77213 1024.8096 ]
  [ 209.43414 1018.8082 ]
  [   0.         0.     ]
  [   0.         0.     ]
  [ 141.78276 1036.5471 ]]]