[[[789.1691  483.3369 ]
  [777.5671  509.79184]
  [745.15656 509.64758]
  [733.36804 553.88104]
  [765.782   568.5242 ]
  [809.77856 512.616  ]
  [824.63086 551.0246 ]
  [812.9962  580.4285 ]
  [783.3331  600.91266]
  [762.7694  600.933  ]
  [765.6965  668.6058 ]
  [768.70386 736.2006 ]
  [798.08026 600.9184 ]
  [795.15234 668.64606]
  [792.33154 727.4545 ]
  [786.1983  480.31085]
  [789.4519  480.38284]
  [765.83374 480.3338 ]
  [792.3597  483.08572]
  [801.0896  742.108  ]
  [810.01196 739.30164]
  [789.36926 736.3686 ]
  [774.54694 745.1004 ]
  [765.64496 742.33057]
  [771.6908  739.2839 ]]

 [[883.4302  503.66055]
  [883.363   530.20374]
  [859.8473  530.18677]
  [856.8865  571.5102 ]
  [868.72784 598.07965]
  [915.8638  530.3042 ]
  [910.0484  574.5401 ]
  [886.4134  600.7889 ]
  [883.4608  606.8851 ]
  [862.9495  603.9506 ]
  [860.08374 671.4499 ]
  [862.89325 727.50085]
  [907.0765  618.63336]
  [918.7175  689.1535 ]
  [927.70605 748.1447 ]
  [877.61774 497.87265]
  [886.4163  494.99533]
  [862.98425 503.74338]
  [904.10736 500.87076]
  [904.0565  759.7915 ]
  [909.94904 762.7121 ]
  [933.60016 762.68823]
  [859.9954  742.1853 ]
  [856.9817  739.2524 ]
  [868.7233  736.3155 ]]]