[[[597.82806 483.3532 ]
  [580.4325  521.4514 ]
  [553.69727 512.67255]
  [530.39417 556.823  ]
  [574.2865  574.32623]
  [618.60077 524.36835]
  [636.18353 559.754  ]
  [609.7661  574.3703 ]
  [580.3327  606.7949 ]
  [562.6788  606.7914 ]
  [571.5372  680.3532 ]
  [574.29517 742.3566 ]
  [600.92487 606.80414]
  [600.7947  677.48224]
  [597.9338  742.2668 ]
  [589.1095  480.36038]
  [598.0938  483.0932 ]
  [574.46106 483.23444]
  [603.8414  486.20517]
  [600.8788  762.65717]
  [603.9905  756.94965]
  [594.9598  751.0597 ]
  [574.5312  762.8154 ]
  [568.4662  762.73285]
  [574.3573  753.9799 ]]

 [[692.2371  503.82956]
  [694.92883 530.38165]
  [668.67194 530.3749 ]
  [656.81494 571.5484 ]
  [656.8872  601.1099 ]
  [727.5149  536.19055]
  [733.3689  586.1672 ]
  [718.5227  624.3699 ]
  [692.1256  618.621  ]
  [671.5721  618.54553]
  [671.5166  671.69104]
  [671.4162  736.28174]
  [715.7151  624.47235]
  [730.3771  695.1492 ]
  [739.2592  765.6939 ]
  [686.2414  500.84424]
  [698.00116 500.80038]
  [677.44916 503.84506]
  [718.61835 503.7985 ]
  [703.8955  765.7846 ]
  [715.65936 768.74896]
  [742.2296  771.6843 ]
  [668.5432  753.97156]
  [659.774   742.33936]
  [671.6108  739.3073 ]]]