[[[295.00934  500.7501  ]
  [324.26324  509.62372 ]
  [292.0218   512.61304 ]
  [288.8552   565.6148  ]
  [268.3246   603.9405  ]
  [362.46182  506.79898 ]
  [391.99826  553.7214  ]
  [412.52405  598.10144 ]
  [338.966    612.73615 ]
  [315.53522  615.61316 ]
  [315.41232  692.0819  ]
  [335.977    762.7685  ]
  [362.35968  609.8072  ]
  [353.71188  689.2767  ]
  [362.38168  765.79926 ]
  [294.7582   486.1803  ]
  [306.62943  486.16537 ]
  [  0.         0.      ]
  [327.14905  483.10434 ]
  [338.83344  786.34973 ]
  [344.9443   786.4248  ]
  [365.40076  777.5147  ]
  [315.44107  780.49304 ]
  [315.2743   771.69305 ]
  [339.06522  765.8328  ]]

 [[  0.         0.      ]
  [153.62645  524.341   ]
  [197.68233  524.3603  ]
  [215.38397  595.0335  ]
  [  0.         0.      ]
  [121.103806 524.354   ]
  [106.528435 580.3404  ]
  [112.360916 624.53424 ]
  [153.72122  645.09845 ]
  [180.14088  645.09845 ]
  [185.88663  724.5421  ]
  [185.93167  809.8715  ]
  [127.009575 644.9424  ]
  [130.05524  721.6315  ]
  [150.5072   812.9159  ]
  [  0.         0.      ]
  [  0.         0.      ]
  [177.2572   480.14108 ]
  [150.53531  483.14258 ]
  [153.51578  815.80444 ]
  [147.59064  815.7715  ]
  [150.51183  830.4816  ]
  [197.7034   815.7732  ]
  [206.55246  818.69135 ]
  [182.96016  815.8366  ]]]