[[[480.1317  456.70218]
  [500.87894 489.1226 ]
  [459.78058 491.99313]
  [456.81583 550.83484]
  [456.76736 597.9538 ]
  [530.4355  486.25165]
  [559.692   544.9452 ]
  [533.3315  597.8854 ]
  [500.82196 603.9329 ]
  [477.32812 603.9772 ]
  [483.11063 695.09985]
  [489.0756  783.3353 ]
  [524.29004 603.92426]
  [527.4245  692.125  ]
  [536.2013  780.4024 ]
  [477.19702 450.78107]
  [483.24426 450.8002 ]
  [  0.        0.     ]
  [506.645   453.80798]
  [518.51465 792.2983 ]
  [530.3136  795.1911 ]
  [547.8652  786.39813]
  [480.21246 795.1428 ]
  [477.253   792.2076 ]
  [503.64984 786.41736]]

 [[  0.        0.     ]
  [336.06265 506.79855]
  [377.21082 506.86057]
  [388.99734 580.44617]
  [400.83014 642.06287]
  [291.85803 506.69266]
  [268.40112 583.23334]
  [306.6328  609.7889 ]
  [327.15988 650.9146 ]
  [356.6636  648.11945]
  [362.6025  742.1754 ]
  [362.45142 836.42554]
  [294.78787 645.06104]
  [306.6083  739.1514 ]
  [318.3791  827.50305]
  [  0.        0.     ]
  [  0.        0.     ]
  [365.51532 462.53436]
  [324.326   459.59235]
  [389.05267 839.2834 ]
  [386.08755 836.45966]
  [315.44125 836.3046 ]
  [406.68927 839.3136 ]
  [394.93155 851.0679 ]
  [350.72537 854.0361 ]]]