[[[821.653   483.35654]
  [809.73236 521.4201 ]
  [774.5929  512.635  ]
  [759.72943 556.8851 ]
  [789.3866  574.30554]
  [836.2697  524.33167]
  [851.02484 565.569  ]
  [836.5368  600.9513 ]
  [806.88495 609.8032 ]
  [786.2531  609.794  ]
  [786.3096  683.336  ]
  [783.38727 745.1618 ]
  [821.7276  612.6749 ]
  [821.6299  677.5142 ]
  [815.77545 742.30945]
  [812.97565 480.36798]
  [827.6028  483.0818 ]
  [798.17896 483.1302 ]
  [  0.        0.     ]
  [821.6727  759.8923 ]
  [833.4357  756.88245]
  [812.77386 754.0126 ]
  [786.3731  762.8746 ]
  [774.577   762.78973]
  [786.18915 753.99695]]

 [[901.1723  503.8495 ]
  [912.93964 530.4431 ]
  [886.37744 530.33923]
  [880.425   574.3285 ]
  [883.4262  601.1016 ]
  [930.61145 533.3004 ]
  [927.67664 589.1014 ]
  [909.9397  621.45374]
  [912.9008  624.4476 ]
  [889.34076 621.4463 ]
  [880.5611  677.4335 ]
  [880.5285  739.1862 ]
  [927.62476 627.44916]
  [933.55115 701.0394 ]
  [951.12286 768.6658 ]
  [898.1774  500.90952]
  [904.1936  500.8581 ]
  [  0.        0.     ]
  [924.63934 503.8125 ]
  [915.87897 771.5876 ]
  [927.69507 780.4827 ]
  [954.1239  780.4543 ]
  [883.41156 759.8815 ]
  [871.7132  748.1135 ]
  [883.3466  742.19415]]]