[[[624.5601  359.61606]
  [662.7826  433.00888]
  [612.7092  433.09784]
  [598.0025  527.4534 ]
  [577.33997 606.8006 ]
  [712.76636 430.188  ]
  [742.1566  527.36395]
  [668.69946 606.84766]
  [644.99146 639.12665]
  [603.81866 633.2672 ]
  [603.9303  786.2646 ]
  [615.5827  924.6108 ]
  [677.45056 642.0941 ]
  [674.601   786.43677]
  [671.67004 927.6634 ]
  [624.3792  344.83612]
  [645.0761  344.9831 ]
  [  0.        0.     ]
  [674.616   365.36606]
  [630.4026  957.1167 ]
  [650.9733  962.89014]
  [686.28754 948.18475]
  [574.45337 954.15936]
  [571.4206  948.1719 ]
  [624.4272  933.63727]]]