[[[ 854.0172   374.2969 ]
  [ 818.75073  436.23276]
  [ 762.8311   433.24   ]
  [ 718.82056  521.3962 ]
  [ 801.06366  533.25824]
  [ 880.59     442.0222 ]
  [ 898.2418   527.47144]
  [ 883.3969   574.50323]
  [ 815.81415  624.44366]
  [ 783.3894   624.4309 ]
  [ 780.4536   762.7651 ]
  [ 771.6361   886.4121 ]
  [ 857.0198   624.48615]
  [ 856.87427  762.70996]
  [ 839.44025  880.6438 ]
  [ 836.43286  362.626  ]
  [ 859.83545  365.44406]
  [ 809.8203   368.46472]
  [   0.         0.     ]
  [ 839.41833  912.9539 ]
  [ 859.96106  909.9503 ]
  [ 836.2903   889.4195 ]
  [ 780.44824  921.73016]
  [ 762.75757  915.84076]
  [ 777.5392   901.19116]]

 [[1001.28625  409.6033 ]
  [1001.2964   477.29416]
  [ 951.30225  477.1944 ]
  [ 930.4688   550.95197]
  [ 977.5727   618.5605 ]
  [1054.182    474.40738]
  [1074.8435   553.76685]
  [   0.         0.     ]
  [1001.3545   642.06757]
  [ 971.6967   642.0633 ]
  [ 977.61383  768.6925 ]
  [ 998.28577  883.48224]
  [1045.257    642.06525]
  [1062.9678   768.6409 ]
  [1071.7397   892.2875 ]
  [ 992.331    403.72345]
  [1009.98566  394.93616]
  [ 971.7682   415.46704]
  [1021.85767  409.61188]
  [1074.798    930.6956 ]
  [1089.5605   927.7267 ]
  [1065.8617   904.0912 ]
  [ 974.74866  915.83154]
  [ 968.8398   907.01935]
  [1007.0537   895.2731 ]]

 [[1092.3325   377.2108 ]
  [1154.2456   444.91037]
  [1166.117    439.0915 ]
  [   0.         0.     ]
  [   0.         0.     ]
  [1139.5952   447.8537 ]
  [1110.0145   559.74805]
  [1033.582    603.8497 ]
  [1139.5752   683.32025]
  [1151.2997   683.33514]
  [1124.7849   851.1268 ]
  [1136.4918   974.807  ]
  [1133.6113   683.36084]
  [1142.5331   856.91394]
  [1151.3568  1004.09595]
  [   0.         0.     ]
  [1092.5519   365.35886]
  [1165.9991   380.1829 ]
  [1115.8782   368.3784 ]
  [1086.5876  1027.7968 ]
  [1101.2703  1042.4474 ]
  [1166.1304  1024.7137 ]
  [1089.3939   977.68286]
  [1092.4922   974.6539 ]
  [1136.6337   983.58246]]]