[[[353.6965  412.49747]
  [385.90845 462.65445]
  [338.81992 462.5921 ]
  [318.402   544.9571 ]
  [315.44858 609.75696]
  [433.0887  462.6581 ]
  [462.6495  539.12476]
  [433.058   615.56635]
  [374.29886 627.4782 ]
  [341.95142 630.33136]
  [356.6661  748.0915 ]
  [362.4267  857.0249 ]
  [409.4939  627.495  ]
  [424.30823 745.1159 ]
  [432.99994 856.84467]
  [344.95935 403.7493 ]
  [365.4489  406.65945]
  [  0.        0.     ]
  [392.06793 412.56573]
  [397.8463  880.35846]
  [412.6441  880.50604]
  [436.01114 862.8338 ]
  [338.8486  880.59125]
  [327.25415 877.4615 ]
  [368.41074 865.88654]]]