[[[756.93713 486.075  ]
  [742.10785 527.3104 ]
  [703.967   524.3317 ]
  [686.3174  574.37897]
  [718.73395 598.0448 ]
  [780.43353 530.14905]
  [792.2354  577.34644]
  [786.34796 621.45355]
  [739.24817 627.42194]
  [715.7091  624.6282 ]
  [715.77783 715.579  ]
  [715.6053  789.2261 ]
  [762.7486  627.524  ]
  [762.699   715.5368 ]
  [759.7706  786.41754]
  [745.2024  480.30505]
  [762.7726  483.06253]
  [736.24384 483.1514 ]
  [765.8065  486.15195]
  [762.7583  806.85297]
  [768.791   798.0793 ]
  [748.123   792.30273]
  [718.73456 809.8256 ]
  [709.7663  809.7894 ]
  [715.6704  795.1389 ]]

 [[854.0838  503.88937]
  [856.9836  545.0188 ]
  [827.5508  547.89526]
  [812.81854 594.96796]
  [809.9006  639.13055]
  [886.39453 545.0383 ]
  [883.3908  603.83325]
  [874.5732  653.8629 ]
  [856.89966 645.01654]
  [833.4677  644.92633]
  [833.36395 715.59906]
  [830.4579  783.4154 ]
  [880.50116 648.12524]
  [892.3031  739.2411 ]
  [906.89246 812.9343 ]
  [839.43787 500.90338]
  [859.8354  497.91574]
  [833.55853 506.6823 ]
  [877.6179  503.69537]
  [877.59985 830.3819 ]
  [883.5641  833.31683]
  [912.90894 830.3707 ]
  [810.00256 798.1383 ]
  [809.7663  789.34344]
  [833.50275 789.2141 ]]]