[[[862.93634 503.72192]
  [860.0928  530.45966]
  [839.4071  530.4412 ]
  [833.5443  574.32605]
  [833.36084 606.77203]
  [895.2867  533.28644]
  [895.28784 580.3883 ]
  [880.6531  621.4842 ]
  [859.99506 615.625  ]
  [848.13196 612.6898 ]
  [848.12695 671.67633]
  [839.4417  736.32544]
  [886.39166 624.445  ]
  [895.2399  692.2409 ]
  [904.1609  759.86566]
  [859.85406 497.9184 ]
  [871.7315  497.8655 ]
  [853.9988  503.8115 ]
  [886.4565  503.77658]
  [880.5735  762.8616 ]
  [886.4967  765.6869 ]
  [909.98096 765.7768 ]
  [836.394   748.06964]
  [833.3439  742.2521 ]
  [845.24164 742.07434]]

 [[783.3252  483.28366]
  [768.6804  521.438  ]
  [742.0966  512.67163]
  [718.7063  554.0066 ]
  [745.1983  583.32465]
  [801.0227  524.40607]
  [812.7925  562.6925 ]
  [806.90137 597.97845]
  [765.8437  603.8381 ]
  [748.1131  601.0561 ]
  [748.12244 671.4415 ]
  [748.04236 739.09314]
  [786.434   603.908  ]
  [786.1802  671.5153 ]
  [777.4791  739.1301 ]
  [771.6531  480.29663]
  [786.32166 480.35135]
  [762.7634  483.1856 ]
  [789.2798  486.12064]
  [780.4841  750.9769 ]
  [789.2942  745.20215]
  [768.7265  742.1971 ]
  [754.0112  748.1562 ]
  [742.2161  748.0609 ]
  [751.0503  742.1294 ]]]