[[[318.3032   486.24084 ]
  [362.35287  500.84274 ]
  [350.7717   503.69415 ]
  [383.15714  547.972   ]
  [  0.         0.      ]
  [365.34506  500.75314 ]
  [397.79623  539.1598  ]
  [388.8801   597.92285 ]
  [365.50775  603.8871  ]
  [365.5287   603.8863  ]
  [385.93948  686.272   ]
  [400.79114  748.1294  ]
  [365.49255  603.9549  ]
  [365.40442  686.2339  ]
  [365.6207   762.6688  ]
  [315.55453  483.1293  ]
  [318.3572   480.34998 ]
  [  0.         0.      ]
  [338.83707  471.4123  ]
  [333.07434  765.7675  ]
  [341.86044  768.806   ]
  [383.0539   765.83545 ]
  [341.8922   765.7619  ]
  [344.9119   765.64154 ]
  [412.56735  759.859   ]]

 [[124.15803  474.37085 ]
  [ 82.77524  509.631   ]
  [129.92105  506.8254  ]
  [156.45192  583.2184  ]
  [171.09549  606.8504  ]
  [ 32.981216 509.64258 ]
  [  0.         0.      ]
  [  0.         0.      ]
  [ 83.049126 647.9344  ]
  [121.19291  645.1358  ]
  [130.11967  718.66656 ]
  [129.91115  812.899   ]
  [ 56.34721  648.0636  ]
  [ 47.593613 727.4489  ]
  [ 32.901054 827.50775 ]
  [118.2268   462.56973 ]
  [  0.         0.      ]
  [103.58445  462.63272 ]
  [ 71.07632  468.48196 ]
  [  0.         0.      ]
  [  0.         0.      ]
  [ 35.849716 836.40656 ]
  [165.33887  815.82117 ]
  [159.46393  824.65735 ]
  [124.1759   830.5218  ]]]