[[[ 910.01263  456.7653 ]
  [ 903.9051   497.9037 ]
  [ 859.9771   489.13922]
  [ 836.4001   547.8479 ]
  [ 877.5662   574.4883 ]
  [ 933.56665  497.93466]
  [ 954.0214   550.8886 ]
  [ 948.1138   600.8442 ]
  [ 898.1737   606.771  ]
  [ 874.6022   603.911  ]
  [ 877.57196  694.98004]
  [ 868.7357   777.5412 ]
  [ 921.72156  609.7038 ]
  [ 921.73303  695.1216 ]
  [ 909.93054  774.5948 ]
  [ 904.2115   453.6586 ]
  [ 921.6829   453.68912]
  [ 886.39557  456.6438 ]
  [ 927.627    456.61566]
  [ 915.8781   792.1939 ]
  [ 930.5088   789.2831 ]
  [ 904.0837   786.24255]
  [ 880.36     795.1647 ]
  [ 860.0287   792.29193]
  [ 871.72485  786.3511 ]]

 [[1024.7949   477.28772]
  [1021.7259   515.5208 ]
  [ 989.4487   512.6247 ]
  [ 968.8215   556.8066 ]
  [ 995.25134  571.4051 ]
  [1054.2743   512.7    ]
  [   0.         0.     ]
  [   0.         0.     ]
  [1021.66174  621.49225]
  [ 998.25085  621.4549 ]
  [ 995.2827   698.021  ]
  [ 992.41956  774.58167]
  [1045.3568   624.40845]
  [1048.3207   698.0503 ]
  [1054.1986   768.8112 ]
  [1018.88873  468.49316]
  [   0.         0.     ]
  [1001.35864  477.35687]
  [   0.         0.     ]
  [   0.         0.     ]
  [   0.         0.     ]
  [1051.2404   777.5321 ]
  [ 974.7683   789.43176]
  [ 968.8404   786.4145 ]
  [ 998.33887  786.30096]]]