[[[153.69438  435.98154 ]
  [147.65845  480.34692 ]
  [ 77.07417  483.16788 ]
  [ 41.76237  595.0417  ]
  [ 62.39237  671.4706  ]
  [218.18079  480.16324 ]
  [241.83713  574.4691  ]
  [247.6347   648.13367 ]
  [162.32764  692.18494 ]
  [121.09464  695.14374 ]
  [126.93561  833.43097 ]
  [126.952965 962.94196 ]
  [203.64833  689.20593 ]
  [227.18768  810.0037  ]
  [218.35863  933.608   ]
  [141.79169  418.40125 ]
  [174.07303  415.56638 ]
  [115.34961  412.71097 ]
  [197.54253  412.5672  ]
  [274.3167   954.2308  ]
  [271.4043   951.06195 ]
  [197.80258  954.102   ]
  [147.61972  995.2321  ]
  [124.13304  995.34296 ]
  [126.95685  974.7731  ]]

 [[574.41077  436.27908 ]
  [639.1926   474.40872 ]
  [648.05084  468.48795 ]
  [653.9167   550.9075  ]
  [  0.         0.      ]
  [624.5057   477.35623 ]
  [650.94037  553.7439  ]
  [598.11316  621.3811  ]
  [651.06885  645.02893 ]
  [671.6251   642.0965  ]
  [671.43207  751.0093  ]
  [680.37317  859.8735  ]
  [636.2688   647.9274  ]
  [644.92633  768.7211  ]
  [686.2965   901.1519  ]
  [571.51953  432.98892 ]
  [577.544    430.24643 ]
  [  0.         0.      ]
  [618.61975  424.29965 ]
  [645.0488   907.14026 ]
  [648.12225  924.55975 ]
  [695.2245   909.9221  ]
  [639.19464  874.6547  ]
  [645.081    865.86926 ]
  [692.2059   860.0581  ]]]