[[[412.57507  447.84006 ]
  [436.0658   494.9528  ]
  [397.86258  489.15573 ]
  [389.05884  553.7561  ]
  [386.19757  594.9533  ]
  [477.35736  497.8861  ]
  [503.7327   559.6749  ]
  [465.5191   621.454   ]
  [418.47705  627.4042  ]
  [391.9556   624.53986 ]
  [389.1556   724.5496  ]
  [389.03143  827.48224 ]
  [447.81738  630.31757 ]
  [453.8081   730.38153 ]
  [439.15195  830.5048  ]
  [412.46826  436.20557 ]
  [427.24353  436.2516  ]
  [  0.         0.      ]
  [453.66388  450.85428 ]
  [415.55637  848.18823 ]
  [433.25565  853.92676 ]
  [444.9779   836.3926  ]
  [365.55307  845.21173 ]
  [362.51376  836.4223  ]
  [397.82877  836.2913  ]]

 [[153.5887   459.62088 ]
  [106.59726  506.8261  ]
  [ 82.85852  506.76373 ]
  [ 77.08324  577.47675 ]
  [130.06003  624.444   ]
  [  0.         0.      ]
  [  0.         0.      ]
  [  0.         0.      ]
  [106.5919   656.8206  ]
  [ 91.78536  656.8919  ]
  [100.47368  765.7169  ]
  [ 80.033585 901.1618  ]
  [144.74043  668.66486 ]
  [144.74823  786.32    ]
  [153.62253  904.0533  ]
  [147.71114  456.53247 ]
  [153.62236  456.86545 ]
  [109.47706  459.8175  ]
  [  0.         0.      ]
  [153.55232  910.0337  ]
  [147.66634  910.0063  ]
  [156.529    918.7919  ]
  [ 65.31944  930.4972  ]
  [ 74.108284 927.56476 ]
  [ 79.9679   909.98883 ]]]