[[[321.26328  468.48428 ]
  [338.93964  503.83234 ]
  [300.7317   503.777   ]
  [291.93546  550.8955  ]
  [280.07767  586.20374 ]
  [368.5067   503.8546  ]
  [406.60852  550.9241  ]
  [377.2044   597.8434  ]
  [338.8272   609.7414  ]
  [315.4128   609.71735 ]
  [318.38074  692.1576  ]
  [330.12646  765.68463 ]
  [359.50027  609.78265 ]
  [359.59952  692.05505 ]
  [362.63147  765.6319  ]
  [318.33734  459.7426  ]
  [333.08054  459.73755 ]
  [  0.         0.      ]
  [344.9851   462.6478  ]
  [350.72778  786.2581  ]
  [362.53693  783.4479  ]
  [365.37708  768.7848  ]
  [312.52103  786.3373  ]
  [309.51355  783.31396 ]
  [338.9434   771.672   ]]

 [[  0.         0.      ]
  [194.78877  524.3717  ]
  [238.91882  518.54694 ]
  [268.26663  594.9621  ]
  [  0.         0.      ]
  [144.69339  524.3024  ]
  [129.8699   583.3102  ]
  [153.48003  621.4045  ]
  [191.76567  648.01355 ]
  [221.13199  648.0369  ]
  [221.0927   739.12103 ]
  [206.57574  818.70386 ]
  [156.469    645.13824 ]
  [150.70401  724.534   ]
  [153.49318  812.9486  ]
  [  0.         0.      ]
  [  0.         0.      ]
  [221.12128  477.33557 ]
  [177.02373  480.3433  ]
  [162.37555  824.60913 ]
  [150.63982  821.6398  ]
  [153.4332   830.47797 ]
  [203.57903  830.4708  ]
  [218.32445  833.45245 ]
  [203.63715  833.3746  ]]

 [[127.05576  474.39996 ]
  [106.36883  512.6132  ]
  [ 82.882904 509.7932  ]
  [ 62.248894 568.4869  ]
  [103.57914  603.94867 ]
  [  0.         0.      ]
  [  0.         0.      ]
  [  0.         0.      ]
  [106.4711   627.42206 ]
  [ 88.877914 627.48206 ]
  [ 80.03687  715.7343  ]
  [ 59.374855 795.1532  ]
  [130.05229  627.5464  ]
  [  0.         0.      ]
  [  0.         0.      ]
  [115.32609  465.51923 ]
  [127.18203  465.49216 ]
  [ 91.792915 480.1147  ]
  [  0.         0.      ]
  [  0.         0.      ]
  [  0.         0.      ]
  [  0.         0.      ]
  [ 88.79205  812.794   ]
  [ 79.92591  812.9901  ]
  [ 56.296062 806.9092  ]]]