[[[762.6429  480.15784]
  [742.26965 509.71558]
  [712.7256  506.80927]
  [689.2428  556.7352 ]
  [718.74554 580.4303 ]
  [783.3336  512.6457 ]
  [789.4773  565.64874]
  [786.41766 601.0147 ]
  [742.0691  618.6031 ]
  [718.6304  618.5515 ]
  [718.5808  695.1459 ]
  [715.70557 768.6675 ]
  [762.82294 621.39197]
  [762.7404  695.0913 ]
  [759.881   768.6552 ]
  [751.0354  471.38803]
  [765.61395 471.4119 ]
  [739.0888  477.23883]
  [765.8677  477.32538]
  [762.7031  789.15045]
  [768.7143  786.2808 ]
  [751.0801  783.3562 ]
  [721.5855  789.25543]
  [712.68304 789.2243 ]
  [715.8222  780.475  ]]

 [[854.0174  492.04443]
  [856.9475  530.2697 ]
  [827.55884 530.369  ]
  [815.72595 577.3239 ]
  [815.8138  618.55896]
  [883.5319  530.3429 ]
  [880.42206 594.979  ]
  [862.919   642.16223]
  [854.0309  624.5384 ]
  [833.44556 624.3876 ]
  [827.6095  695.1328 ]
  [830.4894  765.70074]
  [880.5263  644.97003]
  [886.4793  721.65045]
  [904.186   801.0554 ]
  [839.43787 486.13425]
  [859.8522  483.3207 ]
  [833.5265  497.8575 ]
  [877.58246 489.1501 ]
  [874.6216  809.9154 ]
  [883.43994 812.79865]
  [910.00836 809.9235 ]
  [812.9721  786.22595]
  [809.9462  777.541  ]
  [833.52344 768.74927]]]