[[[712.7156  362.59604]
  [745.2242  436.02365]
  [698.0628  436.12885]
  [692.07227 536.1268 ]
  [671.43176 624.37744]
  [792.33405 433.22934]
  [830.4039  533.21454]
  [756.88696 621.44977]
  [736.3531  645.027  ]
  [695.2205  642.17633]
  [698.13    795.1283 ]
  [712.7676  930.64166]
  [768.6604  645.15564]
  [774.5974  801.05   ]
  [780.39685 951.0268 ]
  [706.9249  350.74   ]
  [724.518   356.657  ]
  [  0.        0.     ]
  [762.7757  368.43387]
  [736.20935 977.66406]
  [756.9508  977.812  ]
  [789.216   965.87177]
  [680.3805  962.9558 ]
  [671.49896 954.0234 ]
  [718.78064 951.1546 ]]]