[[[500.79895 339.02536]
  [530.202   412.5075 ]
  [480.2577  412.54678]
  [468.46594 506.7863 ]
  [444.95834 592.1154 ]
  [577.5125  412.49902]
  [615.6248  509.74484]
  [536.1963  597.81036]
  [506.8261  621.5033 ]
  [471.44495 621.41833]
  [480.22495 765.7609 ]
  [486.11908 906.95245]
  [550.76416 621.56635]
  [550.9695  765.8796 ]
  [550.76807 907.0678 ]
  [494.9712  327.1675 ]
  [512.64294 335.90878]
  [  0.        0.     ]
  [550.8097  347.85895]
  [506.7144  945.2672 ]
  [527.37585 945.2777 ]
  [556.7362  927.48615]
  [442.0426  945.2818 ]
  [439.08084 930.6217 ]
  [503.72177 924.63165]]]