[[[803.927   471.4259 ]
  [786.3619  506.8025 ]
  [745.2013  506.6049 ]
  [718.732   553.99506]
  [762.7465  586.2417 ]
  [824.6114  506.9139 ]
  [836.43414 565.5829 ]
  [833.3075  606.8344 ]
  [783.46576 621.36896]
  [759.9157  618.5636 ]
  [762.72485 703.99207]
  [756.8423  789.23486]
  [807.0072  621.44104]
  [809.6943  703.91437]
  [795.17645 786.38776]
  [789.46484 459.78275]
  [809.80084 459.81488]
  [774.6338  465.4917 ]
  [812.83673 465.58212]
  [801.0378  806.9699 ]
  [812.8558  801.0709 ]
  [789.2452  792.2483 ]
  [762.84106 809.91675]
  [745.23706 809.843  ]
  [756.94684 795.1725 ]]

 [[907.1535  486.2191 ]
  [904.19055 530.21295]
  [877.60724 530.1763 ]
  [856.9939  574.41425]
  [883.5412  597.87555]
  [939.4216  530.17523]
  [  0.        0.     ]
  [  0.        0.     ]
  [904.0725  624.55566]
  [880.6439  624.4956 ]
  [880.36755 715.55005]
  [880.3815  786.2854 ]
  [927.66046 627.50085]
  [933.4718  715.649  ]
  [974.65875 827.5196 ]
  [903.9194  483.2534 ]
  [  0.        0.     ]
  [886.36334 492.0165 ]
  [  0.        0.     ]
  [936.49725 833.32745]
  [951.11584 833.46173]
  [977.7279  833.4349 ]
  [859.97516 803.99786]
  [856.92255 792.3228 ]
  [883.4598  789.38965]]]