[[[880.5202  480.1908 ]
  [883.38165 512.6454 ]
  [856.9198  515.5549 ]
  [842.23737 553.97894]
  [842.27356 598.0525 ]
  [904.1633  512.6133 ]
  [889.3543  568.55133]
  [877.5671  601.0282 ]
  [883.50085 603.9028 ]
  [859.99023 600.9786 ]
  [857.0398  671.5961 ]
  [856.94586 739.10693]
  [906.9298  618.59467]
  [912.8655  695.2112 ]
  [927.7166  765.87225]
  [871.6642  477.20322]
  [886.4308  474.29358]
  [859.9248  483.08795]
  [906.96954 480.19696]
  [895.22833 771.6381 ]
  [906.9136  783.3374 ]
  [933.52094 780.4226 ]
  [845.2418  751.0326 ]
  [839.43756 742.32745]
  [857.11414 742.1566 ]]

 [[786.3619  459.76617]
  [771.64935 497.93216]
  [742.06586 491.98224]
  [718.6006  539.1188 ]
  [753.96454 565.58044]
  [809.8178  503.63614]
  [824.5962  545.02356]
  [812.8073  577.53937]
  [768.7153  592.12866]
  [748.16156 592.08936]
  [753.9425  668.5592 ]
  [748.1665  742.0789 ]
  [789.38684 595.00964]
  [789.4007  668.5573 ]
  [789.2411  739.2614 ]
  [780.5     456.7339 ]
  [789.30566 459.5108 ]
  [762.94305 459.55615]
  [795.14844 459.82083]
  [795.19366 753.9958 ]
  [809.77734 748.0643 ]
  [786.253   742.3484 ]
  [762.7174  759.8605 ]
  [745.2512  759.81433]
  [753.9714  745.1565 ]]]