[[[856.9557  456.54034]
  [848.1125  503.78442]
  [809.80554 500.89157]
  [786.3756  559.69446]
  [801.1014  615.5971 ]
  [886.40466 506.63058]
  [903.90405 559.7153 ]
  [886.48926 609.72437]
  [845.2091  630.37823]
  [815.86115 630.4049 ]
  [812.73474 724.55896]
  [809.7994  801.0153 ]
  [874.65234 630.3658 ]
  [874.6059  730.476  ]
  [860.11084 830.4811 ]
  [848.11285 442.04086]
  [860.0544  444.89764]
  [833.4588  456.55466]
  [877.50116 456.64014]
  [877.6276  857.0883 ]
  [883.5905  856.8401 ]
  [856.8918  836.2762 ]
  [812.8119  833.30426]
  [798.07776 827.54584]
  [809.86237 806.92365]]

 [[365.33752 503.85782]
  [383.15286 512.6785 ]
  [344.96292 509.79166]
  [318.53583 551.0023 ]
  [342.06412 530.4156 ]
  [412.4675  512.69995]
  [433.20508 559.7128 ]
  [409.6854  597.9731 ]
  [371.3514  609.7017 ]
  [353.67334 606.8413 ]
  [356.6529  683.3301 ]
  [356.5832  751.06433]
  [391.96924 609.74506]
  [403.74786 680.42267]
  [406.69363 745.19885]
  [362.41525 500.77704]
  [368.39697 500.78073]
  [  0.        0.     ]
  [386.1968  492.05212]
  [391.9887  762.8248 ]
  [409.46085 762.83014]
  [406.67545 756.962  ]
  [353.69858 765.74725]
  [341.88623 765.62885]
  [362.43594 759.87415]]]