[[[ 936.446    456.71307]
  [ 924.5584   497.8821 ]
  [ 880.6338   489.13123]
  [ 857.01337  550.87683]
  [ 901.1483   577.47284]
  [ 954.2771   497.9585 ]
  [ 977.5613   550.8553 ]
  [ 974.58636  600.8183 ]
  [ 924.5809   612.6685 ]
  [ 898.13727  612.6542 ]
  [ 901.011    703.9875 ]
  [ 892.2543   792.339  ]
  [ 948.1808   612.6634 ]
  [ 950.99603  701.04895]
  [ 945.26825  789.4219 ]
  [ 930.44226  450.77383]
  [ 945.3175   450.76086]
  [ 907.0903   456.5644 ]
  [   0.         0.     ]
  [ 939.3997   812.81366]
  [ 954.1662   809.9896 ]
  [ 933.584    803.9893 ]
  [ 903.9706   812.9408 ]
  [ 883.5443   812.9194 ]
  [ 895.27966  806.93195]]

 [[1048.3596   474.31607]
  [1045.4229   512.63495]
  [1018.861    512.5845 ]
  [1001.1288   571.3826 ]
  [1045.4734   536.25183]
  [1080.7103   515.5299 ]
  [   0.         0.     ]
  [   0.         0.     ]
  [1045.4358   624.5798 ]
  [1024.7416   624.5916 ]
  [1021.8587   715.7073 ]
  [1021.91785  789.42566]
  [1068.9563   627.418  ]
  [1074.8789   715.601  ]
  [1092.473    789.4182 ]
  [1042.4341   462.66483]
  [1057.1073   462.57864]
  [1024.8381   477.2585 ]
  [   0.         0.     ]
  [   0.         0.     ]
  [   0.         0.     ]
  [1092.4319   795.19226]
  [1001.3459   809.9946 ]
  [ 998.2654   806.9729 ]
  [1030.6147   803.9715 ]]

 [[   0.         0.     ]
  [1119.0032   506.85123]
  [1136.5623   506.6221 ]
  [1118.9467   565.60065]
  [   0.         0.     ]
  [1110.0685   512.5882 ]
  [1095.4705   580.3149 ]
  [1089.476    645.1144 ]
  [1118.9722   651.04156]
  [1130.6659   650.9984 ]
  [1116.0208   754.01447]
  [1127.7601   836.31964]
  [1112.9761   651.00165]
  [1116.0475   748.0273 ]
  [1133.6404   842.235  ]
  [   0.         0.     ]
  [   0.         0.     ]
  [   0.         0.     ]
  [1092.4606   459.83926]
  [1092.4073   842.2737 ]
  [1098.3579   851.05566]
  [1139.5247   854.0972 ]
  [1095.5363   836.47095]
  [   0.         0.     ]
  [1139.565    848.11804]]]