[[[362.64404 503.83905]
  [383.13712 512.6909 ]
  [344.9302  509.7914 ]
  [318.53262 551.0069 ]
  [342.055   533.2028 ]
  [412.46616 512.70874]
  [433.19238 559.7259 ]
  [409.5994  598.0042 ]
  [371.37985 606.81757]
  [353.686   606.77313]
  [356.66052 683.3488 ]
  [353.73383 751.0669 ]
  [391.9892  606.84625]
  [403.7032  680.345  ]
  [409.44772 745.169  ]
  [362.36417 500.76645]
  [365.63272 500.74744]
  [  0.        0.     ]
  [386.14853 491.9958 ]
  [391.94113 762.8431 ]
  [406.6944  762.8525 ]
  [409.47476 756.92206]
  [350.731   765.69507]
  [341.8373  762.8848 ]
  [362.4003  759.8824 ]]

 [[  0.        0.     ]
  [765.80096 527.23584]
  [798.14923 527.19305]
  [824.55884 571.4316 ]
  [809.73145 601.06537]
  [739.11676 527.17554]
  [718.6685  574.2779 ]
  [730.3665  609.7746 ]
  [765.8954  624.401  ]
  [789.1722  624.4018 ]
  [786.29846 698.16907]
  [783.3722  780.40546]
  [748.10657 624.3982 ]
  [762.64636 701.044  ]
  [765.88605 783.44385]
  [  0.        0.     ]
  [  0.        0.     ]
  [777.4999  486.20984]
  [742.2616  492.033  ]
  [745.23724 792.2022 ]
  [751.07587 792.30927]
  [774.592   789.3643 ]
  [751.08887 789.2464 ]
  [765.6991  786.30457]
  [786.3905  786.3967 ]]]