[[[724.56946 486.1527 ]
  [715.7871  521.4839 ]
  [689.1573  515.60474]
  [668.57336 556.86224]
  [692.1879  589.1016 ]
  [742.3477  524.3271 ]
  [762.70715 559.7221 ]
  [742.14496 595.0451 ]
  [715.66473 606.8633 ]
  [695.0064  606.79834]
  [695.217   674.5177 ]
  [695.25385 742.15594]
  [736.1989  609.7634 ]
  [727.4751  674.49066]
  [721.5861  739.35046]
  [718.7634  483.1319 ]
  [733.4124  483.1981 ]
  [712.6509  483.36206]
  [736.2204  486.24002]
  [724.5337  756.92487]
  [739.21643 751.00903]
  [718.6915  745.18585]
  [698.1817  759.8646 ]
  [692.2701  759.76025]
  [698.10864 748.07556]]

 [[806.8838  506.60114]
  [812.8913  530.44586]
  [789.25464 530.43164]
  [783.3673  574.5008 ]
  [774.5889  609.789  ]
  [845.21106 536.15753]
  [842.31555 589.12494]
  [833.475   624.5763 ]
  [812.79767 621.55115]
  [792.1941  621.4538 ]
  [789.4125  677.42267]
  [789.3784  739.141  ]
  [833.46515 624.545  ]
  [839.30457 692.25024]
  [856.90137 762.6932 ]
  [795.19116 503.715  ]
  [809.92035 503.6964 ]
  [  0.        0.     ]
  [833.37994 503.77664]
  [830.44696 765.78253]
  [836.39514 768.68286]
  [859.97595 765.8879 ]
  [783.33716 751.0621 ]
  [774.57275 742.3439 ]
  [792.366   742.1247 ]]]