[[[265.39432 456.7991 ]
  [280.06784 500.7299 ]
  [244.7655  494.99298]
  [227.20918 550.8487 ]
  [224.15776 597.8357 ]
  [318.33008 500.7514 ]
  [344.834   550.9141 ]
  [315.4574  600.9297 ]
  [271.31595 618.5011 ]
  [247.72614 615.688  ]
  [250.6891  695.26465]
  [259.45068 786.2111 ]
  [294.9037  618.5345 ]
  [294.97064 698.0974 ]
  [303.6616  786.22705]
  [262.39407 453.65442]
  [271.2503  453.73773]
  [  0.        0.     ]
  [291.95282 456.7519 ]
  [297.7905  801.07336]
  [312.50128 795.1708 ]
  [303.6563  789.3361 ]
  [241.76816 806.9111 ]
  [230.0399  795.22565]
  [268.23804 789.442  ]]]