[[[ 639.23706  271.31418]
  [ 668.5035   403.67474]
  [ 574.4635   389.11752]
  [ 494.95612  509.74387]
  [ 474.2833   456.699  ]
  [ 759.87933  409.69733]
  [ 771.702    574.54474]
  [ 715.83673  689.1274 ]
  [ 621.6192   706.9007 ]
  [ 562.6744   700.96246]
  [ 568.5054   927.522  ]
  [ 583.25574 1074.8741 ]
  [ 680.38275  715.6537 ]
  [ 692.1458   924.6713 ]
  [ 698.1323  1074.8798 ]
  [ 627.3546   256.5468 ]
  [ 668.5468   259.4863 ]
  [   0.         0.     ]
  [ 715.8375   291.81046]
  [   0.         0.     ]
  [   0.         0.     ]
  [ 706.8876  1074.9109 ]
  [ 577.3654  1074.901  ]
  [   0.         0.     ]
  [ 592.1333  1074.8995 ]]]