[[[412.49683 459.76108]
  [436.00742 506.83725]
  [394.92642 506.64243]
  [388.9346  568.5218 ]
  [385.9605  609.73175]
  [477.2771  509.67255]
  [500.84457 574.492  ]
  [462.71436 630.32043]
  [415.5897  645.06323]
  [389.1327  642.1466 ]
  [389.0402  742.1348 ]
  [388.88528 839.31866]
  [444.90445 645.17346]
  [453.7142  742.16425]
  [441.94016 836.43604]
  [409.72723 456.6634 ]
  [424.3263  456.7952 ]
  [  0.        0.     ]
  [453.68597 462.6002 ]
  [415.5647  857.0935 ]
  [436.02374 859.8653 ]
  [450.75766 851.0306 ]
  [362.58994 859.92035]
  [359.61508 856.86554]
  [394.92773 854.0711 ]]

 [[241.81639 480.085  ]
  [191.85994 527.46106]
  [244.71748 527.328  ]
  [265.4121  621.5443 ]
  [268.235   653.9097 ]
  [135.93657 530.1917 ]
  [124.09803 624.37274]
  [156.482   656.8897 ]
  [177.2272  695.19214]
  [218.29796 695.1658 ]
  [212.40979 804.03766]
  [221.35582 909.91815]
  [144.70059 689.20575]
  [144.706   801.04553]
  [153.54002 915.8367 ]
  [238.92839 465.4897 ]
  [  0.        0.     ]
  [221.35657 468.4381 ]
  [174.22462 480.1286 ]
  [  0.        0.     ]
  [  0.        0.     ]
  [153.63435 930.59985]
  [265.42114 918.81995]
  [262.457   924.71277]
  [218.23877 927.68005]]]