[[[ 786.30634  383.13275]
  [ 833.34906  453.81265]
  [ 780.4452   459.6049 ]
  [ 765.7065   553.7876 ]
  [ 748.11273  639.1101 ]
  [ 883.48883  439.16412]
  [ 933.4631   524.2946 ]
  [ 921.7455   603.96423]
  [ 830.4052   645.06995]
  [ 789.25946  645.1175 ]
  [ 792.27576  786.42975]
  [ 812.7847   907.02673]
  [ 860.054    645.0915 ]
  [ 868.73804  783.3471 ]
  [ 883.4657   912.968  ]
  [ 783.336    371.32025]
  [ 795.123    365.60547]
  [   0.         0.     ]
  [ 833.4166   374.34885]
  [ 859.975    954.03   ]
  [ 883.45404  951.22186]
  [ 886.40045  927.67065]
  [ 771.5996   939.40594]
  [ 768.7049   930.4569 ]
  [ 827.58374  924.60077]]

 [[ 644.9989   409.61703]
  [ 662.7248   480.31418]
  [ 603.8836   465.61594]
  [ 530.1917   459.69714]
  [ 456.7928   427.29495]
  [ 715.8067   494.90878]
  [ 733.42035  577.32294]
  [ 715.7547   647.90283]
  [ 630.3151   665.648  ]
  [ 597.9175   656.88855]
  [ 598.0806   786.40375]
  [ 600.91925  895.2327 ]
  [ 668.6726   668.687  ]
  [ 671.596    786.4603 ]
  [ 683.2819   903.9902 ]
  [ 642.1105   397.8802 ]
  [ 656.8074   403.68683]
  [   0.         0.     ]
  [ 692.01483  415.44424]
  [ 689.12286  930.61993]
  [ 698.1265   927.6217 ]
  [ 674.4893   907.1523 ]
  [ 556.8323   927.5389 ]
  [ 556.764    912.94574]
  [ 615.6152   904.21173]]

 [[ 998.20825  315.44427]
  [1045.3433   388.94348]
  [ 977.6963   397.87656]
  [ 954.21045  500.9001 ]
  [ 974.7314   574.32404]
  [1107.166    380.18826]
  [1139.3601   492.00046]
  [1045.4409   574.52   ]
  [1045.451    621.5956 ]
  [1001.15924  621.58636]
  [1024.6232   792.2333 ]
  [1036.5522   951.13715]
  [1092.4504   621.57745]
  [1107.1802   792.18756]
  [1118.9232   957.0031 ]
  [ 995.19305  300.6922 ]
  [1013.0159   297.78143]
  [   0.         0.     ]
  [1051.3121   312.40872]
  [1092.4398  1001.2343 ]
  [1116.0079  1001.18726]
  [1121.9714   974.6706 ]
  [1018.89465  995.2727 ]
  [1001.19525  980.7114 ]
  [1048.2947   965.8515 ]]]