[[[ 271.31714  412.56567]
  [ 224.20819  471.46655]
  [ 194.65923  468.4506 ]
  [ 177.18272  595.03705]
  [ 218.30344  686.2925 ]
  [ 262.40863  477.21347]
  [ 280.13232  571.4544 ]
  [ 318.46625  633.2884 ]
  [ 247.74413  692.1711 ]
  [ 224.25912  695.06854]
  [ 265.39072  839.40015]
  [ 247.69681  998.35547]
  [ 271.26715  689.2362 ]
  [ 297.74164  804.0276 ]
  [ 197.7417   939.4146 ]
  [ 256.56616  394.8751 ]
  [ 285.99548  400.738  ]
  [ 215.38141  391.94244]
  [   0.         0.     ]
  [ 238.93703  960.02216]
  [ 238.93192  951.2483 ]
  [ 174.1181   951.16925]
  [ 327.2348  1021.7268 ]
  [ 306.589   1024.8513 ]
  [ 227.16614 1018.8244 ]]

 [[   0.         0.     ]
  [ 491.98462  409.68915]
  [ 571.42395  400.79367]
  [ 618.47784  506.8629 ]
  [ 677.46924  621.62366]
  [ 412.5206   415.53574]
  [ 365.61804  539.11755]
  [ 436.06735  571.3881 ]
  [ 503.9146   668.5432 ]
  [ 556.79675  665.67725]
  [ 621.4679   824.57465]
  [ 571.44196 1004.2015 ]
  [ 456.64142  668.6153 ]
  [ 477.24835  853.9838 ]
  [ 480.36777 1048.3431 ]
  [   0.         0.     ]
  [   0.         0.     ]
  [ 547.8545   338.94287]
  [ 462.68463  341.9858 ]
  [ 494.93802 1048.3274 ]
  [ 471.44247 1074.8219 ]
  [ 483.12286 1074.8289 ]
  [ 618.48004 1042.3918 ]
  [ 612.7317  1042.341  ]
  [ 553.80664 1021.88873]]]