[[[1018.77466  450.80472]
  [1021.75885  503.75348]
  [ 977.6422   503.8341 ]
  [ 951.23083  574.3833 ]
  [ 983.603    562.6787 ]
  [1065.8625   503.77283]
  [1077.7827   562.6665 ]
  [1042.4496   565.5525 ]
  [1018.9135   645.10474]
  [ 992.33026  645.09247]
  [ 998.3078   748.0354 ]
  [1018.8315   853.95325]
  [1045.4158   645.153  ]
  [1065.8511   745.136  ]
  [1074.8601   853.9449 ]
  [1001.2644   441.96725]
  [1021.8458   436.25632]
  [ 989.44934  456.69653]
  [1030.7047   453.69543]
  [1080.6556   886.4564 ]
  [1089.4824   883.4066 ]
  [1071.8278   859.9032 ]
  [ 992.3188   877.57556]
  [ 983.5661   865.851  ]
  [1024.7284   859.86414]]

 [[ 889.3367   430.2192 ]
  [ 865.7879   477.21207]
  [ 815.8168   468.49133]
  [ 789.2699   539.13446]
  [ 848.1946   577.45557]
  [ 915.8662   477.34644]
  [ 933.54895  547.90704]
  [ 930.5126   606.87054]
  [ 862.9321   621.59045]
  [ 833.4747   621.5604 ]
  [ 833.37537  739.20404]
  [ 827.475    851.03455]
  [ 901.1431   621.6403 ]
  [ 895.18567  739.13837]
  [ 883.466    839.44037]
  [ 880.61444  415.46448]
  [ 901.1195   415.5202 ]
  [ 857.00116  415.58374]
  [   0.         0.     ]
  [ 883.4828   874.6789 ]
  [ 903.92426  868.746  ]
  [ 877.61615  856.93445]
  [ 833.4725   880.397  ]
  [ 812.9538   877.489  ]
  [ 827.578    859.8508 ]]

 [[1092.519    436.1415 ]
  [1119.0594   474.39432]
  [1124.7991   471.37848]
  [1112.9812   562.6785 ]
  [   0.         0.     ]
  [1121.9441   477.2809 ]
  [1042.4315   433.2225 ]
  [1095.4382   430.2572 ]
  [1107.2034   665.6817 ]
  [1095.4445   665.6148 ]
  [1110.0746   809.8708 ]
  [1121.9402   912.895  ]
  [1116.0725   668.5373 ]
  [1124.7845   812.8013 ]
  [1136.6492   930.6232 ]
  [   0.         0.     ]
  [1089.4124   430.13217]
  [   0.         0.     ]
  [1110.0665   424.33585]
  [1083.6022   948.25714]
  [1095.402    954.1214 ]
  [1142.627    950.99603]
  [1083.5881   921.7092 ]
  [1089.4855   909.9929 ]
  [1133.6896   924.72003]]]