[[[ 692.2811   503.8409 ]
  [ 695.0361   533.26465]
  [ 668.6222   533.31537]
  [ 650.951    577.28625]
  [ 656.81647  612.6909 ]
  [ 718.7936   533.288  ]
  [ 739.2134   571.5396 ]
  [ 727.5066   603.91943]
  [ 692.2775   621.5051 ]
  [ 674.4834   621.51184]
  [ 674.449    680.34955]
  [ 674.458    742.0893 ]
  [ 712.73254  621.4965 ]
  [ 715.5427   677.4724 ]
  [ 715.6964   742.0989 ]
  [ 692.0058   500.839  ]
  [ 695.2146   500.81836]
  [ 680.3649   503.87524]
  [ 709.75037  503.79745]
  [ 715.6296   759.74567]
  [ 718.81006  756.84796]
  [ 712.81604  745.1629 ]
  [ 665.7217   756.90564]
  [ 656.8875   748.07495]
  [ 683.37134  745.16113]]

 [[ 453.67123  503.68402]
  [ 421.36536  515.54974]
  [ 409.72208  506.83444]
  [ 433.09833  553.7693 ]
  [ 453.80954  577.3364 ]
  [ 433.21362  524.3777 ]
  [ 436.1412   562.674  ]
  [ 444.90363  589.1483 ]
  [ 409.57645  603.8901 ]
  [ 389.072    601.093  ]
  [ 380.22955  671.6742 ]
  [ 359.50662  742.3397 ]
  [ 424.3557   603.9747 ]
  [ 415.50305  680.4305 ]
  [ 409.7515   742.32697]
  [ 444.96933  492.05588]
  [ 456.57162  497.8301 ]
  [ 432.98996  486.14752]
  [   0.         0.     ]
  [ 433.0266   762.6962 ]
  [ 433.13928  759.7536 ]
  [ 403.76425  753.9908 ]
  [ 362.4572   765.65796]
  [ 344.8906   762.8498 ]
  [ 356.6643   750.974  ]]

 [[1068.9266   377.23682]
  [1163.2134   430.14014]
  [1236.6312   427.3183 ]
  [1283.6945   562.63727]
  [1292.6458   665.6716 ]
  [1092.3462   430.10938]
  [1045.4691   556.78815]
  [ 992.3721   568.5498 ]
  [1180.6932   698.08887]
  [1233.7217   698.0749 ]
  [1174.8453   880.5802 ]
  [1168.9257  1045.2987 ]
  [1118.9987   703.9469 ]
  [1071.7704   877.6087 ]
  [1174.8964  1048.3707 ]
  [   0.         0.     ]
  [1068.789    365.49524]
  [1154.2802   342.08554]
  [1086.4799   359.47852]
  [1195.4312  1074.8918 ]
  [1201.3416  1074.8914 ]
  [1195.4541  1060.1056 ]
  [1151.3076  1074.8016 ]
  [   0.         0.     ]
  [1183.7218  1060.094  ]]]