[[[ 915.824    436.15414]
  [ 898.1975   480.32602]
  [ 854.02936  480.20352]
  [ 827.5331   547.85095]
  [ 877.5902   577.4293 ]
  [ 939.4439   480.37228]
  [ 957.0831   547.8465 ]
  [ 954.14124  601.05505]
  [ 898.2243   618.58673]
  [ 865.773    618.57306]
  [ 868.7586   721.6747 ]
  [ 865.8454   824.6196 ]
  [ 927.54913  618.57117]
  [ 927.53296  721.6656 ]
  [ 924.6871   821.63654]
  [ 906.95575  430.26755]
  [ 924.67     433.00098]
  [ 883.4634   433.125  ]
  [   0.         0.     ]
  [ 921.7138   845.1725 ]
  [ 930.7152   839.40424]
  [ 915.8459   833.4456 ]
  [ 877.5426   848.17194]
  [ 857.0973   842.3489 ]
  [ 874.5821   833.53894]]

 [[1048.2828   456.676  ]
  [1048.3638   503.76392]
  [1018.76556  503.87573]
  [ 992.32446  562.62695]
  [1030.6271   556.7161 ]
  [1107.1188   500.77658]
  [1101.3241   580.4164 ]
  [1092.3085   659.7395 ]
  [1048.3126   636.28046]
  [1024.8143   636.2268 ]
  [1027.6976   733.3748 ]
  [1045.1696   821.684  ]
  [1074.7482   639.16235]
  [1092.3678   730.3799 ]
  [1098.3273   818.70215]
  [1036.5254   453.692  ]
  [1054.2108   442.026  ]
  [1024.7025   459.5891 ]
  [1089.4608   439.0665 ]
  [   0.         0.     ]
  [   0.         0.     ]
  [1095.3477   830.49567]
  [1021.6828   848.1709 ]
  [1015.9416   836.50226]
  [1048.3367   833.393  ]]]