[[[394.9767  459.67038]
  [412.6092  503.64102]
  [383.13074 500.8492 ]
  [374.32858 550.85114]
  [362.44128 580.3258 ]
  [450.8665  503.71014]
  [474.3871  553.9096 ]
  [442.00162 603.8777 ]
  [406.72144 612.68164]
  [385.98807 609.78534]
  [389.1315  695.1199 ]
  [400.76245 768.7381 ]
  [430.1647  612.73083]
  [435.99313 695.10016]
  [444.903   771.7032 ]
  [391.95892 456.62576]
  [409.50717 456.69986]
  [  0.        0.     ]
  [430.20358 459.6313 ]
  [430.20462 789.33887]
  [439.1053  789.3257 ]
  [453.7421  783.43756]
  [383.02304 789.42   ]
  [374.27658 786.41693]
  [409.6522  780.50635]]]