[[[789.3265  456.54858]
  [780.4591  483.3102 ]
  [742.24036 483.1253 ]
  [718.8105  530.3073 ]
  [759.7868  553.91956]
  [812.78125 486.17514]
  [830.3697  533.32605]
  [812.8532  577.2841 ]
  [774.606   583.23444]
  [754.0143  580.37866]
  [759.78424 665.6584 ]
  [751.065   739.2352 ]
  [795.18225 583.33527]
  [792.34985 665.5848 ]
  [789.4017  739.07764]
  [786.3116  444.95798]
  [792.35614 447.83908]
  [765.80237 453.68674]
  [806.8028  456.5833 ]
  [798.1675  748.0735 ]
  [809.91675 742.3431 ]
  [786.35834 742.13995]
  [765.6854  756.85516]
  [751.0907  756.83997]
  [753.95905 742.259  ]]

 [[886.4736  468.4341 ]
  [883.38257 503.8981 ]
  [859.8165  503.82602]
  [848.10583 547.98157]
  [854.0263  586.2181 ]
  [921.7369  506.6319 ]
  [910.0749  559.76794]
  [901.09454 603.9263 ]
  [880.6104  597.8787 ]
  [862.8146  597.8296 ]
  [859.8996  665.728  ]
  [859.8036  730.47565]
  [907.0181  601.0471 ]
  [921.669   689.15   ]
  [930.5135  762.6866 ]
  [880.5899  462.55246]
  [895.2825  459.76935]
  [865.89557 471.3708 ]
  [912.86725 462.7096 ]
  [898.19476 765.67914]
  [906.96136 768.7289 ]
  [939.41473 768.65045]
  [842.3156  745.14734]
  [836.48694 742.086  ]
  [862.91064 739.2063 ]]]