[[[680.3857  506.6082 ]
  [689.0998  533.28864]
  [659.7737  536.18506]
  [642.0542  574.4213 ]
  [648.1872  601.0774 ]
  [715.55054 530.4247 ]
  [730.4314  568.48694]
  [718.72595 597.8847 ]
  [692.08374 621.3989 ]
  [671.5369  621.477  ]
  [674.58014 677.5132 ]
  [683.33246 739.2508 ]
  [709.7437  618.64154]
  [712.8218  674.4708 ]
  [715.7227  739.27136]
  [671.6628  503.71863]
  [689.1245  503.64874]
  [668.5587  506.72818]
  [695.0005  503.8828 ]
  [715.61865 753.94116]
  [721.5552  748.1343 ]
  [715.6157  742.2343 ]
  [677.41797 748.1185 ]
  [668.7188  745.08716]
  [689.27924 742.19147]]

 [[374.24585 483.36963]
  [374.30267 512.6022 ]
  [341.8295  509.7174 ]
  [318.29117 553.8158 ]
  [342.08438 547.8759 ]
  [409.63443 512.68787]
  [433.06946 556.88055]
  [412.46136 595.01996]
  [368.53354 609.70844]
  [350.69278 609.7266 ]
  [353.66507 686.2134 ]
  [356.62268 751.03644]
  [391.9674  606.85   ]
  [400.78693 677.4387 ]
  [406.70804 742.36816]
  [365.5788  480.36047]
  [383.15985 480.37848]
  [362.42316 480.37387]
  [389.09686 483.2099 ]
  [391.96246 762.8265 ]
  [409.48468 762.79126]
  [409.46375 754.02264]
  [356.5661  765.71625]
  [341.9481  765.6105 ]
  [362.4801  759.8439 ]]]