[[[674.4684  506.71594]
  [695.12726 530.29364]
  [668.72644 530.4115 ]
  [653.973   571.45197]
  [680.4224  553.7029 ]
  [718.7363  530.2189 ]
  [739.3582  571.41266]
  [721.65454 600.998  ]
  [700.9553  621.4222 ]
  [689.2378  621.5407 ]
  [692.19305 686.2111 ]
  [700.95105 742.2131 ]
  [718.55365 618.5902 ]
  [721.6159  677.44934]
  [736.3382  742.1908 ]
  [671.5632  503.8467 ]
  [680.36646 503.72797]
  [  0.        0.     ]
  [695.1739  503.74283]
  [721.6363  759.8422 ]
  [736.3158  759.87225]
  [739.1092  745.2586 ]
  [692.13574 759.77783]
  [689.16974 751.0139 ]
  [712.65454 748.0413 ]]

 [[365.33914 506.60544]
  [383.10132 515.5574 ]
  [344.83713 512.6049 ]
  [318.46936 553.6912 ]
  [344.83646 533.2375 ]
  [412.46188 515.5314 ]
  [433.176   559.7708 ]
  [409.62753 597.9499 ]
  [371.3733  609.7145 ]
  [353.6761  606.8567 ]
  [359.46094 683.3434 ]
  [356.60785 748.1612 ]
  [391.98462 609.74146]
  [403.69235 677.5176 ]
  [406.72488 742.3622 ]
  [362.38635 500.89282]
  [368.3994  500.85632]
  [  0.        0.     ]
  [386.2009  492.0747 ]
  [391.99628 762.782  ]
  [409.51755 762.773  ]
  [409.46478 754.0127 ]
  [353.72232 765.65515]
  [341.91922 762.8768 ]
  [362.43228 759.7949 ]]]