[[[  0.        0.     ]
  [771.59125 512.70135]
  [806.9502  506.88666]
  [836.48724 550.79333]
  [824.62665 589.1274 ]
  [739.33124 518.5069 ]
  [733.38324 571.4841 ]
  [739.25854 606.7636 ]
  [783.3574  621.61176]
  [806.83295 621.5112 ]
  [803.9804  698.04803]
  [804.01794 780.41095]
  [762.63965 624.3874 ]
  [762.85724 701.01746]
  [768.63806 786.4211 ]
  [  0.        0.     ]
  [742.1403  483.28036]
  [783.3738  480.22122]
  [745.18    483.22537]
  [762.8979  789.39514]
  [759.81805 792.22314]
  [771.6183  792.33344]
  [792.2021  786.39197]
  [809.7583  786.41125]
  [803.9929  786.4636 ]]

 [[365.32462 503.88687]
  [383.14264 515.5378 ]
  [344.9308  512.5945 ]
  [321.2719  550.99536]
  [344.92032 533.20575]
  [412.47073 515.54614]
  [433.19528 559.7692 ]
  [409.70242 598.0065 ]
  [371.3945  606.80975]
  [353.70697 606.76447]
  [356.67715 683.3323 ]
  [356.57547 753.9342 ]
  [391.9858  606.8333 ]
  [403.71198 680.36975]
  [406.72183 745.13837]
  [362.3926  500.82474]
  [368.3746  500.80295]
  [  0.        0.     ]
  [386.2002  492.07974]
  [391.96628 762.8042 ]
  [409.48526 762.78955]
  [406.7184  756.8814 ]
  [350.71466 765.74854]
  [341.81824 762.93414]
  [362.4266  762.62866]]]