[[[1042.3483   450.76282]
  [1045.282    503.74207]
  [1001.26556  503.78366]
  [ 977.714    571.44165]
  [1021.8693   550.95215]
  [1083.6255   503.6556 ]
  [   0.         0.     ]
  [   0.         0.     ]
  [1045.2328   630.3134 ]
  [1015.95337  627.47516]
  [1021.9339   739.29407]
  [1042.4474   833.5591 ]
  [1069.0017   630.3926 ]
  [1083.6349   739.14557]
  [1098.4192   833.4422 ]
  [1024.9164   439.11136]
  [1045.4299   436.19196]
  [1018.8099   453.78616]
  [1051.3893   444.8897 ]
  [   0.         0.     ]
  [   0.         0.     ]
  [1095.4592   836.53796]
  [1015.9655   859.9552 ]
  [1010.04504  856.8644 ]
  [1048.3638   842.2604 ]]

 [[ 904.2075   430.21332]
  [ 883.5332   477.2352 ]
  [ 836.4515   474.28796]
  [ 810.0058   542.00024]
  [ 862.9817   577.35406]
  [ 930.6038   477.25937]
  [ 954.189    542.0077 ]
  [ 951.1171   600.85205]
  [ 883.5976   615.6398 ]
  [ 856.9911   615.61066]
  [ 857.0905   727.49695]
  [ 856.9806   833.5663 ]
  [ 918.78015  615.671  ]
  [ 918.8416   724.5948 ]
  [ 909.94275  833.41797]
  [ 898.15735  415.52246]
  [ 910.01807  415.59708]
  [ 874.63837  418.45053]
  [   0.         0.     ]
  [ 912.86896  857.1012 ]
  [ 927.7602   856.9178 ]
  [ 904.14655  839.3828 ]
  [ 865.7999   859.97394]
  [ 851.04175  859.9472 ]
  [ 859.83405  842.3445 ]]

 [[   0.         0.     ]
  [1139.3989   483.22598]
  [1145.4895   480.33987]
  [1118.9784   553.9337 ]
  [   0.         0.     ]
  [1133.5514   483.37137]
  [1115.8632   574.31067]
  [1065.8528   600.94617]
  [1124.8856   668.64215]
  [1130.678    668.61694]
  [1136.4796   798.095  ]
  [1142.5413   898.1899 ]
  [1121.9495   668.65326]
  [1142.4243   795.1578 ]
  [1157.1295   907.04095]
  [   0.         0.     ]
  [   0.         0.     ]
  [1145.5348   430.1137 ]
  [1107.1423   430.16565]
  [1104.271    918.7374 ]
  [1118.9059   927.55493]
  [1163.1716   924.64844]
  [1107.147    901.1353 ]
  [1113.0731   892.3288 ]
  [1148.4016   904.1715 ]]]