[[[877.5956  500.75244]
  [886.3944  527.38837]
  [856.87146 527.4268 ]
  [839.3748  562.66   ]
  [859.8284  598.01105]
  [904.08655 527.426  ]
  [903.98566 577.49146]
  [883.645   618.5565 ]
  [883.499   606.81555]
  [859.94135 601.038  ]
  [856.946   668.58026]
  [856.9196  718.8218 ]
  [904.0887  621.44293]
  [907.0634  689.22925]
  [921.761   748.1233 ]
  [865.815   492.02072]
  [883.4032  489.0421 ]
  [859.8852  500.81686]
  [901.12225 497.84357]
  [892.29663 756.89954]
  [904.0801  762.66046]
  [927.605   762.61774]
  [842.2748  739.1368 ]
  [839.34436 730.4477 ]
  [859.85736 727.564  ]]

 [[792.2604  480.36743]
  [786.4119  512.5778 ]
  [759.7496  506.88315]
  [736.3577  550.9552 ]
  [765.65356 559.7026 ]
  [815.7404  512.6919 ]
  [833.4046  553.855  ]
  [806.84717 571.3581 ]
  [783.3892  598.04926]
  [762.78845 597.99585]
  [762.7546  668.5261 ]
  [759.90045 733.3379 ]
  [798.18866 598.092  ]
  [792.2438  668.5883 ]
  [786.3735  730.4084 ]
  [789.2188  477.36115]
  [801.08295 480.12842]
  [780.4734  480.35226]
  [809.71    483.11182]
  [786.4166  742.1381 ]
  [792.2839  739.37115]
  [783.4065  739.1395 ]
  [762.7658  745.08215]
  [748.0748  742.27423]
  [762.67346 739.2298 ]]]