[[[577.4788  506.63736]
  [577.3091  521.39716]
  [550.7198  515.5912 ]
  [527.4284  550.9052 ]
  [536.1442  580.3877 ]
  [606.78503 521.4256 ]
  [639.1068  553.9412 ]
  [621.36505 592.0384 ]
  [577.23193 609.74286]
  [553.939   606.87604]
  [559.79095 674.619  ]
  [565.6292  742.24286]
  [597.8709  609.77924]
  [597.8013  677.4217 ]
  [592.13666 742.2534 ]
  [574.4661  503.635  ]
  [583.29675 500.87927]
  [559.6739  500.72787]
  [597.869   497.843  ]
  [586.2227  762.69073]
  [598.01227 759.88824]
  [589.15546 751.0316 ]
  [556.86914 762.78345]
  [553.7283  762.6301 ]
  [571.50354 751.0266 ]]

 [[683.2845  518.4828 ]
  [698.0924  533.2767 ]
  [671.6316  533.26196]
  [665.6188  574.56903]
  [648.01495 609.7503 ]
  [727.5262  533.2356 ]
  [742.23596 574.5554 ]
  [742.2255  618.4767 ]
  [695.172   621.3617 ]
  [680.345   618.5916 ]
  [674.4582  677.4904 ]
  [671.6896  742.0649 ]
  [715.67737 621.4251 ]
  [715.5462  677.4812 ]
  [715.6162  742.0802 ]
  [677.49396 509.71704]
  [689.20105 509.6576 ]
  [  0.        0.     ]
  [701.0427  506.69553]
  [715.56006 756.94415]
  [718.7065  753.9424 ]
  [712.75934 745.15906]
  [665.6456  756.85114]
  [659.76965 745.2469 ]
  [683.2868  745.13916]]

 [[  0.        0.     ]
  [880.66315 524.3708 ]
  [918.7784  524.28845]
  [936.4234  589.19824]
  [936.4129  642.1061 ]
  [848.1449  524.4027 ]
  [833.26404 583.2956 ]
  [812.8527  624.4987 ]
  [883.5538  645.14886]
  [907.11395 647.9054 ]
  [901.0571  727.49963]
  [901.05524 806.9421 ]
  [859.96765 645.14044]
  [851.0664  721.6015 ]
  [883.4052  786.45233]
  [  0.        0.     ]
  [  0.        0.     ]
  [886.3848  477.28458]
  [854.0959  480.25992]
  [880.6441  839.32227]
  [877.5506  836.34045]
  [898.20166 789.44324]
  [883.4685  839.2692 ]
  [904.09576 836.3349 ]
  [904.138   812.8772 ]]]