[[[288.88177 409.4464 ]
  [315.28726 459.6209 ]
  [268.1996  459.52243]
  [247.80798 533.2154 ]
  [241.77077 600.7883 ]
  [362.36786 459.6808 ]
  [389.11646 533.2963 ]
  [353.67078 603.84216]
  [294.93954 621.5136 ]
  [268.33246 621.5284 ]
  [280.1063  739.2306 ]
  [291.76892 848.15   ]
  [327.24112 621.5088 ]
  [339.05396 739.1287 ]
  [341.78598 848.11536]
  [280.06418 392.06647]
  [294.95013 394.8988 ]
  [  0.        0.     ]
  [327.15372 409.55447]
  [312.4652  874.67883]
  [333.0257  874.64417]
  [344.85562 859.83887]
  [259.46103 880.37335]
  [250.69113 865.8683 ]
  [297.80038 859.87195]]]