[[[674.53876 518.5347 ]
  [712.6539  530.45447]
  [695.15234 533.17194]
  [695.1724  574.39575]
  [  0.        0.     ]
  [718.6827  530.459  ]
  [733.3066  577.40234]
  [706.8619  609.7921 ]
  [715.53766 621.38477]
  [700.9548  618.6378 ]
  [700.9947  683.3456 ]
  [709.8758  742.0873 ]
  [718.6346  621.3998 ]
  [715.60004 686.31287]
  [733.35754 748.1311 ]
  [671.713   509.7054 ]
  [677.4894  509.64874]
  [  0.        0.     ]
  [695.0631  506.77274]
  [709.8344  762.72754]
  [715.79767 762.87866]
  [739.2415  759.8128 ]
  [689.2505  751.0047 ]
  [692.0513  745.10657]
  [715.7811  745.11945]]

 [[365.32614 503.9027 ]
  [383.12772 512.7001 ]
  [344.9087  509.78625]
  [318.51266 550.9969 ]
  [344.8657  533.19885]
  [412.4649  512.69434]
  [433.21725 559.70874]
  [409.65796 597.97614]
  [371.3792  609.7147 ]
  [353.68445 606.8543 ]
  [356.5842  683.3491 ]
  [356.56943 751.01294]
  [392.00452 609.7421 ]
  [403.75223 677.47705]
  [409.43842 745.0921 ]
  [362.39673 500.83667]
  [368.38715 500.83066]
  [  0.        0.     ]
  [386.18576 492.0852 ]
  [391.96695 762.7765 ]
  [406.71237 762.76953]
  [409.47076 754.0224 ]
  [350.75546 765.7018 ]
  [341.8514  762.89966]
  [362.4339  759.8422 ]]]