[[[ 274.32086  409.64075]
  [ 224.24617  462.56387]
  [ 197.77312  459.74884]
  [ 174.14618  592.1415 ]
  [ 197.58153  695.04694]
  [ 253.59203  462.69247]
  [ 271.2465   580.27496]
  [ 315.54514  644.9457 ]
  [ 250.62454  695.1135 ]
  [ 230.07835  698.05524]
  [ 268.25003  851.1127 ]
  [ 244.91032 1001.1098 ]
  [ 271.2777   692.19745]
  [ 286.0269   806.9754 ]
  [ 194.73665  954.2657 ]
  [ 262.50122  389.13397]
  [ 288.97525  391.9373 ]
  [ 218.28166  389.1164 ]
  [   0.         0.     ]
  [ 221.14067  992.3702 ]
  [   0.         0.     ]
  [ 171.13104  971.82104]
  [ 324.2856  1021.7634 ]
  [ 303.6488  1024.857  ]
  [ 227.07834 1018.8474 ]]

 [[   0.         0.     ]
  [ 459.67307  406.5528 ]
  [ 542.05524  389.1344 ]
  [ 580.4235   521.39764]
  [ 645.08124  636.2308 ]
  [ 380.18323  412.43604]
  [ 338.94495  542.0478 ]
  [ 415.52933  580.36804]
  [ 480.09253  677.43616]
  [ 530.18695  674.47284]
  [ 577.33295  845.2531 ]
  [ 462.54364 1021.7802 ]
  [ 427.25397  680.4177 ]
  [ 459.78067  857.0051 ]
  [ 471.43564 1036.504  ]
  [   0.         0.     ]
  [   0.         0.     ]
  [ 512.65656  333.09567]
  [ 433.23227  338.98706]
  [ 524.42377 1045.4169 ]
  [ 515.57465 1045.2296 ]
  [ 480.24002 1074.8334 ]
  [ 506.76083 1048.4481 ]
  [ 500.88034 1048.3862 ]
  [ 436.15533 1030.614  ]]]