[[[347.8773  394.95053]
  [374.32446 450.85562]
  [336.08572 450.74033]
  [318.51953 515.6039 ]
  [312.46756 574.3896 ]
  [415.58047 450.81952]
  [447.87262 518.5312 ]
  [409.63416 580.2908 ]
  [362.40222 595.0812 ]
  [333.0345  594.9941 ]
  [318.32843 698.0771 ]
  [318.24094 806.8291 ]
  [388.88992 597.8984 ]
  [386.12604 703.9872 ]
  [377.22617 806.99347]
  [344.83875 388.992  ]
  [362.5563  389.00058]
  [  0.        0.     ]
  [389.00537 397.7958 ]
  [347.791   827.58417]
  [365.4271  830.461  ]
  [383.1589  812.9646 ]
  [288.8773  830.4508 ]
  [283.00073 815.83685]
  [327.24127 812.93555]]]