[[[ 718.67224  365.61798]
  [ 736.24316  459.79993]
  [ 665.63055  450.82   ]
  [ 565.64166  394.91016]
  [ 536.1948   309.571  ]
  [ 804.05566  480.22745]
  [ 812.72626  595.0291 ]
  [ 771.6007   671.5217 ]
  [ 695.054    695.09467]
  [ 648.07837  692.1757 ]
  [ 650.9671   854.08875]
  [ 665.72064  989.39575]
  [ 739.34155  698.0348 ]
  [ 745.24493  859.8459 ]
  [ 762.68427 1001.29767]
  [ 715.63495  362.3431 ]
  [ 739.3879   362.5394 ]
  [   0.         0.     ]
  [ 777.49207  386.0932 ]
  [ 762.83453 1042.4543 ]
  [ 783.42676 1033.5764 ]
  [ 753.9394  1018.82227]
  [ 598.0385  1030.6    ]
  [ 598.0375  1021.7666 ]
  [ 674.63074 1001.25824]]

 [[1239.6201   197.62471]
  [1280.8427   312.48907]
  [1186.5337   318.51843]
  [1142.5758   477.36478]
  [1169.0249   574.39154]
  [1377.9774   294.92606]
  [1427.9541   477.2225 ]
  [1280.7958   580.3587 ]
  [1257.3667   647.99304]
  [1192.4948   645.0302 ]
  [1189.4849   883.52454]
  [1195.4348  1074.8843 ]
  [1324.9435   648.0784 ]
  [1322.049    901.17554]
  [1292.5889  1074.8817 ]
  [1230.7346   177.18033]
  [1266.1677   176.99779]
  [1213.2151   203.6503 ]
  [1324.9625   197.71397]
  [   0.         0.     ]
  [   0.         0.     ]
  [   0.         0.     ]
  [   0.         0.     ]
  [   0.         0.     ]
  [1204.2904  1074.9098 ]]

 [[ 874.5974   321.29605]
  [ 942.325    421.42792]
  [ 874.6399   433.24133]
  [ 859.796    553.9855 ]
  [ 833.4347   668.58014]
  [1012.94653  409.69016]
  [1086.537    518.4821 ]
  [1054.1571   639.112  ]
  [ 930.61426  683.2977 ]
  [ 883.4014   680.3795 ]
  [ 901.04285  859.9632 ]
  [ 924.5705  1021.8123 ]
  [ 977.8046   683.31934]
  [ 995.26636  859.9379 ]
  [1021.6355  1030.6759 ]
  [ 874.5799   315.39282]
  [ 886.53754  312.4547 ]
  [   0.         0.     ]
  [ 939.41156  321.31876]
  [1001.21423 1051.2792 ]
  [1021.8535  1051.3417 ]
  [1021.87006 1045.3444 ]
  [ 871.7168  1074.7897 ]
  [ 865.8262  1048.2057 ]
  [ 933.56854 1036.4886 ]]]