[[[256.59882 453.8002 ]
  [274.21533 489.03293]
  [244.62262 486.1684 ]
  [224.24518 547.826  ]
  [221.2631  589.18805]
  [315.4006  489.09686]
  [341.82416 547.8611 ]
  [315.3472  597.9641 ]
  [268.40292 609.7249 ]
  [244.77725 606.82227]
  [247.83711 695.13513]
  [253.62274 780.4646 ]
  [292.0079  609.7913 ]
  [294.85388 695.1251 ]
  [306.5814  783.3782 ]
  [250.76543 442.02847]
  [268.33777 442.0325 ]
  [  0.        0.     ]
  [291.7943  453.65442]
  [306.59045 798.16956]
  [315.44794 792.2559 ]
  [303.64502 789.31177]
  [230.09769 803.9857 ]
  [224.26384 792.26245]
  [265.35007 789.2408 ]]]