[[[759.8383  491.99957]
  [789.3493  515.6213 ]
  [818.769   509.66177]
  [856.94666 553.8237 ]
  [836.39685 597.8599 ]
  [762.7966  521.4381 ]
  [759.87305 574.53687]
  [756.96375 618.47394]
  [803.988   627.3667 ]
  [821.6777  624.53174]
  [827.5876  715.54144]
  [856.9398  780.502  ]
  [783.4078  627.45294]
  [765.83167 709.8332 ]
  [768.792   789.2891 ]
  [  0.        0.     ]
  [756.8758  483.27118]
  [792.1813  480.24683]
  [762.9346  483.28433]
  [751.0584  789.43085]
  [751.0071  795.2413 ]
  [783.3176  801.03436]
  [833.4481  812.7728 ]
  [839.33984 809.8599 ]
  [862.84625 786.4024 ]]

 [[362.65594 503.86786]
  [383.14352 515.5229 ]
  [344.95914 512.582  ]
  [321.27545 550.9981 ]
  [344.83    530.42444]
  [412.4735  512.6984 ]
  [433.19952 559.79614]
  [409.6292  598.0782 ]
  [371.39255 606.8602 ]
  [353.70508 606.8203 ]
  [356.65747 683.3558 ]
  [356.57846 753.9826 ]
  [391.98834 606.8818 ]
  [403.77615 680.33966]
  [406.72012 745.11426]
  [362.37445 500.79095]
  [368.35095 500.78293]
  [  0.        0.     ]
  [386.16394 492.0172 ]
  [392.0217  762.7909 ]
  [409.48828 762.76465]
  [406.6982  756.87463]
  [350.7322  765.7337 ]
  [341.8445  762.9266 ]
  [362.4383  762.6627 ]]]