[[[865.7889  503.81906]
  [860.03735 530.47015]
  [839.3252  530.45123]
  [833.3885  574.3308 ]
  [836.4237  600.9879 ]
  [895.2411  533.31335]
  [889.3524  586.1514 ]
  [859.9941  598.00214]
  [859.9185  612.70953]
  [839.4129  609.7591 ]
  [842.24774 671.65173]
  [836.58514 736.3166 ]
  [886.41815 624.42914]
  [898.2019  695.1057 ]
  [904.2014  762.68805]
  [859.91345 500.7929 ]
  [874.62225 500.76843]
  [854.08685 503.82953]
  [886.4652  503.79724]
  [877.57367 765.6214 ]
  [883.51154 765.769  ]
  [909.9781  765.89105]
  [836.43286 748.17944]
  [833.3879  742.3749 ]
  [839.4244  742.0692 ]]

 [[783.38074 483.3587 ]
  [768.7192  521.4381 ]
  [742.11456 512.64246]
  [718.69    556.7476 ]
  [745.2476  586.1552 ]
  [803.95123 524.42676]
  [812.77747 562.71326]
  [804.01166 597.98083]
  [765.80096 603.84503]
  [748.04047 601.0559 ]
  [748.09204 671.45294]
  [745.2639  739.12695]
  [786.42175 603.9628 ]
  [786.2057  671.52527]
  [774.6165  736.3719 ]
  [774.559   480.33798]
  [786.393   483.08362]
  [762.83734 483.17004]
  [789.34106 486.14557]
  [783.31323 748.1327 ]
  [789.3247  745.136  ]
  [768.69617 742.1442 ]
  [753.99005 751.06555]
  [742.2043  748.16174]
  [751.0415  742.1555 ]]]