[[[600.7989  450.78366]
  [609.79846 486.09537]
  [574.4418  486.16138]
  [553.9961  542.0635 ]
  [574.34045 574.3701 ]
  [648.00336 483.34045]
  [668.45984 547.97034]
  [618.46655 577.53644]
  [606.7627  609.7484 ]
  [580.34546 609.70483]
  [592.0625  709.752  ]
  [597.81165 789.3812 ]
  [630.43054 609.74316]
  [642.01434 703.89703]
  [644.94525 789.406  ]
  [597.86786 436.27765]
  [606.8604  439.0234 ]
  [  0.        0.     ]
  [624.64343 444.9141 ]
  [624.3973  812.7713 ]
  [642.17664 812.76654]
  [645.0404  804.0053 ]
  [577.4486  812.9431 ]
  [574.33356 809.91797]
  [600.94867 803.9421 ]]

 [[456.692   480.15707]
  [486.16492 512.6035 ]
  [459.59097 512.68665]
  [456.6678  565.5557 ]
  [450.79205 600.9951 ]
  [521.3797  509.76837]
  [533.2475  565.65076]
  [509.6257  606.84326]
  [483.07056 624.4041 ]
  [459.72714 624.3909 ]
  [453.7843  698.1631 ]
  [453.81473 786.2185 ]
  [503.7603  624.46246]
  [503.73898 703.963  ]
  [503.8045  786.3334 ]
  [453.7863  474.3519 ]
  [459.71295 471.40817]
  [  0.        0.     ]
  [483.09064 477.21957]
  [486.14804 801.0669 ]
  [503.70328 801.0383 ]
  [503.83868 789.4446 ]
  [433.1423  803.9593 ]
  [430.1291  792.2325 ]
  [459.6049  789.37   ]]

 [[344.81747 503.6247 ]
  [359.57318 527.3538 ]
  [318.41214 521.3887 ]
  [271.31467 518.4692 ]
  [227.22641 503.91013]
  [391.9379  530.42896]
  [406.6307  589.14026]
  [386.13022 624.50433]
  [338.89288 642.0342 ]
  [315.28055 636.28345]
  [300.7143  718.6493 ]
  [303.63486 789.2693 ]
  [362.51587 644.9393 ]
  [362.4367  715.81116]
  [362.47876 789.18585]
  [341.82983 491.9948 ]
  [356.60226 489.15247]
  [338.98953 486.23456]
  [371.40958 486.23   ]
  [368.38242 809.7379 ]
  [383.12418 801.0076 ]
  [359.49014 795.1315 ]
  [277.1419  809.9323 ]
  [271.4039  804.05023]
  [315.30768 795.17   ]]]