[[[856.97394 444.97772]
  [862.831   500.8947 ]
  [824.58154 503.78003]
  [809.8154  556.7959 ]
  [821.6987  601.03503]
  [906.924   497.94675]
  [927.7141  553.80707]
  [912.8931  609.79944]
  [865.8123  624.52545]
  [839.3417  624.5464 ]
  [836.34247 736.2105 ]
  [836.4271  836.3517 ]
  [895.22095 624.5214 ]
  [883.57666 736.3391 ]
  [877.5229  833.3877 ]
  [842.3463  436.26407]
  [860.04895 436.10025]
  [833.4766  453.814  ]
  [880.46075 444.9599 ]
  [880.45544 857.0537 ]
  [889.32526 856.8452 ]
  [865.85876 836.5139 ]
  [836.45807 865.85724]
  [824.6142  862.86334]
  [845.1739  842.3028 ]]

 [[365.3358  503.85498]
  [383.17566 512.6827 ]
  [344.94806 509.77484]
  [321.26184 550.9928 ]
  [344.8719  530.44714]
  [412.50836 512.7015 ]
  [433.21106 559.7336 ]
  [409.65677 598.01025]
  [371.4083  606.79663]
  [353.7229  603.9598 ]
  [356.65958 683.3183 ]
  [356.55124 751.07605]
  [391.9974  606.8395 ]
  [406.53787 680.413  ]
  [409.43317 745.1917 ]
  [362.39847 500.78217]
  [368.37628 500.76456]
  [  0.        0.     ]
  [386.202   489.1552 ]
  [392.02908 762.8208 ]
  [409.50555 762.8207 ]
  [406.70755 756.97046]
  [353.65927 765.7193 ]
  [341.87607 762.9315 ]
  [362.40796 759.88885]]]