[[[ 636.2705   315.27557]
  [ 680.43506  388.98477]
  [ 624.5131   391.90704]
  [ 618.5719   506.69507]
  [ 597.83093  600.82556]
  [ 739.1646   386.0881 ]
  [ 777.55383  503.8253 ]
  [ 695.02423  600.79224]
  [ 668.5986   627.4704 ]
  [ 624.3811   627.4004 ]
  [ 642.1328   809.78925]
  [ 653.9106   965.85657]
  [ 712.781    627.4704 ]
  [ 715.6426   809.80475]
  [ 718.5778   974.62714]
  [ 627.4566   294.91922]
  [ 651.07153  294.99503]
  [   0.         0.     ]
  [ 695.15674  315.35294]
  [ 668.6001  1018.81525]
  [ 692.0456  1018.8596 ]
  [ 733.39465  992.4134 ]
  [ 603.9527  1009.9875 ]
  [ 600.9859   998.34845]
  [ 668.7139   980.5871 ]]

 [[ 291.82385  344.92404]
  [ 277.13483  439.05377]
  [ 218.27069  436.223  ]
  [   0.         0.     ]
  [   0.         0.     ]
  [ 341.87375  447.89566]
  [ 336.08273  539.1622 ]
  [   0.         0.     ]
  [ 283.10025  668.56104]
  [ 241.79033  668.584  ]
  [ 209.50328  833.3919 ]
  [ 200.6154   998.30597]
  [ 324.26505  668.5634 ]
  [ 294.97803  833.52405]
  [ 268.28754  983.57214]
  [ 271.22772  338.8774 ]
  [ 300.75134  338.96237]
  [ 241.78625  359.4754 ]
  [ 318.303    359.59027]
  [ 321.28934 1021.67395]
  [ 321.304   1004.2386 ]
  [ 247.65295 1001.2637 ]
  [ 224.11043 1013.0203 ]
  [   0.         0.     ]
  [ 203.61159 1013.0014 ]]]