[[[860.00916 503.7531 ]
  [859.97906 530.3984 ]
  [836.5352  530.3852 ]
  [833.3671  574.3505 ]
  [830.47614 606.79675]
  [892.31946 533.2732 ]
  [889.4142  580.345  ]
  [880.6457  621.43805]
  [859.91174 615.6902 ]
  [839.45483 612.7361 ]
  [839.4074  671.7129 ]
  [836.4416  736.3083 ]
  [883.4567  624.44977]
  [889.3602  692.17865]
  [904.00006 759.81213]
  [856.9469  500.74075]
  [865.798   497.94778]
  [853.926   503.78354]
  [883.4812  503.75433]
  [877.62537 762.83453]
  [883.51483 765.66504]
  [907.05133 765.7014 ]
  [833.41736 748.0859 ]
  [827.5072  742.23157]
  [839.34436 739.3585 ]]

 [[780.47125 483.38144]
  [765.72626 521.41736]
  [739.17426 512.68854]
  [715.8441  556.72015]
  [742.37415 589.14215]
  [795.13367 524.32605]
  [809.92065 562.6499 ]
  [798.12775 597.9634 ]
  [765.63605 601.073  ]
  [742.34845 601.0092 ]
  [745.21576 671.4876 ]
  [745.16754 739.19434]
  [786.2667  603.88464]
  [780.50995 671.49054]
  [768.7523  736.36707]
  [768.78516 480.37396]
  [786.2141  483.07843]
  [762.62006 483.2027 ]
  [786.3228  483.24283]
  [777.5251  745.241  ]
  [786.4667  742.3387 ]
  [765.7916  742.1367 ]
  [753.972   751.0662 ]
  [742.1871  750.9872 ]
  [748.0813  742.23285]]]