[[[586.1702  477.19873]
  [633.33575 491.99054]
  [659.7958  489.1425 ]
  [692.1924  553.83246]
  [674.6186  612.7271 ]
  [606.87164 492.02252]
  [597.98566 565.61456]
  [568.59796 612.7498 ]
  [642.1629  621.5974 ]
  [659.81946 621.5705 ]
  [645.15344 715.6529 ]
  [668.6289  792.18286]
  [621.5591  621.6252 ]
  [627.38934 718.7715 ]
  [647.8887  818.69476]
  [  0.        0.     ]
  [583.3388  459.80774]
  [  0.        0.     ]
  [600.9403  459.52805]
  [615.5931  827.5867 ]
  [621.4298  833.4149 ]
  [653.9422  830.49915]
  [633.27814 809.8942 ]
  [662.67993 806.9767 ]
  [674.5413  804.00665]]

 [[244.65875 500.80157]
  [227.0952  533.3503 ]
  [183.01082 530.2769 ]
  [194.72644 601.0214 ]
  [212.43877 647.95825]
  [259.50003 545.0486 ]
  [271.19107 589.12476]
  [294.83026 598.0904 ]
  [221.14998 644.92993]
  [197.76944 642.13354]
  [  0.        0.     ]
  [  0.        0.     ]
  [238.90288 645.0243 ]
  [233.06969 718.76105]
  [238.90512 798.1313 ]
  [233.04367 486.2346 ]
  [247.69843 489.16193]
  [153.44905 483.2457 ]
  [253.66772 503.69528]
  [253.64754 809.9689 ]
  [250.6921  809.79535]
  [235.99915 806.9095 ]
  [  0.        0.     ]
  [  0.        0.     ]
  [  0.        0.     ]]]