[[[     1260.8      345.05]
  [     1281.6      328.29]
  [     1245.4      321.59]
  [       1311      314.46]
  [       1221         299]
  [     1341.6       396.7]
  [     1161.6      391.11]
  [     1398.6      497.28]
  [     1124.1      535.88]
  [     1363.4      580.56]
  [     1117.3      673.02]
  [       1293      687.84]
  [     1177.6      682.43]
  [     1273.5      905.96]
  [     1149.9       906.8]
  [          0           0]
  [          0           0]]

 [[     892.13       347.2]
  [     907.82      334.12]
  [      883.4      324.69]
  [          0           0]
  [     834.35      300.21]
  [     884.36      408.37]
  [      763.8      387.98]
  [     983.42      407.29]
  [      762.4      383.11]
  [      907.5      342.57]
  [     814.36      323.86]
  [     864.17      697.74]
  [     788.81      694.27]
  [      857.3       920.4]
  [     767.09       926.9]
  [          0           0]
  [          0           0]]

 [[     63.278      597.12]
  [          0           0]
  [     61.595      591.88]
  [          0           0]
  [     49.727      590.87]
  [     54.763      617.29]
  [      23.79       609.6]
  [     65.973      649.84]
  [     40.757      635.27]
  [     74.065       662.5]
  [     78.807      640.36]
  [     48.371      669.92]
  [     20.785      671.81]
  [     104.73      680.81]
  [     41.114      694.51]
  [     47.413      706.65]
  [     16.439      751.18]]]