[[[     1332.3      295.39]
  [     1341.5      278.71]
  [     1309.1      280.37]
  [          0           0]
  [     1266.1      301.31]
  [     1387.8      409.84]
  [       1217      412.46]
  [     1442.2      523.14]
  [     1181.9      557.97]
  [     1431.7         607]
  [     1182.1      695.06]
  [     1362.3      708.67]
  [     1247.1      706.47]
  [     1339.1      939.11]
  [     1203.2      936.98]
  [          0           0]
  [          0           0]]

 [[     887.49      278.81]
  [     900.85      263.45]
  [     864.54      265.35]
  [          0           0]
  [     828.83      299.01]
  [     952.67      399.24]
  [     800.75      391.22]
  [     1043.7      368.76]
  [        750      321.18]
  [     918.01      338.59]
  [     830.61      329.97]
  [     940.88      706.32]
  [     839.79      703.01]
  [     931.66      948.58]
  [     806.69      945.84]
  [          0           0]
  [          0           0]]

 [[     76.747       598.7]
  [     81.549      594.62]
  [     72.333      592.97]
  [          0           0]
  [     59.452      592.69]
  [     87.649      623.36]
  [     36.713      615.48]
  [      88.38       653.6]
  [      12.71      647.08]
  [     62.738      661.03]
  [     16.576      661.99]
  [     59.313       671.9]
  [     27.364       666.5]
  [     55.247      685.65]
  [          0      677.13]
  [     1.7613      694.27]
  [     21.348      693.15]]

 [[          0           0]
  [          0           0]
  [          0           0]
  [      203.2      598.99]
  [          0           0]
  [     194.84      622.27]
  [     234.51      624.24]
  [     170.79      652.65]
  [          0           0]
  [          0           0]
  [          0           0]
  [     194.53      689.12]
  [     221.58      687.36]
  [     134.17      683.48]
  [          0           0]
  [     147.09      738.92]
  [          0           0]]]