[[     1288.6      204.81]
 [     1301.7      202.94]
 [     1311.1      204.81]
 [     1230.4      204.81]
 [     780.44      216.06]
 [     761.69      214.19]
 [     752.31      216.06]
 [     742.94      219.81]
 [     1206.1      223.56]
 [     1228.6      225.44]
 [     1326.1      223.56]
 [     733.56      232.94]
 [     1200.4      238.56]
 [     838.56      238.56]
 [     877.94      244.19]
 [     883.56      255.44]
 [     1296.1      253.56]
 [     1331.7      251.69]
 [     1262.3      253.56]
 [     801.06      259.19]
 [     1215.4      261.06]
 [     722.31      266.69]
 [     791.69      268.56]
 [     872.31      270.44]
 [     754.19      274.19]
 [     847.94      272.31]
 [     789.81      277.94]
 [     825.44      274.19]
 [     1200.4      276.06]
 [     1296.1      281.69]
 [     1327.9      281.69]
 [     857.31      285.44]
 [     1196.7      292.94]
 [     1281.1      292.94]
 [     756.06      298.56]
 [     1221.1      296.69]
 [     1318.6      298.56]
 [     829.19      306.06]
 [     1200.4      306.06]
 [     1356.1      300.44]
 [     705.44      302.31]
 [     786.06      307.94]
 [     855.44      300.44]
 [     1337.3      309.81]
 [     735.44      311.69]
 [     1232.3      311.69]
 [     1361.7      313.56]
 [     718.56      313.56]
 [     771.06      317.31]
 [     780.44      319.19]
 [     847.94      321.06]
 [     1209.8      319.19]
 [     1363.6      324.81]
 [     827.31      322.94]
 [     1309.2      326.69]
 [     1365.4      334.19]
 [     1219.2      337.94]
 [     1320.4      341.69]
 [     748.56      341.69]
 [     1378.6      345.44]
 [     1252.9      345.44]
 [     1344.8      345.44]
 [     846.06      345.44]
 [     746.69      351.06]
 [     836.69      351.06]
 [     1389.8      358.56]
 [     737.31      358.56]
 [     816.06      356.69]
 [     827.31      356.69]
 [     756.06      360.44]
 [     806.69      364.19]
 [     1275.4      364.19]
 [     1344.8      362.31]
 [     1252.9      367.94]
 [     1357.9      367.94]
 [     1391.7      367.94]
 [     804.81      373.56]
 [     744.81      377.31]
 [     697.94      377.31]
 [     727.94      381.06]
 [     1217.3      379.19]
 [     1404.8      392.31]
 [     1191.1      397.94]
 [     1243.6      396.06]
 [     712.94      399.81]
 [     808.56      403.56]
 [     686.69      403.56]
 [     1327.9      401.69]
 [     756.06      405.44]
 [     1181.7      403.56]
 [     786.06      405.44]
 [     684.81      412.94]
 [     827.31      411.06]
 [     870.44      405.44]
 [     684.81      422.31]
 [     1251.1      422.31]
 [     1176.1      424.19]
 [     1416.1      426.06]
 [     1290.4      429.81]
 [     733.56      431.69]
 [     883.56      435.44]
 [     1170.4      435.44]
 [     1417.9      439.19]
 [     1318.6      435.44]
 [     883.56      454.19]
 [     1166.7      446.69]
 [     707.31      459.81]
 [     823.56      459.81]
 [     1324.2      461.69]
 [     686.69      461.69]
 [     862.94      469.19]
 [     778.56      472.94]
 [     1191.1      471.06]
 [     846.06      476.69]
 [     724.19      474.81]
 [     1144.2      480.44]
 [     684.81      486.06]
 [     712.94      493.56]
 [     1140.4      489.81]
 [     1335.4      491.69]
 [     744.81      491.69]
 [     1164.8      495.44]
 [     1322.3      491.69]
 [     853.56      493.56]
 [     1391.7      497.31]
 [     1134.8      502.94]
 [     802.94      499.19]
 [     1339.2      501.06]
 [     1431.1      502.94]
 [     688.56      514.19]
 [     870.44      510.44]
 [     1161.1      512.31]
 [     825.44      516.06]
 [     716.69      514.19]
 [     1431.1      521.69]
 [     776.69      517.94]
 [     1161.1      521.69]
 [     1108.6      521.69]
 [     924.81      523.56]
 [     1147.9      531.06]
 [     1157.3      531.06]
 [     1333.6      538.56]
 [     697.94      532.94]
 [     733.56      538.56]
 [     1080.4      531.06]
 [     1132.9      536.69]
 [     1185.4      546.06]
 [     690.44      544.19]
 [     1041.1      546.06]
 [     707.31      553.56]
 [     1153.6      549.81]
 [     688.56      555.44]
 [     812.31      553.56]
 [     1093.6      555.44]
 [     829.19      561.06]
 [     1001.7      564.81]
 [     1035.4      561.06]
 [     1136.7      561.06]
 [     688.56      564.81]
 [     857.31      570.44]
 [     686.69      574.19]
 [     887.31      572.31]
 [     1333.6      574.19]
 [     757.94      570.44]
 [     898.56      572.31]
 [     1072.9      572.31]
 [     1097.3      572.31]
 [     1404.8      579.81]
 [     182.31      576.06]
 [     990.44      581.69]
 [     1329.8      583.56]
 [     1339.2      583.56]
 [     712.94      583.56]
 [     786.06      585.44]
 [     1044.8      583.56]
 [     684.81      583.56]
 [     795.44      585.44]
 [     821.69      585.44]
 [     193.56      592.94]
 [     1057.9      596.69]
 [     1144.2      592.94]
 [     709.19      604.19]
 [     859.19      607.94]
 [     816.06      606.06]
 [     1027.9      609.81]
 [     1423.6      607.94]
 [     1037.3      607.94]
 [     178.56      615.44]
 [     1339.2      613.56]
 [     1093.6      617.31]
 [     202.94      622.94]
 [     1339.2      622.94]
 [     1376.7      634.19]
 [     1134.8      636.06]
 [     1172.3      641.69]
 [     1386.1      636.06]
 [     684.81      639.81]
 [     15.437      636.06]
 [     859.19      643.56]
 [     1419.8      645.44]
 [     1365.4      645.44]
 [     1423.6      654.81]
 [     1384.2      658.56]
 [     684.81      664.19]
 [     709.19      664.19]
 [     795.44      664.19]
 [     857.31      664.19]
 [     1131.1      664.19]
 [     54.812      667.94]
 [     24.812      671.69]
 [     1327.9      669.81]
 [     43.562      673.56]
 [     84.812      679.19]
 [     1166.7      675.44]
 [     1176.1      681.06]
 [     1326.1      679.19]
 [     105.44      686.69]
 [     1206.1      684.81]
 [     15.437      690.44]
 [     144.81      688.56]
 [     28.562      690.44]
 [     64.188      690.44]
 [     133.56      690.44]
 [     1236.1      690.44]
 [     1384.2      692.31]
 [     81.062      694.19]
 [     1247.3      696.06]
 [     1339.2      692.31]
 [     1359.8      692.31]
 [     1410.4      692.31]
 [     1256.7      694.19]
 [     41.687      694.19]
 [     864.81      699.81]
 [     1176.1      701.69]
 [     1260.4      703.56]
 [     1378.6      703.56]
 [     103.56      703.56]
 [     1239.8      705.44]
 [     71.688      709.19]
 [     1262.3      712.94]
 [     1329.8      714.81]
 [     1378.6      712.94]
 [     1350.4      718.56]
 [     135.44      726.06]
 [     1228.6      727.94]
 [     883.56      733.56]
 [     1177.9      727.94]
 [     1230.4      737.31]
 [     887.31      754.19]
 [     1316.7      759.81]
 [     1326.1      757.94]
 [     1367.3      763.56]
 [     896.69      774.81]
 [     1342.9      761.69]
 [     1177.9      769.19]
 [     1234.2      774.81]
 [     1179.8      780.44]
 [     872.31      784.19]
 [     894.81      786.06]
 [     1380.4      786.06]
 [     1342.9      789.81]
 [     1237.9      793.56]
 [     1374.8      795.44]
 [     724.19      804.81]
 [     1350.4      812.31]
 [     1183.6      810.44]
 [     705.44      817.94]
 [     1185.4      819.81]
 [     780.44      827.31]
 [     894.81      831.06]
 [     724.19      834.81]
 [     1352.3      838.56]
 [     701.69      840.44]
 [     726.06      853.56]
 [     1342.9      857.31]
 [     898.56      857.31]
 [     1189.2      868.56]
 [     791.69      874.19]
 [     1191.1      887.31]
 [     1342.9      891.06]
 [     1258.6      887.31]
 [     784.19      892.94]
 [     699.81      904.19]
 [     1196.7      907.94]
 [     1258.6      907.94]
 [     898.56      921.06]
 [     718.56      917.31]
 [     784.19      919.19]
 [     763.56      922.94]
 [     1352.3      924.81]
 [     694.19      928.56]
 [     1266.1      934.19]
 [     694.19      943.56]
 [     810.44      945.44]
 [     898.56      937.94]
 [     1352.3      943.56]
 [     1213.6      949.19]
 [     776.69      956.69]
 [     709.19      951.06]
 [     1258.6      952.94]
 [     1354.2      954.81]
 [     1222.9      956.69]
 [     733.56      960.44]
 [     1356.1      964.19]
 [     1221.1      967.94]
 [     711.06      977.31]
 [     692.31      984.81]
 [     733.56      982.94]
 [     816.06      984.81]
 [     1359.8      981.06]
 [     900.44      988.56]
 [     1290.4      986.69]
 [     694.19      994.19]
 [     714.81      992.31]
 [     1363.6      997.94]
 [     769.19      992.31]
 [     902.31      997.94]
 [     821.69      1005.4]
 [     696.06      1005.4]
 [     769.19      1001.7]
 [     714.81      1009.2]
 [     737.31      1007.3]
 [     902.31      1007.3]
 [     771.06      1012.9]
 [     827.31      1024.2]
 [     1236.1      1026.1]
 [     696.06      1027.9]
 [     829.19      1033.6]
 [     1367.3      1035.4]
 [     1299.8      1037.3]
 [     701.69      1046.7]
 [     917.31      1042.9]
 [     919.19      1056.1]
 [     849.81      1063.6]]