[[[     1030.6      438.91]
  [     1037.4      430.09]
  [     1020.4       433.3]
  [       1050      435.04]
  [     1008.4       443.5]
  [     1079.3      485.16]
  [      994.2      493.67]
  [     1098.6      547.76]
  [     978.51       553.2]
  [       1062      549.64]
  [     1010.5      534.96]
  [     1067.4      616.74]
  [     1011.6      620.11]
  [       1078      718.07]
  [       1019      717.55]
  [       1093       809.8]
  [     1033.6       807.4]]

 [[     899.63       420.9]
  [     906.79      411.94]
  [     890.79       410.7]
  [          0           0]
  [     868.12      412.21]
  [     925.88      465.59]
  [     837.85      462.04]
  [      948.3      530.43]
  [     810.43      530.51]
  [     941.66      588.72]
  [     863.34      565.47]
  [     912.19      606.18]
  [     853.53      604.24]
  [     911.12      708.98]
  [     858.01      710.36]
  [     912.13      804.64]
  [     858.04      806.92]]

 [[          0           0]
  [          0           0]
  [          0           0]
  [     1085.2      422.72]
  [          0           0]
  [       1119      477.54]
  [       1134      471.09]
  [     1106.7      558.71]
  [          0           0]
  [     1064.2      606.94]
  [          0           0]
  [     1123.5      649.21]
  [     1130.8      643.32]
  [     1128.6      766.69]
  [     1125.7       760.3]
  [     1143.3      876.72]
  [     1131.7      862.69]]]