[[[          0           0]
  [          0           0]
  [          0           0]
  [     1162.7      355.86]
  [     1241.7         346]
  [     1144.2      442.28]
  [     1302.3      427.25]
  [     1102.9      561.25]
  [       1360      559.48]
  [     1080.7      669.23]
  [     1384.7      668.62]
  [     1199.5      701.94]
  [       1297      689.83]
  [     1234.6      892.34]
  [     1279.4      840.12]
  [     1273.2      1061.7]
  [     1306.8      991.07]]

 [[     1318.9      384.24]
  [       1326      370.11]
  [          0           0]
  [     1363.8      370.37]
  [          0           0]
  [     1364.8      439.15]
  [     1446.2      434.22]
  [     1369.6      543.43]
  [          0           0]
  [          0           0]
  [          0           0]
  [     1399.3      636.59]
  [       1454      631.08]
  [       1380      788.87]
  [     1406.1         771]
  [     1431.1      944.33]
  [     1442.4      899.81]]]