[[[     559.22      384.36]
  [      573.3      375.13]
  [     553.94       373.4]
  [     603.29      383.49]
  [          0           0]
  [     628.81      444.27]
  [     540.23      442.62]
  [     656.16      523.67]
  [     527.38      520.52]
  [      618.5       597.4]
  [     517.78      589.25]
  [     599.01      613.63]
  [     540.45      612.76]
  [     600.94      735.45]
  [     549.82      734.18]
  [     608.37      852.61]
  [     560.78      847.47]]

 [[          0           0]
  [          0           0]
  [     305.41         372]
  [          0           0]
  [        291      370.98]
  [     184.56      448.07]
  [     294.42      452.62]
  [          0           0]
  [     319.28      569.79]
  [          0           0]
  [     346.54      635.18]
  [     197.47      671.64]
  [     273.37      676.44]
  [     215.66      819.27]
  [     275.29      827.54]
  [     193.19      973.51]
  [     271.94      984.84]]]