[[[          0           0]
  [          0           0]
  [          0           0]
  [     1204.7      341.53]
  [     1287.5      334.25]
  [       1181      431.66]
  [     1354.1      421.76]
  [       1154      573.53]
  [     1405.4      567.08]
  [     1141.6      696.82]
  [     1360.4      633.41]
  [     1229.9      703.07]
  [     1348.1      697.42]
  [     1259.7      896.33]
  [     1362.8      872.46]
  [     1277.3      1068.8]
  [     1417.9      1037.7]]

 [[     1361.1      379.67]
  [     1369.5      365.11]
  [          0           0]
  [     1411.1      364.61]
  [          0           0]
  [     1405.5      441.33]
  [     1496.7      428.49]
  [          0           0]
  [          0           0]
  [          0           0]
  [          0           0]
  [     1434.7      652.69]
  [     1500.9      642.32]
  [     1409.9      800.15]
  [     1487.1      788.64]
  [     1440.3      950.29]
  [     1571.7       906.1]]]