[[[     809.61      470.37]
  [        813      465.48]
  [     804.54      464.58]
  [          0           0]
  [     789.08      466.17]
  [     823.48      502.27]
  [     763.89      499.45]
  [     836.12      543.55]
  [     746.22      540.79]
  [      828.9      573.36]
  [     778.78      564.54]
  [     814.41      592.44]
  [     775.67      592.12]
  [     813.09       661.1]
  [     774.58       661.2]
  [     808.94      725.13]
  [     773.81      725.76]]

 [[          0           0]
  [     901.22      478.03]
  [          0           0]
  [     910.21      481.19]
  [          0           0]
  [     921.92      516.17]
  [     932.33      514.95]
  [     914.79      564.25]
  [          0           0]
  [     898.73      600.66]
  [          0           0]
  [     921.12      614.57]
  [     927.88      613.16]
  [      925.5       682.4]
  [     922.85      684.28]
  [     936.13      749.54]
  [     926.82      746.31]]

 [[     890.77      484.83]
  [     895.52       479.4]
  [     885.99       479.8]
  [          0           0]
  [     879.82      483.47]
  [     911.78      514.14]
  [     872.21      514.47]
  [          0           0]
  [      855.4      551.54]
  [          0           0]
  [     871.62      582.17]
  [     904.62      599.22]
  [     877.28      599.32]
  [     906.26      661.33]
  [     872.36      661.57]
  [     906.02      720.21]
  [     869.65      720.27]]]