[[[     776.38      471.04]
  [     780.47       460.8]
  [     767.01      463.24]
  [          0           0]
  [        744      466.55]
  [     797.48      508.85]
  [     721.52      505.09]
  [      815.2      571.12]
  [      669.7      515.49]
  [     804.32      618.72]
  [     651.51      486.64]
  [     784.52      640.75]
  [     734.73      638.84]
  [     781.49      729.46]
  [     730.24      727.14]
  [     785.85       807.8]
  [      729.3      804.11]]

 [[     865.47      437.37]
  [     873.94      427.77]
  [     863.55      428.81]
  [     900.76      431.03]
  [          0           0]
  [     936.22      481.96]
  [     860.46      491.16]
  [     972.17       539.3]
  [     848.33      558.38]
  [     955.02      589.09]
  [     841.68      611.22]
  [     919.89      620.77]
  [     868.83      624.13]
  [     923.26      717.75]
  [      871.8       722.4]
  [     933.15      815.68]
  [     881.58      809.18]]

 [[     1022.2      389.88]
  [     1033.1      380.17]
  [       1018      380.46]
  [     1061.9      385.68]
  [          0           0]
  [     1097.8      436.72]
  [     1011.7      448.45]
  [     1109.2      517.98]
  [     995.66      522.19]
  [     1048.3      572.43]
  [     1003.6      573.63]
  [     1085.2      602.17]
  [     1026.8      606.89]
  [     1092.7      724.79]
  [       1035      725.16]
  [     1100.7      840.24]
  [     1043.3      833.31]]]