[[[     1217.4      317.01]
  [     1230.7      304.81]
  [     1201.7       302.3]
  [     1244.9       321.2]
  [     1172.8      316.57]
  [       1282      415.02]
  [       1135      415.83]
  [     1335.6       511.5]
  [     1105.7      525.16]
  [     1357.7      599.39]
  [     1087.8      623.85]
  [     1255.8      650.15]
  [     1161.2      649.18]
  [     1260.3      812.76]
  [     1157.4      812.76]
  [     1265.2      973.44]
  [     1159.9      957.04]]

 [[     981.06      292.04]
  [     991.96      279.99]
  [     965.49      275.86]
  [          0           0]
  [     926.97      283.18]
  [       1017      386.62]
  [     866.21      370.51]
  [     1043.1      494.56]
  [     817.77      482.67]
  [       1045      586.93]
  [     922.85      504.72]
  [     992.92      620.66]
  [     892.58      618.06]
  [     990.64      794.71]
  [     893.65         797]
  [     989.71      960.37]
  [        885      970.16]]

 [[     1338.2      255.79]
  [     1337.8      230.65]
  [          0           0]
  [     1374.9      224.46]
  [          0           0]
  [     1442.9      350.56]
  [     1460.8      341.08]
  [     1413.3      552.38]
  [          0           0]
  [     1362.4      716.14]
  [          0           0]
  [     1434.3      733.77]
  [     1440.3      722.76]
  [     1450.1      1000.7]
  [          0           0]
  [          0           0]
  [          0           0]]]