[[[     635.44      382.22]
  [     651.53         374]
  [     632.85      373.21]
  [     682.15      393.01]
  [          0           0]
  [     706.34      472.61]
  [     595.99      451.33]
  [     718.49      563.48]
  [      511.4      430.48]
  [     703.29      621.53]
  [     438.26      391.44]
  [     663.03      650.93]
  [     592.57      643.25]
  [     663.67      776.93]
  [     590.46      770.92]
  [     671.39      884.77]
  [     590.41      877.31]]

 [[     997.86      285.23]
  [     1014.4      270.32]
  [     992.12      272.03]
  [     1059.2      279.63]
  [          0           0]
  [     1108.8      363.08]
  [     978.94       374.3]
  [     1146.5      473.34]
  [     953.03      482.65]
  [     1042.6      518.41]
  [     955.11      507.71]
  [       1082       599.1]
  [     993.22      603.43]
  [     1100.9      779.79]
  [     1019.6      778.65]
  [       1118      942.92]
  [     1029.5      936.13]]

 [[     771.35      358.64]
  [     783.63      345.33]
  [     767.73      348.08]
  [     823.49      351.22]
  [          0           0]
  [     876.36       426.6]
  [     767.52      440.22]
  [     927.82      513.32]
  [     757.89       538.3]
  [     906.12      595.91]
  [     741.65         618]
  [     852.94      628.18]
  [     779.51      631.82]
  [     859.52      770.59]
  [      786.7      770.23]
  [     876.24      906.72]
  [      804.3      894.75]]]