[[[     877.66      413.58]
  [     885.63      404.68]
  [      868.4      402.86]
  [          0           0]
  [     844.51      405.61]
  [     903.09      468.18]
  [     809.83      460.91]
  [     923.96      539.17]
  [     779.59       529.4]
  [      924.1      592.52]
  [     834.65      567.64]
  [     886.61      616.37]
  [     825.15      614.06]
  [     882.12      727.67]
  [     819.65      726.01]
  [     872.99      831.63]
  [     814.72      833.06]]

 [[     995.95      438.06]
  [     1003.8      429.05]
  [     986.05      430.99]
  [     1017.1      435.77]
  [      971.1       440.8]
  [     1041.5       487.7]
  [      956.3      494.81]
  [     1063.5      543.41]
  [     939.95      554.17]
  [     1028.5      544.89]
  [     966.14      557.18]
  [     1034.2      632.77]
  [     978.15      635.87]
  [     1047.6      736.81]
  [     989.54      739.82]
  [       1056      827.69]
  [     1001.3      831.26]]

 [[          0           0]
  [     1059.7      410.63]
  [          0           0]
  [       1075      413.46]
  [          0           0]
  [     1106.8      469.51]
  [     1116.7      473.29]
  [     1068.8      524.61]
  [          0           0]
  [     1030.6       503.6]
  [          0           0]
  [     1104.2      658.84]
  [     1106.8      656.06]
  [     1112.7      798.71]
  [     1105.6      792.63]
  [     1126.5      916.13]
  [     1114.6      904.01]]]