[[[     715.72      474.15]
  [      720.4      463.51]
  [     704.58       465.8]
  [          0           0]
  [     678.65      469.08]
  [     741.65      515.83]
  [     651.74      512.65]
  [     759.72      583.36]
  [     589.47      531.28]
  [     740.77      635.03]
  [     580.43      499.58]
  [      720.7      664.34]
  [     661.56      662.67]
  [     721.26      767.76]
  [     660.69      766.34]
  [     725.19      859.77]
  [      661.3      851.69]]

 [[     864.35      425.32]
  [     868.42       416.9]
  [     851.38      419.76]
  [          0           0]
  [     828.28       435.3]
  [     900.65      485.32]
  [     814.93      498.89]
  [     938.84      550.12]
  [        802      575.59]
  [     925.72      616.82]
  [     792.09      641.67]
  [     883.88      647.31]
  [     826.98      650.92]
  [     891.04      761.89]
  [     828.69      763.06]
  [     897.31      872.87]
  [     836.24      868.34]]

 [[     983.26       388.6]
  [      992.9      376.61]
  [          0           0]
  [     1028.8       379.6]
  [          0           0]
  [     1081.7      437.99]
  [     985.35      450.42]
  [     1096.1      531.42]
  [     964.05      538.22]
  [     1023.4      590.24]
  [     974.46      589.08]
  [     1063.5      627.33]
  [     997.15      632.14]
  [     1072.5      767.09]
  [     1011.9      766.95]
  [     1087.4      897.22]
  [     1022.4       891.5]]]