[[[     274.85      485.79]
  [     284.56      480.57]
  [      272.9      478.77]
  [     305.41      489.15]
  [          0           0]
  [     323.81      532.89]
  [     255.82       529.8]
  [     351.63      582.81]
  [     239.87      577.55]
  [     321.98      630.29]
  [     234.19      622.77]
  [      304.4      647.32]
  [     258.92      644.87]
  [     308.38      729.37]
  [     258.19      727.67]
  [     307.75      809.72]
  [     267.37      807.94]]

 [[      73.42      501.52]
  [          0           0]
  [     65.176      496.22]
  [          0           0]
  [      39.12      505.82]
  [      61.08       546.1]
  [     12.224      544.23]
  [          0           0]
  [     5.2146      606.12]
  [          0           0]
  [          0           0]
  [     54.239      664.09]
  [     17.788       666.4]
  [          0           0]
  [     47.947      724.36]
  [          0           0]
  [          0           0]]

 [[          0           0]
  [          0           0]
  [          0           0]
  [          0           0]
  [     135.58      501.96]
  [     57.291      550.46]
  [     153.02       547.5]
  [     41.211      623.81]
  [      169.8      622.06]
  [     65.236       651.7]
  [     175.47      664.21]
  [     67.423      694.89]
  [     132.45      693.86]
  [          0           0]
  [          0           0]
  [          0           0]
  [          0           0]]]