[[[     645.52      404.19]
  [        659      394.53]
  [     642.32      394.04]
  [     689.62      405.91]
  [          0           0]
  [      714.1      479.98]
  [     614.81      463.26]
  [      715.8      559.34]
  [     559.98      475.43]
  [     655.79      588.06]
  [     507.89      465.01]
  [     677.85      648.41]
  [     611.53      642.14]
  [     675.12      761.79]
  [     604.06      759.25]
  [     686.61      865.83]
  [     610.04      861.02]]

 [[     785.99      378.85]
  [     796.81      365.63]
  [      781.1       369.1]
  [     832.06      369.54]
  [          0           0]
  [     879.98      440.15]
  [      779.7      454.32]
  [     927.99      519.88]
  [     767.33      542.38]
  [     907.85      596.66]
  [      753.3      615.61]
  [     857.82      627.09]
  [     790.75      631.32]
  [     862.67       758.9]
  [     793.02      760.39]
  [     873.67      886.19]
  [     808.29      873.36]]

 [[     980.42      317.89]
  [     993.82      304.47]
  [     977.35      305.55]
  [     1036.6      309.43]
  [          0           0]
  [     1088.5      381.82]
  [     971.26      396.15]
  [     1107.3      491.28]
  [     950.54      496.95]
  [     1024.6      562.74]
  [     963.69      560.47]
  [     1070.8      600.94]
  [     991.54      604.96]
  [     1084.9      763.67]
  [     1007.2      761.94]
  [     1098.6      912.08]
  [     1018.9      907.19]]]