[[[          0           0]
  [          0           0]
  [          0           0]
  [          0           0]
  [          0           0]
  [       1671      53.215]
  [     1338.1      111.01]
  [     1808.3      333.26]
  [     1287.3      378.41]
  [     1476.5      492.58]
  [     1281.9       486.6]
  [     1592.6      672.08]
  [     1367.3      674.35]
  [          0           0]
  [          0           0]
  [          0           0]
  [          0           0]]

 [[          0           0]
  [          0           0]
  [          0           0]
  [          0           0]
  [          0           0]
  [          0           0]
  [          0           0]
  [          0           0]
  [     71.912      455.51]
  [          0           0]
  [     355.15      876.68]
  [          0           0]
  [     157.78      954.56]
  [          0           0]
  [          0           0]
  [          0           0]
  [          0           0]]

 [[     852.12      163.93]
  [     858.04      145.52]
  [     820.16      143.41]
  [          0           0]
  [     758.98      174.53]
  [     911.72      332.63]
  [     688.74      313.49]
  [      908.7      501.37]
  [     634.41      485.15]
  [     846.14      594.61]
  [     724.43       581.8]
  [     876.16      705.73]
  [     722.16      699.66]
  [      858.7      980.65]
  [     681.16      978.01]
  [          0           0]
  [          0           0]]]