[[[     783.39      482.35]
  [     788.11      477.52]
  [     778.35       476.7]
  [          0           0]
  [     766.41      478.77]
  [     801.91      514.13]
  [     745.09      510.94]
  [     813.07      552.24]
  [     724.55      548.19]
  [     804.41       573.1]
  [     749.97      570.42]
  [     788.91      596.47]
  [      752.6      595.43]
  [     782.48      662.07]
  [     751.79      661.67]
  [     776.17      724.26]
  [     751.46      725.02]]

 [[     867.95      495.29]
  [     872.69      490.42]
  [      862.6      490.28]
  [          0           0]
  [     852.96      494.41]
  [     884.46      526.56]
  [     839.39      524.36]
  [          0           0]
  [     824.15      556.77]
  [          0           0]
  [     851.23      566.37]
  [     872.97       601.2]
  [     842.44       600.7]
  [     876.41      660.09]
  [     843.17      659.63]
  [     881.72      718.73]
  [     843.44       717.7]]

 [[          0           0]
  [     881.23      489.67]
  [          0           0]
  [     890.39      494.13]
  [          0           0]
  [     895.92      530.16]
  [     914.27      527.11]
  [     873.96      573.84]
  [          0           0]
  [     854.47      579.58]
  [          0           0]
  [     894.13      619.51]
  [     905.22      616.86]
  [     897.61      684.79]
  [     898.99       682.8]
  [     907.04      747.71]
  [     899.93      745.25]]]