[[[     593.01      467.09]
  [      594.6      459.14]
  [          0           0]
  [     606.57      452.14]
  [          0           0]
  [     616.87       490.3]
  [     666.34      481.11]
  [     599.74      557.59]
  [     695.14      545.58]
  [     571.87      607.61]
  [     680.75      602.26]
  [     627.78      614.56]
  [     659.74      607.62]
  [     633.09      709.91]
  [     648.81      699.54]
  [     647.23      806.18]
  [     665.99      785.03]]

 [[     252.31      493.63]
  [     259.62       487.9]
  [     245.19      486.55]
  [          0           0]
  [      231.3      490.34]
  [     270.73      536.21]
  [     208.46      526.42]
  [     279.24      582.66]
  [          0           0]
  [     305.59      591.95]
  [          0           0]
  [     248.12      634.81]
  [     206.24      631.78]
  [          0           0]
  [          0           0]
  [          0           0]
  [          0           0]]

 [[          0           0]
  [          0           0]
  [          0           0]
  [        126      477.45]
  [      169.4      481.67]
  [     87.869      523.85]
  [     183.75      527.46]
  [     61.034      593.05]
  [     203.53      601.06]
  [     53.431       644.8]
  [     218.55      645.75]
  [     90.202      666.95]
  [     158.49      667.23]
  [     76.259       732.8]
  [     148.64      721.17]
  [     62.385      838.48]
  [     142.39      813.11]]]