[[[          0           0]
  [          0           0]
  [          0           0]
  [          0           0]
  [     204.12      319.89]
  [     80.664      412.95]
  [     208.97      416.91]
  [          0           0]
  [      239.4         546]
  [          0           0]
  [     279.55      623.01]
  [     100.46      662.55]
  [     189.97      668.25]
  [     115.52      846.89]
  [     203.83      843.53]
  [     102.31      1025.6]
  [      192.9      1028.7]]

 [[     522.42      341.75]
  [     537.77      332.77]
  [     519.25      330.38]
  [     572.46      343.85]
  [          0           0]
  [     602.73      404.59]
  [     512.44      405.68]
  [     635.27       498.9]
  [     500.18      497.29]
  [     591.37      581.66]
  [     486.19      570.92]
  [     573.93      597.92]
  [     513.45      597.34]
  [     584.73      733.69]
  [     523.89      730.85]
  [     591.19       862.8]
  [     537.45       855.2]]]