[[[     328.37       479.8]
  [      336.6      473.98]
  [     324.63      473.64]
  [     354.28      478.88]
  [          0           0]
  [     376.07      514.14]
  [     311.12      515.89]
  [     411.46      555.82]
  [     298.21      559.66]
  [     396.13      599.65]
  [     288.15      602.88]
  [     362.75      619.52]
  [     320.15      619.29]
  [     366.79      692.79]
  [     319.03      692.99]
  [     375.46      769.73]
  [     332.99      770.12]]

 [[          0           0]
  [          0           0]
  [          0           0]
  [          0           0]
  [     227.38      489.13]
  [     162.78       535.9]
  [     245.26      533.92]
  [     142.57      597.67]
  [     270.66      593.33]
  [     171.66      627.35]
  [     279.91      623.84]
  [     170.22      661.01]
  [     226.98      660.29]
  [      167.6      723.59]
  [     230.66      724.53]
  [     168.02      811.08]
  [      225.6      815.97]]

 [[     149.74      489.69]
  [     152.45      481.63]
  [     140.27      482.77]
  [          0           0]
  [     118.84      488.35]
  [     149.24      531.13]
  [     102.16      528.77]
  [          0           0]
  [     64.421      572.26]
  [          0           0]
  [      80.95      615.68]
  [     137.78      638.93]
  [     106.05      639.32]
  [     139.94      714.54]
  [     94.965      717.89]
  [     122.63      786.84]
  [     76.368      800.57]]]