[[[     748.21      470.72]
  [     753.92      464.92]
  [     741.97       463.2]
  [          0           0]
  [     725.63       464.9]
  [     769.81      509.08]
  [      699.4      504.66]
  [     786.83      557.69]
  [     678.62      551.86]
  [     778.71      598.98]
  [     713.03      581.62]
  [     754.48      614.93]
  [      709.2      614.07]
  [     753.97      694.46]
  [     708.55         697]
  [     747.01       770.3]
  [     706.38      773.43]]

 [[     841.02      487.65]
  [     847.94      481.68]
  [     835.91      482.07]
  [      861.1      485.96]
  [          0           0]
  [     879.78      523.83]
  [     820.05      524.88]
  [     892.89      571.14]
  [     806.13      571.83]
  [     881.53      606.79]
  [     801.44      615.19]
  [     867.01      623.89]
  [     826.86      623.82]
  [     874.88      696.99]
  [     823.42      697.53]
  [     883.63      767.58]
  [     823.92      768.22]]

 [[          0           0]
  [     872.37      479.67]
  [          0           0]
  [     886.55      483.03]
  [          0           0]
  [     903.46      525.63]
  [     905.96      522.47]
  [     899.15      590.23]
  [          0           0]
  [     888.41      642.02]
  [          0           0]
  [     910.06      641.38]
  [     909.55      638.15]
  [      912.8      724.52]
  [     900.34      722.56]
  [     916.73      806.21]
  [     898.38      798.47]]]