[[[     658.57      305.93]
  [     681.81      292.53]
  [     651.38      294.87]
  [     728.81      318.02]
  [          0           0]
  [     769.02      433.42]
  [      605.6      416.03]
  [     789.57       572.2]
  [        481      407.58]
  [     739.14      681.99]
  [     461.94      281.66]
  [     712.94      717.78]
  [     605.45      712.51]
  [     723.44       923.1]
  [     605.71      915.85]
  [          0           0]
  [          0           0]]

 [[     876.73      235.39]
  [     898.14      216.85]
  [     872.57      220.44]
  [     960.36      233.45]
  [          0           0]
  [     1045.7      348.54]
  [     869.84      373.67]
  [     1133.6      484.92]
  [     850.22      533.05]
  [       1103      634.74]
  [      820.1      670.46]
  [     1004.5      694.04]
  [     888.19      696.18]
  [     1020.6      929.26]
  [     901.26      924.24]
  [          0           0]
  [          0           0]]

 [[       1269      53.174]
  [     1300.1      23.528]
  [     1251.4      33.374]
  [     1381.5      47.899]
  [          0           0]
  [     1479.3      204.83]
  [     1218.8      234.12]
  [     1554.8       408.8]
  [     1165.7      440.45]
  [     1366.5      585.47]
  [     1206.5      567.46]
  [     1427.3      658.26]
  [     1255.7      663.36]
  [     1452.2      986.84]
  [     1284.1      985.13]
  [          0           0]
  [          0           0]]]