[[[     269.89      430.01]
  [     283.99      415.94]
  [     256.05      414.17]
  [          0           0]
  [     223.82      406.16]
  [     290.15      481.39]
  [     179.31      476.91]
  [     304.96       571.7]
  [     138.24      585.53]
  [     321.12      644.08]
  [     164.79      661.49]
  [     275.43      682.51]
  [     206.57      684.27]
  [     260.48       817.5]
  [     218.07      820.94]
  [     249.23      934.32]
  [     196.91      959.16]]

 [[      584.5      403.51]
  [          0           0]
  [          0           0]
  [     594.86      382.64]
  [          0           0]
  [     580.59      441.05]
  [     705.22      437.52]
  [     550.13       534.6]
  [     746.42      530.81]
  [     565.37      599.34]
  [     748.49      596.39]
  [      611.7      636.93]
  [     696.58      637.73]
  [     615.13      771.19]
  [     694.04      786.41]
  [      618.6      897.88]
  [     688.82      941.56]]]