[[[      603.6      483.17]
  [     608.23      477.74]
  [      598.1      477.45]
  [          0           0]
  [     585.37      478.61]
  [     623.62      513.37]
  [     563.69      511.44]
  [     637.05      555.64]
  [     544.75      551.31]
  [     637.36       595.2]
  [     552.13      590.48]
  [      608.7       604.1]
  [     571.24      603.69]
  [     607.23      669.96]
  [     574.13         671]
  [     600.92      733.39]
  [     576.63      734.39]]

 [[     691.51      497.75]
  [     696.93      492.37]
  [     686.82      493.01]
  [     707.12      494.75]
  [          0           0]
  [     720.23      525.35]
  [     673.93       525.7]
  [     727.92      566.14]
  [     662.74       561.8]
  [     720.27       604.4]
  [     664.83      596.29]
  [     711.28      608.53]
  [     680.23      608.53]
  [     714.98      670.65]
  [     677.84      670.01]
  [     722.29      728.48]
  [     677.68      727.89]]

 [[     715.04      496.25]
  [     717.84      490.07]
  [          0           0]
  [     729.82      493.12]
  [          0           0]
  [     743.91      526.85]
  [     739.87      525.08]
  [     742.23      573.02]
  [          0           0]
  [     723.69      610.42]
  [          0           0]
  [     738.83      619.09]
  [     737.25      617.28]
  [     737.17      685.68]
  [     737.02      685.31]
  [     739.09      751.97]
  [     743.58      747.27]]]