[[[      363.6       409.3]
  [     376.64      400.09]
  [     358.53      398.68]
  [     406.18         407]
  [          0           0]
  [     435.73      462.51]
  [     343.82      463.64]
  [     470.69      533.89]
  [     330.55       535.4]
  [     438.09      606.61]
  [     326.94      599.75]
  [     417.51       624.4]
  [     356.34      625.94]
  [     432.33      735.66]
  [     363.36      737.73]
  [     438.12      837.93]
  [     370.93       839.2]]

 [[          0           0]
  [          0           0]
  [          0           0]
  [          0           0]
  [     133.65      408.94]
  [     13.846      476.88]
  [     147.13      478.49]
  [          0           0]
  [      164.9      579.93]
  [          0           0]
  [     185.05      640.35]
  [     27.442      683.37]
  [     117.36      687.55]
  [     52.728      812.55]
  [     121.44      819.44]
  [     67.259      948.53]
  [     106.83      960.95]]]