[[[     921.61         432]
  [     926.08      424.98]
  [     914.04      424.01]
  [          0           0]
  [     892.75      426.47]
  [     942.24      473.95]
  [     862.29      471.62]
  [     961.61       531.3]
  [     841.85       531.4]
  [     959.12      581.52]
  [     888.11      563.93]
  [     932.06      597.82]
  [     879.98      598.09]
  [     932.78      692.64]
  [     879.53      692.59]
  [     929.85      781.96]
  [      875.6      783.93]]

 [[     1033.4      448.88]
  [     1037.9      440.74]
  [     1023.4      445.65]
  [     1048.1      446.25]
  [     1012.8      458.13]
  [     1073.6      490.46]
  [     1003.6      500.49]
  [          0           0]
  [     983.93      546.39]
  [          0           0]
  [     1024.8      531.49]
  [     1064.7      612.38]
  [     1016.1      616.49]
  [     1074.9      702.59]
  [       1010       701.9]
  [     1083.4      782.98]
  [     1013.7       785.1]]

 [[          0           0]
  [          0           0]
  [          0           0]
  [     1081.6      437.86]
  [          0           0]
  [     1099.4      490.78]
  [       1123      485.41]
  [     1092.7      568.75]
  [          0           0]
  [     1077.3      632.08]
  [          0           0]
  [     1108.8      637.55]
  [     1125.2      633.69]
  [     1116.8      746.22]
  [     1119.2       740.8]
  [     1126.9      846.18]
  [     1123.5      837.95]]]