[[[     599.73      480.23]
  [     603.69      475.06]
  [     594.01      474.76]
  [          0           0]
  [     580.05      478.06]
  [     618.65      512.96]
  [     560.52       511.4]
  [     634.88      553.54]
  [      539.6      551.29]
  [     615.85      561.08]
  [     572.98      558.29]
  [     606.98      602.31]
  [     569.64      601.99]
  [     604.57       669.1]
  [      572.8      669.52]
  [     600.95      733.81]
  [     574.44      734.34]]

 [[     690.79      495.23]
  [     696.37      489.99]
  [     686.06      490.61]
  [     705.99      493.91]
  [      680.5      495.38]
  [     718.12      527.12]
  [     672.13      527.27]
  [     728.31      568.31]
  [     658.07      565.24]
  [     721.57      605.26]
  [     665.21      598.04]
  [     708.47      608.97]
  [     677.62      609.06]
  [     713.37      669.13]
  [     675.51      668.55]
  [     721.89      724.38]
  [      675.4      727.92]]

 [[          0           0]
  [     714.07      490.17]
  [          0           0]
  [     724.07      495.38]
  [          0           0]
  [     738.42      530.87]
  [     736.56      528.96]
  [     733.62      579.57]
  [          0           0]
  [     716.42      614.17]
  [          0           0]
  [     733.68      622.68]
  [     731.04      620.55]
  [     733.31       687.5]
  [     724.99      687.43]
  [     742.09      752.21]
  [     731.91      746.77]]]