[[[          0           0]
  [          0           0]
  [          0           0]
  [     185.03      483.25]
  [     221.38      482.05]
  [     160.07      529.57]
  [     241.46      525.62]
  [     150.83       593.3]
  [      256.1      587.29]
  [          0           0]
  [          0           0]
  [     170.54      646.27]
  [     228.57      644.38]
  [     179.69      718.32]
  [      243.7      712.97]
  [     183.77      801.11]
  [     231.19      794.92]]

 [[     339.91      474.75]
  [      347.5      468.99]
  [     335.71      468.93]
  [     364.92      472.02]
  [          0           0]
  [     389.06      509.17]
  [     324.64      511.12]
  [     412.26      553.91]
  [     312.21      557.75]
  [     428.25       596.7]
  [     287.34      596.35]
  [     375.36      609.87]
  [     335.08       609.5]
  [     373.05      680.75]
  [      333.4      682.38]
  [     372.24      760.94]
  [     349.19      758.01]]

 [[     157.36         479]
  [          0           0]
  [     149.26      472.65]
  [          0           0]
  [     126.83      478.87]
  [     154.83      519.41]
  [     109.32      518.73]
  [          0           0]
  [     101.96      554.34]
  [          0           0]
  [     141.52      522.14]
  [     150.73      623.94]
  [     117.22      625.31]
  [     148.11      701.82]
  [     110.79      704.19]
  [     132.06      776.52]
  [     91.038      786.18]]]