[[[     166.12      497.51]
  [     174.55      488.34]
  [     160.93      487.92]
  [     195.93      485.95]
  [          0           0]
  [      218.8       529.4]
  [     136.63      517.52]
  [     227.09      587.13]
  [     78.705      516.06]
  [     210.21       627.3]
  [     34.429      503.57]
  [     185.17      647.77]
  [     130.91      641.04]
  [     183.32      725.51]
  [     116.41      719.88]
  [     183.64      799.44]
  [     117.53      799.88]]

 [[     282.48      471.24]
  [     289.18      464.51]
  [          0           0]
  [      313.9      468.16]
  [          0           0]
  [     350.15      509.69]
  [     289.51      512.79]
  [     368.76      562.63]
  [     285.02      561.18]
  [     343.34      608.95]
  [     277.15      603.26]
  [     335.29      626.07]
  [     292.57      624.89]
  [     337.87      709.71]
  [     283.83      708.97]
  [     338.82      791.38]
  [     285.18      791.11]]

 [[     441.98      441.83]
  [      451.6      434.39]
  [     436.32      434.42]
  [     471.64      438.52]
  [          0           0]
  [     494.32      483.47]
  [      418.9      485.37]
  [     512.37      542.32]
  [     394.69      537.75]
  [     456.03      556.94]
  [      410.2       547.8]
  [     478.76      607.82]
  [     429.26      608.09]
  [     483.73       697.4]
  [     434.27      700.52]
  [     486.79      789.34]
  [     436.79      790.24]]]