[[[      893.2      393.27]
  [     900.84       384.8]
  [     883.41      382.43]
  [          0           0]
  [     857.96      385.33]
  [     917.78      447.61]
  [     821.17      441.21]
  [     940.65      520.58]
  [     789.58      514.61]
  [     935.57      578.54]
  [     848.53      554.97]
  [     900.08      602.96]
  [     836.44      601.55]
  [     893.64      719.04]
  [     832.17      719.34]
  [     885.19      825.64]
  [     826.85      831.85]]

 [[     1020.1      420.26]
  [       1027      409.49]
  [     1008.5      414.42]
  [     1040.4      414.03]
  [     994.58      426.02]
  [     1073.5      473.63]
  [     983.74      477.28]
  [     1097.7      537.12]
  [     953.55      545.36]
  [     1059.5      553.85]
  [     986.99      554.73]
  [     1056.3      624.33]
  [     995.21      624.77]
  [     1072.2      731.88]
  [     1002.5      733.48]
  [     1082.7       835.7]
  [     1014.5      831.56]]

 [[     1074.5      399.02]
  [     1079.4      385.85]
  [          0           0]
  [     1102.8      389.25]
  [          0           0]
  [     1124.3      457.39]
  [     1131.2      457.56]
  [     1109.5      560.67]
  [          0           0]
  [     1081.5      642.13]
  [          0           0]
  [     1133.2      657.24]
  [     1136.2      656.04]
  [     1135.5      799.22]
  [     1131.1      796.11]
  [     1147.2       922.8]
  [     1138.1      910.97]]]