[[[       1581       117.2]
  [     1575.1      63.289]
  [          0           0]
  [     1680.8           0]
  [          0           0]
  [     1731.6      140.65]
  [       1920      134.52]
  [     1589.4      543.02]
  [          0           0]
  [     1421.2      716.49]
  [          0           0]
  [     1816.4      927.61]
  [          0           0]
  [          0           0]
  [          0           0]
  [          0           0]
  [          0           0]]

 [[     694.06       498.7]
  [     699.05       493.4]
  [     688.67      494.03]
  [     706.54      496.18]
  [     680.82      497.66]
  [     721.21      524.55]
  [     669.22      527.87]
  [     745.97      553.76]
  [     647.68      562.98]
  [      730.9      582.52]
  [     664.98      594.88]
  [     713.12      607.93]
  [      679.8      608.94]
  [     714.02      670.15]
  [     681.39      669.47]
  [     716.07      728.84]
  [     684.92      728.53]]

 [[     388.14      483.96]
  [     394.55       478.9]
  [     382.84      477.38]
  [     401.07       481.5]
  [     371.01      477.52]
  [     411.32      510.57]
  [     349.85      508.43]
  [     431.76      549.06]
  [     322.82      545.74]
  [     424.39      577.04]
  [     348.31      539.48]
  [      400.3       603.4]
  [     360.08      603.21]
  [     407.63      672.47]
  [     360.45      674.04]
  [     411.84      739.45]
  [     361.45      739.65]]]