[[[     30.033      220.42]
  [          0           0]
  [     12.834      199.42]
  [          0           0]
  [          0           0]
  [          0           0]
  [          0           0]
  [          0           0]
  [     18.149      546.27]
  [          0           0]
  [      57.45      686.44]
  [          0           0]
  [          0           0]
  [          0           0]
  [          0           0]
  [          0           0]
  [          0           0]]

 [[     563.93      265.13]
  [     584.47      249.71]
  [      558.7      248.71]
  [     635.64      262.73]
  [          0           0]
  [     686.12      359.11]
  [     561.39      368.11]
  [     736.58      484.13]
  [     560.76      496.84]
  [     675.73      595.48]
  [     538.05      594.27]
  [     654.45      622.58]
  [     570.03      623.47]
  [      669.6      816.58]
  [     592.91      815.84]
  [     683.27      999.56]
  [     607.13      991.38]]

 [[     199.99         309]
  [     201.91      291.54]
  [     176.89      295.28]
  [          0           0]
  [        125      315.88]
  [     244.95      422.02]
  [     72.322      414.95]
  [     235.27      545.19]
  [          0           0]
  [          0           0]
  [          0           0]
  [     221.92      690.54]
  [     107.86      689.04]
  [      198.4      879.54]
  [      83.78      881.19]
  [     159.06      1041.1]
  [     58.877      1037.5]]]