[[[     1253.6       302.7]
  [     1269.7      291.18]
  [     1238.1       288.9]
  [     1287.6       310.5]
  [     1210.2      306.46]
  [     1325.9      394.41]
  [     1171.5      406.91]
  [     1406.3      440.22]
  [     1139.6      524.12]
  [     1358.4      500.06]
  [     1138.6      633.62]
  [     1299.4      654.23]
  [     1198.6      653.53]
  [     1295.9      830.46]
  [       1185      829.02]
  [     1294.6      1002.3]
  [       1177         983]]

 [[       1004      278.13]
  [     1015.2      266.02]
  [     987.11      261.21]
  [          0           0]
  [     945.29      269.94]
  [     1038.7      374.86]
  [     884.96      360.38]
  [     1064.7      493.55]
  [     827.62      479.87]
  [     1068.4      590.47]
  [     941.82      506.07]
  [     1013.2       624.1]
  [     909.13      621.92]
  [     1008.7      810.47]
  [     900.79      814.63]
  [       1004      984.56]
  [     886.61      998.17]]

 [[     1398.5         231]
  [     1401.6      203.06]
  [          0           0]
  [     1450.8       193.9]
  [          0           0]
  [     1519.5      331.48]
  [     1520.5      323.45]
  [     1496.1      552.46]
  [          0           0]
  [     1430.8      736.83]
  [          0           0]
  [     1492.6      763.88]
  [     1485.4      751.15]
  [     1493.6      1044.1]
  [          0           0]
  [          0           0]
  [          0           0]]]