[[[     1009.2      452.91]
  [     1015.3      444.21]
  [     1000.2      446.74]
  [     1026.8      449.34]
  [     989.62      456.05]
  [     1052.7      499.02]
  [      974.1      506.09]
  [     1068.8      557.82]
  [     957.95      559.65]
  [     1044.2      564.48]
  [     993.28      548.76]
  [     1045.3      631.23]
  [     994.38      635.23]
  [     1057.6      727.05]
  [     1002.5      731.42]
  [     1065.3      814.48]
  [     1018.9      818.09]]

 [[     888.78      437.58]
  [     894.76      428.77]
  [        880      427.72]
  [          0           0]
  [     856.82      427.82]
  [     909.44         479]
  [     824.63      475.15]
  [     929.03      542.46]
  [     796.32      542.92]
  [     924.28      597.85]
  [     849.36      578.53]
  [     895.39      616.27]
  [     839.45      616.11]
  [     895.66       719.6]
  [     841.18      721.45]
  [     891.79      815.51]
  [     842.27      817.64]]

 [[          0           0]
  [          0           0]
  [          0           0]
  [     1065.6       439.2]
  [          0           0]
  [     1095.5      496.52]
  [     1113.3      489.11]
  [     1083.1      586.16]
  [     1093.5       574.5]
  [     1061.2       657.2]
  [          0           0]
  [     1103.7      663.07]
  [     1113.2      657.52]
  [       1112      781.32]
  [     1104.9      775.13]
  [     1124.1      886.35]
  [     1106.2      873.62]]]