[[[     329.99      480.79]
  [     337.33      474.42]
  [     326.01      474.09]
  [     356.49      473.64]
  [          0           0]
  [     383.84      508.08]
  [     314.03      507.96]
  [     407.51      554.62]
  [     296.92      552.01]
  [     411.53      601.55]
  [     277.12       593.9]
  [     371.55      608.98]
  [     327.73      607.79]
  [     371.46      679.42]
  [     325.83      680.05]
  [     370.88       758.6]
  [     342.43       755.4]]

 [[          0           0]
  [          0           0]
  [          0           0]
  [          0           0]
  [     207.49      478.17]
  [     144.53      524.63]
  [     227.57      522.97]
  [          0           0]
  [     245.04      592.77]
  [          0           0]
  [          0           0]
  [     154.07      651.55]
  [     215.74      650.53]
  [     158.45      709.32]
  [     239.89      703.41]
  [     166.34      805.65]
  [     228.53      797.88]]

 [[     160.18      482.69]
  [          0           0]
  [     152.54      475.16]
  [          0           0]
  [     130.11      477.68]
  [     154.11      519.17]
  [     104.11      516.66]
  [          0           0]
  [     65.466      562.05]
  [          0           0]
  [     89.762      606.94]
  [     137.71      629.96]
  [     107.39      629.69]
  [     127.29      697.81]
  [     113.93      698.64]
  [     119.23         787]
  [     100.06      782.77]]]