[[[     757.08       481.6]
  [     762.13      475.51]
  [     750.24      474.58]
  [          0           0]
  [     733.17      477.16]
  [     776.82      518.15]
  [     709.89      514.23]
  [     792.69      565.01]
  [     684.96      561.16]
  [     786.08      605.88]
  [     722.53      586.72]
  [     760.51      621.61]
  [     716.92      620.62]
  [     760.28         701]
  [     715.29      700.51]
  [     753.47      774.26]
  [     713.25      777.14]]

 [[     856.59      495.25]
  [     859.95      488.23]
  [          0           0]
  [     873.31      490.46]
  [          0           0]
  [     885.27      530.58]
  [     892.15      528.74]
  [     877.82      592.68]
  [          0           0]
  [     863.93      643.56]
  [          0           0]
  [     885.56      645.53]
  [     890.61      643.42]
  [      889.9      728.09]
  [     889.43      727.47]
  [      899.7      804.94]
  [      895.9      800.94]]

 [[     848.53      496.92]
  [     854.14      490.74]
  [     841.67      492.04]
  [     862.73      494.92]
  [     832.54      498.03]
  [     877.23      532.55]
  [     820.81       534.5]
  [          0           0]
  [      806.2      579.59]
  [          0           0]
  [     805.24      623.88]
  [      865.6      630.15]
  [     828.24      630.99]
  [     871.76       701.3]
  [     827.17      701.36]
  [     876.43      766.64]
  [     825.41      768.29]]]