[[[     376.29       496.9]
  [     382.46      491.31]
  [     371.78      490.76]
  [      396.5      487.83]
  [          0           0]
  [     416.77      510.76]
  [     357.51      510.45]
  [     439.54      553.83]
  [     333.67      546.05]
  [     418.37      588.05]
  [     353.12      534.96]
  [     404.23      602.44]
  [     365.31      601.84]
  [     409.21      670.87]
  [     363.95      670.91]
  [     413.97      738.39]
  [     361.74      739.32]]

 [[     760.18       478.7]
  [     765.79      473.03]
  [     753.88      473.13]
  [     772.65      478.29]
  [     742.97      478.27]
  [     785.95      516.74]
  [     723.75      518.08]
  [     792.71       558.6]
  [     707.51      562.92]
  [     789.24      588.66]
  [     723.09      598.32]
  [      780.1      612.44]
  [     738.95      613.97]
  [     788.74      683.04]
  [      740.2      686.12]
  [      785.2      755.81]
  [     744.44       759.3]]]