[[[     856.97      427.25]
  [     857.32      414.44]
  [          0           0]
  [     874.54      396.83]
  [          0           0]
  [     904.16      432.74]
  [     954.52      435.14]
  [     929.88      526.46]
  [          0           0]
  [     911.44      622.26]
  [          0           0]
  [      924.6      628.04]
  [     975.87      627.35]
  [     870.82      769.66]
  [     985.17      768.24]
  [     837.09         902]
  [     1030.6      906.51]]

 [[      67.55      464.81]
  [      64.38      448.33]
  [          0           0]
  [     77.594      427.59]
  [          0           0]
  [     103.39      491.16]
  [     185.98      479.48]
  [     115.39       596.7]
  [     164.26         592]
  [     98.748      674.59]
  [     76.677      651.22]
  [     130.92       710.2]
  [     200.36      702.77]
  [          0           0]
  [          0           0]
  [          0           0]
  [          0           0]]

 [[     463.22      462.99]
  [     470.13      451.62]
  [          0           0]
  [     500.19      450.43]
  [          0           0]
  [     510.23      498.38]
  [     517.93      497.38]
  [     535.98      561.79]
  [     476.64      549.41]
  [     486.54      608.79]
  [     450.97      499.95]
  [     513.14      640.71]
  [     532.71      638.92]
  [     469.53      743.75]
  [     551.28      738.56]
  [     459.64      841.47]
  [        581      835.67]]]