[[[     374.16       499.8]
  [     379.71      493.73]
  [     369.35      493.63]
  [     393.74       487.8]
  [          0           0]
  [     415.72      510.66]
  [     356.53      511.21]
  [     439.11      555.43]
  [     332.85       547.1]
  [     416.21      590.74]
  [     352.95      532.99]
  [      403.2      603.78]
  [     364.37      603.36]
  [     408.28      672.71]
  [     363.93      672.35]
  [     413.84       739.4]
  [     361.69      739.39]]

 [[          0           0]
  [          0           0]
  [          0           0]
  [     747.18      478.76]
  [     776.68      475.61]
  [     740.97      510.19]
  [     803.77       504.8]
  [      730.1      553.24]
  [     836.53      541.21]
  [     737.61      593.03]
  [     821.86      581.29]
  [     758.27      613.38]
  [     799.82      610.02]
  [     762.47      692.33]
  [     802.44      682.84]
  [     767.36      772.33]
  [     800.11      753.86]]]