[[[     1257.6      148.86]
  [     1270.8       130.5]
  [     1231.5      126.38]
  [          0           0]
  [     1171.7      144.96]
  [       1308      296.18]
  [     1090.5      278.43]
  [     1350.6      458.03]
  [       1023      439.18]
  [     1354.5      588.32]
  [     1170.8      513.78]
  [     1271.3      636.36]
  [     1129.2      635.38]
  [     1262.8      897.61]
  [       1134      900.33]
  [          0           0]
  [          0           0]]

 [[     1665.4      159.14]
  [     1676.9      132.94]
  [     1628.4      146.31]
  [     1702.1      155.46]
  [     1581.6      190.66]
  [     1788.6      292.26]
  [     1529.5      333.01]
  [     1913.6      368.65]
  [     1479.3      493.91]
  [     1855.3      474.84]
  [     1485.6      649.62]
  [     1743.1      680.37]
  [     1574.7      686.08]
  [     1730.7      955.64]
  [     1540.2      942.02]
  [          0           0]
  [          0           0]]]