[[[     879.49      453.07]
  [     887.39      445.49]
  [     879.11      445.85]
  [     913.19      449.82]
  [          0           0]
  [     945.17      493.94]
  [     878.21       501.6]
  [     981.02      541.84]
  [     872.15      561.83]
  [     975.89      595.04]
  [     859.76      613.41]
  [     931.48       625.9]
  [     886.26      626.57]
  [     935.09      717.39]
  [      886.1      715.54]
  [     944.22      807.03]
  [     895.31      803.35]]

 [[     803.07      476.56]
  [     808.15      468.45]
  [     794.34      469.56]
  [          0           0]
  [     774.45      474.93]
  [     826.62      518.94]
  [     755.81      511.46]
  [     836.59      574.59]
  [     713.32      512.24]
  [     825.19      617.99]
  [     666.11      495.02]
  [     805.42      637.61]
  [     758.06      632.81]
  [     804.09      719.59]
  [     755.94      715.24]
  [     810.44      797.26]
  [     754.52      791.34]]

 [[     1024.2      415.73]
  [     1033.2      405.78]
  [     1020.9      406.03]
  [     1059.4         408]
  [          0           0]
  [     1088.7      460.63]
  [       1021      464.42]
  [     1089.9       532.9]
  [     1008.2      529.16]
  [     1030.1      581.68]
  [     1002.9      578.64]
  [       1076      608.79]
  [       1029      608.84]
  [     1085.7      718.67]
  [     1031.1      720.23]
  [       1097      823.19]
  [     1034.6      813.31]]]