[[[     755.51       480.5]
  [     759.44      470.63]
  [     746.47      472.22]
  [          0           0]
  [      721.8      474.81]
  [     774.51      516.73]
  [     695.21      515.09]
  [     793.98      579.52]
  [     638.92      526.68]
  [     780.38      630.39]
  [     630.88      491.43]
  [     759.07      650.28]
  [     706.47      649.16]
  [      759.4      742.19]
  [      704.3      739.31]
  [     762.01      824.42]
  [     701.74      818.51]]

 [[     1004.5      401.81]
  [     1015.7      391.59]
  [     999.77      392.16]
  [     1044.9      396.81]
  [          0           0]
  [     1077.5      449.49]
  [     989.95       460.4]
  [     1093.8      531.24]
  [     972.03       537.3]
  [     1031.3      584.11]
  [      984.3      586.15]
  [     1066.2      614.24]
  [       1007      619.61]
  [     1073.6      738.71]
  [     1016.7      738.46]
  [       1080      854.34]
  [     1022.9      849.77]]

 [[     844.01      445.58]
  [     852.11       435.8]
  [     841.91      437.11]
  [     880.21      439.24]
  [          0           0]
  [     916.18      492.35]
  [      842.2      500.79]
  [     949.84      552.07]
  [     830.29      569.99]
  [     936.81      609.36]
  [     818.95      627.14]
  [     899.55      635.77]
  [     849.54      638.08]
  [     903.55      734.38]
  [     849.53      736.86]
  [     912.96      828.58]
  [      857.8      828.14]]]