[[[     1203.9      179.03]
  [     1216.1      163.04]
  [     1178.4      159.73]
  [          0           0]
  [     1125.7      180.22]
  [     1260.7      316.15]
  [     1051.5      301.66]
  [       1298      467.66]
  [     987.32      459.81]
  [     1303.7         591]
  [     1134.4      507.31]
  [     1231.9      638.95]
  [       1093      638.93]
  [     1228.7      882.87]
  [     1102.6      885.74]
  [          0           0]
  [          0           0]]

 [[     1607.1      196.95]
  [     1620.5      172.07]
  [     1573.1      183.43]
  [     1644.6      193.02]
  [     1529.9      222.53]
  [     1720.3      319.85]
  [     1483.4      352.43]
  [     1843.1      398.19]
  [     1432.1      502.09]
  [     1763.5      473.13]
  [       1428      646.53]
  [     1680.4      685.29]
  [     1527.2      688.72]
  [     1674.4      942.41]
  [     1498.5      931.32]
  [          0           0]
  [          0           0]]]