[[[     822.24      474.53]
  [     826.99         470]
  [     816.77      469.03]
  [          0           0]
  [     804.06      472.38]
  [     840.49       508.5]
  [     782.62      505.69]
  [     856.02      548.84]
  [     762.59      541.52]
  [     845.36      579.83]
  [     791.58      552.15]
  [     828.88      592.64]
  [     791.57      592.16]
  [     828.54      656.79]
  [     787.96      657.72]
  [     825.26      721.16]
  [     786.57      720.99]]

 [[     911.63      492.65]
  [     914.81       487.2]
  [          0           0]
  [     925.55      491.35]
  [          0           0]
  [     931.44      522.71]
  [     954.85      519.87]
  [     900.81      550.15]
  [          0           0]
  [     875.62      531.85]
  [          0           0]
  [     932.06      613.46]
  [     946.63      610.77]
  [     933.12      681.28]
  [     935.77      680.97]
  [     942.18      745.22]
  [     939.36      741.89]]

 [[     902.32      491.59]
  [      907.1      486.32]
  [     896.97      486.94]
  [          0           0]
  [     888.84      491.71]
  [     925.09      522.33]
  [     879.07      523.47]
  [          0           0]
  [     870.55      559.56]
  [          0           0]
  [     886.15      586.73]
  [     919.33      600.27]
  [     887.88      600.33]
  [     917.34       662.7]
  [     883.45      661.47]
  [     916.08      718.94]
  [     878.64      715.94]]]