[[[      312.6       397.6]
  [      324.9       389.5]
  [     309.26      387.88]
  [     354.55      396.59]
  [          0           0]
  [     385.27      449.67]
  [      299.3      449.27]
  [        417      521.98]
  [     288.72      519.69]
  [      380.9      588.23]
  [     280.16      578.57]
  [     363.77      605.27]
  [     307.98      602.96]
  [     366.37      715.27]
  [     312.61      714.18]
  [      365.5      820.16]
  [     317.34      816.74]]

 [[          0           0]
  [          0           0]
  [          0           0]
  [          0           0]
  [     92.896      395.07]
  [     4.1691      461.34]
  [      111.2      462.85]
  [          0           0]
  [     132.19      559.55]
  [          0           0]
  [     142.43      608.73]
  [     10.618      647.27]
  [     88.097      646.69]
  [     12.887      764.51]
  [     109.42      764.08]
  [     9.1039      904.93]
  [     109.58      901.38]]]