[[[     765.03       469.9]
  [     769.77      464.44]
  [     759.48      463.22]
  [          0           0]
  [     744.08      464.99]
  [     783.87       505.7]
  [     717.77      502.13]
  [     801.69      553.01]
  [     697.76      547.76]
  [     794.83      592.26]
  [     733.15       575.6]
  [     771.67      606.59]
  [     729.05       605.8]
  [     768.85      682.45]
  [     727.38      683.34]
  [     765.13      755.12]
  [     725.47      755.03]]

 [[     868.55      482.24]
  [     871.93       475.1]
  [          0           0]
  [      884.6      478.82]
  [          0           0]
  [      891.5       520.2]
  [        903      518.76]
  [     877.64      578.33]
  [          0           0]
  [     863.82       626.6]
  [          0           0]
  [     889.72      630.74]
  [     898.24      629.16]
  [     893.66      709.23]
  [     895.67      709.49]
  [     902.82      784.66]
  [     903.22      780.19]]

 [[     851.59      484.71]
  [     857.07      478.56]
  [     845.26      479.59]
  [        866      482.52]
  [     837.06      485.08]
  [      880.9      520.19]
  [     828.92      521.87]
  [          0           0]
  [     818.29      562.75]
  [          0           0]
  [     819.26      597.36]
  [     871.37      616.24]
  [     836.99      616.99]
  [     877.37      683.94]
  [     838.44      684.03]
  [     879.99      748.85]
  [     840.95      746.52]]]