[[[     820.61      465.97]
  [     822.81      460.88]
  [     815.22      460.24]
  [          0           0]
  [     797.84      461.87]
  [     829.22      495.84]
  [     775.56      492.95]
  [     842.87      538.79]
  [     757.43      533.37]
  [     839.76      575.33]
  [     790.77      546.56]
  [      820.5      586.39]
  [      784.9      586.02]
  [     820.45      654.17]
  [     783.12      653.54]
  [      817.5      718.48]
  [     781.82      717.66]]

 [[          0           0]
  [          0           0]
  [          0           0]
  [     918.49       477.1]
  [          0           0]
  [      928.3      511.85]
  [     946.35      509.53]
  [     921.42      560.51]
  [          0           0]
  [     906.27      592.39]
  [          0           0]
  [     927.88      608.23]
  [     940.14      606.17]
  [     932.11      674.56]
  [     931.76      675.75]
  [     944.42      743.13]
  [     936.14      739.57]]

 [[     901.46      477.26]
  [     906.52      472.25]
  [     897.05      472.06]
  [     914.17      476.56]
  [          0           0]
  [      924.8      509.66]
  [     882.31      509.32]
  [          0           0]
  [     872.39      548.55]
  [          0           0]
  [     887.18      579.65]
  [     914.74      594.92]
  [     885.68      594.71]
  [     920.61       655.2]
  [     883.19      655.43]
  [     921.77      715.33]
  [     883.13      713.67]]]