[[[     815.79      423.41]
  [     816.89      410.49]
  [          0           0]
  [     835.57      394.75]
  [          0           0]
  [     864.07      433.35]
  [     918.82      435.95]
  [     891.95      532.42]
  [     955.91      530.48]
  [     871.65      628.63]
  [     915.08      595.86]
  [     879.96      629.54]
  [     930.93      627.03]
  [     832.47      763.15]
  [     928.42      760.11]
  [     834.85      901.27]
  [     1013.9      877.42]]

 [[          0           0]
  [          0           0]
  [          0           0]
  [     7.0441      434.91]
  [          0           0]
  [     28.817      491.56]
  [     120.18      486.42]
  [     43.282      598.43]
  [          0           0]
  [     40.706      696.38]
  [          0           0]
  [     63.099      702.87]
  [     134.07       699.1]
  [          0           0]
  [          0           0]
  [          0           0]
  [          0           0]]

 [[     426.38      466.56]
  [     431.64      455.71]
  [          0           0]
  [     458.26      451.37]
  [          0           0]
  [     475.71      495.64]
  [     486.74      494.26]
  [     486.67      565.82]
  [     459.83       538.7]
  [     441.44      605.15]
  [     434.58      499.26]
  [     477.03      640.59]
  [     497.37       640.5]
  [     440.24      735.11]
  [     512.33      746.34]
  [      442.4       845.9]
  [          0           0]]]