[[[     573.28      478.25]
  [     577.98      472.64]
  [      567.1      473.43]
  [          0           0]
  [     555.99      477.03]
  [     598.97      508.24]
  [     539.28      510.68]
  [     608.33      548.02]
  [      522.3      552.92]
  [     614.09      586.65]
  [     514.93      598.84]
  [     591.98      602.25]
  [     553.25      603.74]
  [     595.74      670.92]
  [     553.32      672.48]
  [     600.09       735.2]
  [      556.4      738.37]]

 [[     679.15      503.52]
  [     684.25      497.56]
  [     674.21      498.58]
  [     696.92      497.08]
  [          0           0]
  [     716.72      527.27]
  [     665.49      530.74]
  [      732.9      564.01]
  [     657.81       569.2]
  [     729.12      597.12]
  [     656.74      606.78]
  [     710.77      612.01]
  [     677.14      613.03]
  [      715.5      671.32]
  [     676.66      671.27]
  [     721.54      727.69]
  [     677.22      728.87]]

 [[      742.5       499.3]
  [      745.1      492.97]
  [          0           0]
  [     757.13      493.74]
  [          0           0]
  [     761.47       528.6]
  [     788.35      525.45]
  [     754.93      577.61]
  [          0           0]
  [     748.22      619.95]
  [          0           0]
  [     764.18      623.51]
  [     785.84      621.18]
  [     759.74         690]
  [     776.35      687.09]
  [     765.46      757.61]
  [     796.81      742.77]]]