[[[          0           0]
  [          0           0]
  [          0           0]
  [     970.63      408.86]
  [          0           0]
  [     955.35      476.36]
  [     1066.1      465.65]
  [     925.12       566.7]
  [     1102.2      561.99]
  [     937.22      576.21]
  [     1131.4      643.08]
  [     980.66      663.67]
  [     1049.2      655.24]
  [     994.09      799.83]
  [     1038.7      769.73]
  [       1013      941.41]
  [     1038.2      880.62]]

 [[     693.16      494.38]
  [     698.59      489.64]
  [     688.07       489.9]
  [     706.31      493.98]
  [     680.64      494.63]
  [     720.47      525.35]
  [      668.5      526.97]
  [     738.95      555.82]
  [     653.92      558.48]
  [     738.69      586.21]
  [     650.83      590.18]
  [     710.67       609.3]
  [     676.76      609.88]
  [     712.86      670.75]
  [     675.66      671.12]
  [     716.55      730.29]
  [     675.27       730.9]]

 [[     500.48      505.08]
  [     504.81      499.46]
  [     497.05      499.03]
  [          0           0]
  [     480.18      493.12]
  [     491.75      518.56]
  [     453.52      517.36]
  [     488.27      557.19]
  [     442.49       561.2]
  [     489.59      583.99]
  [        477      588.59]
  [     473.66      602.01]
  [     453.21      601.95]
  [     452.22      672.14]
  [     464.59      669.59]
  [     420.76      732.53]
  [     470.44      741.92]]]