[[[     626.76      379.12]
  [     643.25      370.35]
  [     622.55       370.4]
  [     674.33      389.99]
  [          0           0]
  [     697.25      471.49]
  [     586.79      449.89]
  [      707.8      560.59]
  [     508.33      423.08]
  [     692.57      625.76]
  [     452.59      368.03]
  [     653.41      655.56]
  [     582.41      648.54]
  [     653.68      785.83]
  [      579.6      779.61]
  [     663.36      897.78]
  [     581.85      891.27]]

 [[     761.84      354.17]
  [     773.78      341.29]
  [     758.85      344.04]
  [     813.25      348.73]
  [          0           0]
  [     871.41      426.17]
  [     758.88       440.7]
  [     925.61      513.37]
  [     750.87      537.85]
  [     900.97       599.3]
  [     733.96      618.41]
  [     846.99      633.86]
  [     772.74      635.18]
  [     855.27      777.83]
  [     780.68      777.42]
  [     876.44       915.3]
  [     798.53      901.33]]

 [[     1004.1      273.09]
  [     1021.2      258.95]
  [     998.79      259.79]
  [     1064.5      273.03]
  [          0           0]
  [     1114.6      365.58]
  [     982.56       373.1]
  [     1137.1      478.52]
  [      948.2      482.35]
  [     1036.9      534.56]
  [     962.67         523]
  [     1087.3      604.35]
  [     999.16      604.59]
  [     1106.4      785.79]
  [     1019.9      786.73]
  [       1123      953.78]
  [     1035.4      944.33]]]