[[[     785.99      475.29]
  [     790.55      470.64]
  [     780.77      469.75]
  [          0           0]
  [     768.32      472.24]
  [     803.37      506.44]
  [     747.63      504.33]
  [     819.35      544.41]
  [     728.83      540.93]
  [     814.27      574.69]
  [     758.45      549.27]
  [     790.77      591.91]
  [     754.88      591.29]
  [     787.93      655.89]
  [     755.75      655.84]
  [     783.42      718.83]
  [     757.43      717.35]]

 [[          0           0]
  [          0           0]
  [          0           0]
  [     890.72       486.6]
  [          0           0]
  [      902.4       522.9]
  [     912.55      519.77]
  [     896.22      572.21]
  [          0           0]
  [     882.79      608.21]
  [          0           0]
  [     904.91      613.44]
  [     911.31      611.13]
  [     905.66      675.02]
  [     903.42      674.99]
  [     913.34      740.11]
  [     905.46      736.12]]

 [[     857.26      490.78]
  [     861.57      485.57]
  [     851.68      487.17]
  [     869.16      489.04]
  [     845.31      492.87]
  [     883.91      519.65]
  [      837.9      522.92]
  [      892.4      558.33]
  [     830.84      558.75]
  [     881.76      591.94]
  [     847.81      587.68]
  [     879.06      598.41]
  [     848.16       600.2]
  [     884.22      657.76]
  [     850.71      659.27]
  [     892.62      711.05]
  [     851.36      713.37]]]