[[[     589.73      256.41]
  [     610.52      240.29]
  [     583.44      240.93]
  [      663.2      253.86]
  [          0           0]
  [     718.63      352.87]
  [     582.98      363.21]
  [     769.38      493.97]
  [     572.89      507.89]
  [     698.32      616.42]
  [     546.36      611.01]
  [     673.41      646.61]
  [     586.33      643.13]
  [     689.14      857.55]
  [     602.39      849.14]
  [     696.66      1043.9]
  [     624.83      1036.1]]

 [[     171.43      300.85]
  [     190.72       286.5]
  [      150.2      287.25]
  [     217.98      309.95]
  [     115.78      310.65]
  [     257.19      420.81]
  [     67.422      410.67]
  [     245.45      550.55]
  [          0           0]
  [     189.77       635.3]
  [          0           0]
  [     223.85      705.92]
  [      98.72      700.49]
  [     190.67      911.15]
  [     58.025      902.06]
  [     144.55      1067.1]
  [          0           0]]

 [[          0           0]
  [          0           0]
  [          0           0]
  [          0           0]
  [          0           0]
  [          0           0]
  [          0           0]
  [          0           0]
  [          0           0]
  [          0           0]
  [          0           0]
  [          0           0]
  [          0           0]
  [          0           0]
  [          0           0]
  [          0           0]
  [          0           0]]]