[[[     373.87       499.4]
  [     379.77      493.47]
  [     369.23      493.21]
  [     394.37      488.81]
  [          0           0]
  [     415.52      511.58]
  [     356.42      511.59]
  [     438.72      555.47]
  [     332.06      546.51]
  [     415.37      591.75]
  [      353.2      531.63]
  [     403.38       604.1]
  [     364.47      603.53]
  [      408.9      673.01]
  [     363.77      672.34]
  [     413.69      738.36]
  [     361.89      739.48]]

 [[     863.19      439.31]
  [     871.38       430.5]
  [     853.68      432.04]
  [     883.56      438.93]
  [     838.84       442.2]
  [     902.86      494.87]
  [     820.88      497.08]
  [     914.97      551.55]
  [     794.88      558.45]
  [      913.2      601.46]
  [     827.85      602.02]
  [     896.02      628.95]
  [     844.89      631.96]
  [     911.52      735.39]
  [      859.6      735.35]
  [     878.26      808.56]
  [     864.59       842.4]]]