[[[          0           0]
  [          0           0]
  [      353.7      322.62]
  [          0           0]
  [     326.73      331.31]
  [     203.93      430.93]
  [     329.31       438.4]
  [          0           0]
  [     361.86      583.44]
  [          0           0]
  [      419.2      668.54]
  [     220.77      711.75]
  [     309.99      720.41]
  [     235.93      918.15]
  [     323.45      922.34]
  [          0           0]
  [          0           0]]

 [[     689.81      352.38]
  [     706.77      342.95]
  [     687.49      339.59]
  [     745.26      355.17]
  [          0           0]
  [     774.82       422.4]
  [     684.99      423.56]
  [     802.94      527.64]
  [     679.37      527.96]
  [      735.3      605.61]
  [     659.92      604.42]
  [     743.38       628.9]
  [     681.09      627.51]
  [     752.12      782.03]
  [      685.2      777.22]
  [     760.58      924.83]
  [     692.72      913.26]]

 [[     387.86      378.55]
  [     391.93       367.5]
  [     375.58      366.06]
  [          0           0]
  [     344.31      373.43]
  [     389.56      460.84]
  [          0           0]
  [     410.22       555.5]
  [          0           0]
  [      431.9      631.19]
  [          0           0]
  [     389.81       656.6]
  [          0           0]
  [     402.52      800.18]
  [      350.6      800.88]
  [     402.12      916.64]
  [     353.44      925.27]]]