[[[          0           0]
  [          0           0]
  [     346.13      327.21]
  [          0           0]
  [     320.57       337.6]
  [     203.05      438.34]
  [     328.68      447.08]
  [          0           0]
  [     359.75      588.48]
  [          0           0]
  [     407.08      665.85]
  [     220.39      721.26]
  [     310.12      730.07]
  [     231.79       927.9]
  [     319.21      934.56]
  [          0           0]
  [          0           0]]

 [[     688.93      356.54]
  [     705.83      347.01]
  [     686.24      343.85]
  [     743.48      359.26]
  [          0           0]
  [     774.11      426.46]
  [     683.55      429.11]
  [     803.24      531.27]
  [     678.89      534.06]
  [     736.18      608.49]
  [     659.28      610.38]
  [        742      633.18]
  [     679.53      632.37]
  [      750.1      787.39]
  [     685.72      783.79]
  [     758.56      932.57]
  [      693.7      922.44]]

 [[     378.53      384.97]
  [          0           0]
  [     366.34      372.98]
  [          0           0]
  [          0           0]
  [     383.58      466.35]
  [          0           0]
  [     402.48      561.43]
  [          0           0]
  [     425.26      640.05]
  [          0           0]
  [     386.69      661.36]
  [          0           0]
  [     396.19      803.96]
  [     349.76      805.05]
  [     393.27      924.63]
  [      355.5      931.32]]]