[[[     533.56      446.85]
  [      542.2      441.34]
  [     530.75      440.35]
  [     561.07      447.43]
  [          0           0]
  [     580.75      485.72]
  [     517.65      484.96]
  [     605.12      536.77]
  [     507.51      533.27]
  [     584.38      584.67]
  [     507.05       574.3]
  [     568.05      596.68]
  [     525.66      596.02]
  [     574.81      673.55]
  [     530.15      674.42]
  [     580.51      751.51]
  [     536.42      752.94]]

 [[          0           0]
  [          0           0]
  [          0           0]
  [          0           0]
  [     411.38      459.07]
  [     346.91      507.94]
  [     422.15      507.35]
  [     329.11      573.44]
  [     443.62      572.64]
  [     359.09      601.71]
  [     451.63      605.43]
  [      354.6      628.87]
  [     406.69      629.02]
  [     371.02      704.42]
  [     419.55      701.08]
  [     369.89       795.9]
  [     415.06       795.9]]

 [[     358.32      463.41]
  [          0           0]
  [     350.89      456.17]
  [          0           0]
  [     328.71      459.88]
  [     347.39      500.91]
  [     308.76       500.7]
  [          0           0]
  [     311.11      557.18]
  [          0           0]
  [     349.06      577.25]
  [     344.93      607.82]
  [     315.33      609.52]
  [      344.6      689.93]
  [     308.37      692.67]
  [     336.92      770.35]
  [      290.9      776.16]]]