[[[     885.45      436.16]
  [     891.77         428]
  [     877.57      426.33]
  [          0           0]
  [      856.1      427.53]
  [      907.3      482.74]
  [     824.81      476.11]
  [     927.56       542.9]
  [     797.14      538.75]
  [     920.69      597.78]
  [     846.04      573.85]
  [     891.99      618.35]
  [     837.57      616.88]
  [     890.85      715.28]
  [     836.92      716.15]
  [     885.24      807.76]
  [     833.95      808.94]]

 [[     1004.1      453.46]
  [     1011.1      444.68]
  [     994.66      446.83]
  [     1023.1      448.74]
  [     982.65      454.35]
  [       1046      497.12]
  [     968.41      502.97]
  [     1061.7      556.83]
  [     949.89       558.2]
  [          0           0]
  [     986.18      551.04]
  [     1035.2      626.82]
  [      984.7      630.03]
  [     1047.8      723.19]
  [     993.17       724.8]
  [     1055.9      808.22]
  [     1003.5      811.09]]

 [[          0           0]
  [     1044.7      432.49]
  [          0           0]
  [     1059.1      435.82]
  [          0           0]
  [     1079.3      492.95]
  [     1096.6      485.27]
  [     1067.8      579.02]
  [          0           0]
  [     1049.5      649.13]
  [          0           0]
  [     1087.1      658.15]
  [     1097.5      653.28]
  [     1094.3         772]
  [     1094.9      766.05]
  [     1105.8      874.28]
  [     1096.2      862.15]]]