[[[     374.33      500.01]
  [     379.93      493.96]
  [     369.42      493.83]
  [     393.87      487.78]
  [          0           0]
  [     415.24      510.08]
  [     356.05      510.59]
  [     438.84      553.77]
  [     332.29      546.23]
  [     417.84      588.07]
  [     352.94      531.67]
  [     403.06      603.73]
  [     364.29      603.28]
  [     408.08      672.86]
  [     363.64      672.12]
  [     413.11      739.57]
  [     361.74      739.17]]

 [[          0           0]
  [          0           0]
  [          0           0]
  [     726.35      494.78]
  [          0           0]
  [     727.79      522.12]
  [     773.63      518.06]
  [     722.36      567.12]
  [          0           0]
  [     721.17      597.81]
  [          0           0]
  [     738.11      612.52]
  [     771.88      610.83]
  [     732.33      679.88]
  [     773.48      683.48]
  [     731.75      745.85]
  [     774.55      752.82]]]