[[[        654      484.16]
  [     658.06      479.23]
  [     648.37      478.64]
  [          0           0]
  [     634.18      480.89]
  [     670.88      514.66]
  [     614.07      512.69]
  [     684.63      554.97]
  [     596.72      552.26]
  [     664.42      577.69]
  [     624.89      577.37]
  [     658.63      600.97]
  [     622.54      600.67]
  [     655.28       665.6]
  [     623.02      667.16]
  [      648.3      730.12]
  [     624.64      732.69]]

 [[      728.9      496.24]
  [      734.5      491.36]
  [      726.2      491.29]
  [     747.34      495.02]
  [          0           0]
  [     762.23      527.67]
  [     717.26      527.62]
  [     766.05      568.57]
  [     706.01      564.73]
  [          0           0]
  [     703.78      597.98]
  [      752.3      611.12]
  [     722.35      610.88]
  [     758.44      670.16]
  [     723.02       670.1]
  [     763.61      724.84]
  [     728.03      725.76]]

 [[          0           0]
  [     753.26      492.88]
  [          0           0]
  [     762.58      497.59]
  [          0           0]
  [     770.87      531.12]
  [     781.95      528.39]
  [     765.93      576.63]
  [          0           0]
  [     753.46      612.72]
  [          0           0]
  [     771.99      621.98]
  [      779.5      620.22]
  [     775.53      688.76]
  [      777.1      687.52]
  [     781.77      751.64]
  [     781.04      748.45]]]