[[[     347.27      477.85]
  [     355.29      472.44]
  [     343.24      471.27]
  [     370.67      476.08]
  [          0           0]
  [     389.26      511.76]
  [     323.54      509.78]
  [     409.44      558.79]
  [     308.37       552.9]
  [     396.43      604.03]
  [     286.52         596]
  [     372.15      613.46]
  [     329.72      612.01]
  [     372.21      681.89]
  [     326.31      683.88]
  [     366.58      759.11]
  [     342.34      755.59]]

 [[          0           0]
  [          0           0]
  [          0           0]
  [      189.1      479.83]
  [     225.58      480.35]
  [     161.55      524.91]
  [     243.18      523.85]
  [     151.49       590.1]
  [     257.41      585.95]
  [          0           0]
  [          0           0]
  [      169.7      645.96]
  [     227.97      645.39]
  [     175.28      723.64]
  [     238.57      720.23]
  [     168.08      810.76]
  [     228.15      806.51]]

 [[      168.1      484.58]
  [     170.17      477.53]
  [     160.53      477.51]
  [          0           0]
  [      138.6      480.77]
  [     160.71      523.62]
  [     114.13      518.98]
  [          0           0]
  [     80.027      564.66]
  [          0           0]
  [     111.09      605.83]
  [     148.99      627.98]
  [     115.93      627.59]
  [     152.25      704.06]
  [      106.2      705.32]
  [     145.98      783.84]
  [      73.92      786.16]]]