[[[     293.08      460.73]
  [     301.95      454.92]
  [     289.16      454.01]
  [      320.9      459.77]
  [          0           0]
  [     344.85      498.67]
  [     273.21      497.99]
  [     374.56      548.23]
  [     259.17      544.77]
  [     346.29      594.59]
  [     256.11      584.84]
  [     328.36       611.2]
  [     281.95      609.89]
  [     329.24      687.63]
  [     285.01      688.85]
  [     329.23      768.81]
  [     289.84      766.37]]

 [[          0           0]
  [          0           0]
  [          0           0]
  [     134.55      466.18]
  [     173.56      467.46]
  [      102.4      516.72]
  [     191.11      519.24]
  [      80.47      579.59]
  [     211.53       586.4]
  [     97.261      619.86]
  [     214.16      627.75]
  [     108.58      648.23]
  [     168.63      648.65]
  [     109.34      722.72]
  [      155.4      720.64]
  [     111.76      811.95]
  [     147.38       808.3]]

 [[     69.961      467.13]
  [     72.895      458.97]
  [     60.815      459.27]
  [          0           0]
  [     38.282      465.14]
  [     73.528      513.67]
  [     16.119      512.61]
  [          0           0]
  [     8.1651      565.65]
  [          0           0]
  [     58.367      581.57]
  [     64.831      626.46]
  [     24.018      629.09]
  [     80.102      703.79]
  [     17.984      713.55]
  [     69.174      780.93]
  [     10.338      798.85]]]