[[[     902.22      437.96]
  [     908.22      429.84]
  [     893.97       428.6]
  [          0           0]
  [     871.76      430.79]
  [     923.43      480.59]
  [     843.76      476.56]
  [     942.39      540.01]
  [     817.91      540.04]
  [     939.09       591.4]
  [     868.84      570.96]
  [     914.87      611.24]
  [     860.37      609.17]
  [     912.73      706.96]
  [     857.88      709.31]
  [     911.79      797.81]
  [     850.49      799.65]]

 [[          0           0]
  [          0           0]
  [          0           0]
  [     1070.3      441.48]
  [          0           0]
  [     1086.5      496.51]
  [       1109      491.62]
  [     1079.3      580.34]
  [          0           0]
  [     1058.7      651.29]
  [          0           0]
  [     1096.5      654.24]
  [     1112.9      649.92]
  [     1103.1      763.34]
  [       1102      756.78]
  [     1112.8      866.86]
  [     1104.5      857.94]]

 [[       1025      457.94]
  [     1032.6      449.06]
  [     1016.3      451.41]
  [     1047.1      452.93]
  [     1007.6      458.41]
  [     1067.8      499.28]
  [     1000.5      503.51]
  [     1074.2      555.37]
  [      981.6      556.07]
  [          0           0]
  [     1023.5       551.1]
  [     1054.6      623.34]
  [     1008.8      624.57]
  [     1064.7      717.93]
  [     1001.2      714.85]
  [     1062.9      799.91]
  [     1000.4      802.45]]]