[[[     400.07      415.78]
  [     412.53      406.94]
  [     394.75      406.03]
  [     441.07      414.31]
  [          0           0]
  [     472.03      465.99]
  [     381.53      469.72]
  [     503.84      541.77]
  [     366.16      541.49]
  [     470.96      610.52]
  [     362.18      604.73]
  [     450.06      628.96]
  [     389.08      629.89]
  [     461.64      743.77]
  [     390.22      741.49]
  [     467.17      846.18]
  [     396.58      843.72]]

 [[          0           0]
  [          0           0]
  [          0           0]
  [          0           0]
  [     172.29      417.11]
  [     62.261      487.33]
  [     180.29      488.74]
  [     41.089      589.45]
  [     199.33       591.8]
  [          0           0]
  [     215.69      647.41]
  [     82.237      693.22]
  [      158.1      695.76]
  [     110.33      825.18]
  [     159.52      830.62]
  [     119.59      958.82]
  [     139.79      965.76]]]