[[[     373.75      498.89]
  [     379.62         493]
  [     369.17      492.66]
  [     394.18      488.23]
  [          0           0]
  [     415.61      511.35]
  [      356.6       511.3]
  [     438.78      555.07]
  [     332.84      546.26]
  [     416.25      591.18]
  [     353.48      532.26]
  [     403.56      604.86]
  [     364.71      604.22]
  [     408.86      673.34]
  [     363.44      672.79]
  [     413.72      739.38]
  [        362      739.61]]

 [[     835.63      449.61]
  [     843.48      441.38]
  [     826.99      443.88]
  [     857.47      447.37]
  [      818.4      453.36]
  [     886.15      494.82]
  [      810.9      501.55]
  [      908.3      548.69]
  [     810.28      552.32]
  [     890.31      600.61]
  [     809.07      593.66]
  [     875.34      624.21]
  [     826.12      623.04]
  [     875.09      722.41]
  [     811.59         710]
  [      869.7      822.84]
  [     850.46      768.15]]]