[[[     383.41      484.07]
  [     390.48      479.07]
  [     378.51      477.74]
  [     400.51      481.83]
  [     370.43      478.95]
  [     415.39      512.27]
  [      353.9      510.97]
  [     437.05      554.37]
  [     330.71      547.78]
  [     416.14      590.44]
  [      353.9      538.23]
  [     403.89      603.94]
  [     363.14      603.67]
  [     409.83      672.88]
  [     361.52      674.36]
  [     413.18      738.34]
  [     361.41      739.26]]

 [[     682.13      499.04]
  [     687.04      493.83]
  [     676.65      494.82]
  [     695.19      497.15]
  [     669.62      499.48]
  [     712.37      526.42]
  [     660.32      530.68]
  [     727.89      558.94]
  [     642.09      564.65]
  [     720.62      586.55]
  [     659.78       583.1]
  [     710.59      607.28]
  [     676.56      609.51]
  [     715.87      667.24]
  [     680.03      668.74]
  [     722.61      725.68]
  [      684.9      726.74]]]