[[[          0           0]
  [          0           0]
  [          0           0]
  [          0           0]
  [     180.39      332.52]
  [     50.652       423.7]
  [     182.59      431.46]
  [          0           0]
  [        215      560.05]
  [          0           0]
  [     252.97      638.38]
  [     65.678      680.15]
  [     157.68      687.04]
  [     83.016      868.91]
  [      167.5      868.18]
  [     65.773      1052.4]
  [     148.71      1047.5]]

 [[     515.36      354.06]
  [     531.93      345.32]
  [     512.69      341.27]
  [     567.27      356.97]
  [          0           0]
  [     595.02      420.77]
  [     502.35      419.22]
  [     634.98      507.28]
  [     493.47      512.05]
  [     577.35      581.22]
  [     477.39      583.33]
  [     566.86      611.91]
  [     504.96      609.87]
  [     574.16      749.04]
  [     508.64      745.84]
  [     576.51       880.3]
  [     519.48      871.74]]]