[[[      236.9      426.27]
  [     249.86      412.26]
  [     223.84      412.93]
  [     276.82      408.05]
  [     209.99      410.64]
  [     308.16      475.06]
  [     184.86      471.01]
  [     329.39      556.08]
  [     118.46      510.16]
  [     335.16      625.55]
  [     85.781      532.58]
  [     283.42      659.56]
  [     206.75      658.71]
  [     271.63       790.8]
  [      204.6      788.97]
  [      260.5       897.5]
  [     186.18      922.05]]

 [[      622.8      414.78]
  [     633.29      404.49]
  [     616.02      404.87]
  [     657.06      407.52]
  [          0           0]
  [     686.02       464.8]
  [     604.64      467.61]
  [     718.32      528.93]
  [     581.21       531.6]
  [     707.54      573.71]
  [     540.26      582.38]
  [     665.39      617.65]
  [     620.41      615.53]
  [     642.42      730.32]
  [     640.39      722.29]
  [     652.34      827.95]
  [     690.42      802.95]]]