[[[     720.62      463.84]
  [     724.92       454.2]
  [     710.13      456.28]
  [          0           0]
  [     684.03      461.67]
  [     745.66       509.5]
  [     656.53      505.13]
  [     762.86      573.91]
  [     598.48      523.77]
  [     747.52      630.13]
  [     586.51       492.8]
  [     725.43      655.03]
  [     666.94      654.33]
  [     727.51      756.29]
  [     664.45      755.56]
  [     732.86      849.77]
  [     669.88      846.44]]

 [[     863.31         418]
  [      868.8      409.78]
  [     851.12      411.57]
  [          0           0]
  [      829.7      425.56]
  [     903.05      477.34]
  [     818.04       489.2]
  [     942.93      540.11]
  [      806.1      566.27]
  [     928.93       605.4]
  [     796.77      630.54]
  [     886.74      637.37]
  [      830.5      639.97]
  [     893.76      751.55]
  [     832.07      752.18]
  [     899.13      859.75]
  [     840.11      857.36]]

 [[     987.86      380.31]
  [     996.67      367.61]
  [          0           0]
  [     1032.6      369.03]
  [          0           0]
  [     1085.6      432.11]
  [     989.42      441.98]
  [     1096.4      524.86]
  [     968.89      529.85]
  [     1023.6       582.1]
  [      971.1      580.49]
  [     1067.6      617.77]
  [     1001.2      621.02]
  [     1078.5      755.89]
  [     1011.5      755.75]
  [     1088.1      885.56]
  [     1023.1      878.49]]]