[[[     842.27      492.79]
  [     846.71      487.91]
  [     837.22         487]
  [          0           0]
  [     824.61      488.54]
  [     859.21      522.35]
  [     804.57      519.69]
  [     871.07      563.12]
  [     786.69      558.31]
  [     866.02      597.11]
  [     816.82      569.16]
  [     848.16      609.47]
  [     812.56      608.79]
  [     847.78      674.87]
  [     811.35      674.79]
  [     844.79      738.25]
  [     809.66       737.4]]

 [[          0           0]
  [          0           0]
  [          0           0]
  [     938.94      505.18]
  [          0           0]
  [     950.83       538.4]
  [     966.63      535.01]
  [     950.46      585.77]
  [          0           0]
  [     936.45      619.97]
  [          0           0]
  [     953.77      632.34]
  [     965.19      629.91]
  [     957.73       696.8]
  [     957.46      697.61]
  [     965.76       761.2]
  [     960.44       757.4]]

 [[     920.39      506.21]
  [     925.32      501.15]
  [     916.05      501.23]
  [     933.12      504.83]
  [          0           0]
  [     943.44      536.55]
  [     903.94      536.48]
  [          0           0]
  [     894.94      573.45]
  [          0           0]
  [     904.52      603.35]
  [     934.84      619.26]
  [      908.2      618.96]
  [     938.93      678.62]
  [     907.02      677.87]
  [     935.35      736.25]
  [     905.35      733.92]]]