[[[        136      450.43]
  [          0           0]
  [     128.12      442.39]
  [          0           0]
  [     105.94         446]
  [     130.83      490.38]
  [     84.302      489.62]
  [          0           0]
  [     85.116      546.59]
  [          0           0]
  [     124.79      572.06]
  [     123.72      608.59]
  [     89.947      610.25]
  [     125.08       693.6]
  [     85.078      698.52]
  [     106.44      782.18]
  [     66.945      794.86]]

 [[          0           0]
  [          0           0]
  [          0           0]
  [          0           0]
  [     207.37      447.73]
  [      131.6      500.84]
  [     224.41      496.99]
  [      112.1       572.8]
  [      242.8      569.82]
  [      144.4         598]
  [     250.75      607.61]
  [      142.6      639.38]
  [     200.93      638.01]
  [     169.97      709.52]
  [     201.44      708.95]
  [     177.94      805.69]
  [     187.32      805.47]]

 [[     349.69      440.33]
  [     359.69      434.19]
  [     346.77       432.8]
  [     381.77      440.37]
  [          0           0]
  [     401.22      483.11]
  [     333.99      481.22]
  [     423.26      536.02]
  [     319.83      529.06]
  [     395.68      585.45]
  [     310.18      570.18]
  [     380.45      598.34]
  [     336.06      596.32]
  [      386.5      680.18]
  [     334.89      679.53]
  [     391.25       762.6]
  [     342.05      761.22]]]