[[[     231.98       485.6]
  [     245.21      472.85]
  [      221.6      472.15]
  [     271.38      469.72]
  [     209.63       468.4]
  [     295.25      523.19]
  [     185.16      516.22]
  [     323.37      591.03]
  [     108.97      506.47]
  [     345.75      652.24]
  [     45.222      483.14]
  [     281.88      688.29]
  [     213.14      690.13]
  [     298.41      798.62]
  [     218.07      806.71]
  [     311.84      909.41]
  [     226.33      923.51]]

 [[          0           0]
  [          0           0]
  [          0           0]
  [          0           0]
  [     567.74      357.51]
  [     438.29      415.06]
  [     579.79      410.03]
  [     373.76      536.53]
  [     605.72      520.65]
  [     393.84      635.03]
  [     632.33       622.7]
  [     451.52      638.84]
  [      545.8      641.01]
  [     481.61      812.78]
  [     552.88       823.2]
  [     416.85      974.28]
  [     545.76        1013]]

 [[     613.79      475.57]
  [     621.43      468.62]
  [          0           0]
  [     634.22      474.25]
  [          0           0]
  [     656.96      521.59]
  [     585.54      517.46]
  [     678.41      573.41]
  [          0           0]
  [     672.12      609.94]
  [          0           0]
  [     636.98      643.47]
  [     589.52      641.08]
  [     632.89      736.46]
  [     575.31      737.22]
  [     625.86      824.11]
  [     570.84      828.56]]]