[[[     999.27      339.37]
  [     1008.3      328.76]
  [     985.18      326.33]
  [          0           0]
  [     951.31      334.55]
  [     1030.7      416.94]
  [     904.82       407.8]
  [     1059.4      513.14]
  [     863.57      503.48]
  [     1058.9      593.98]
  [     948.49      523.24]
  [     1012.4      619.36]
  [     927.74      617.27]
  [     1007.9      769.81]
  [     923.38      771.97]
  [     1000.7      911.73]
  [     912.54      918.11]]

 [[     1155.6      363.84]
  [     1170.2      353.54]
  [     1152.9      354.26]
  [     1208.3      367.76]
  [          0           0]
  [     1250.2      446.19]
  [       1132      447.42]
  [     1264.2      541.73]
  [     1109.5         535]
  [     1209.2      610.37]
  [     1144.2      602.33]
  [     1227.1      641.39]
  [     1147.2      640.75]
  [     1236.6      787.27]
  [     1155.2         785]
  [     1241.7      920.37]
  [     1169.1       923.1]]

 [[     1271.5      328.64]
  [     1273.7      310.06]
  [          0           0]
  [     1301.4      308.91]
  [          0           0]
  [     1349.1      405.47]
  [       1353      398.28]
  [     1328.1      555.89]
  [          0           0]
  [     1291.7      679.77]
  [          0           0]
  [     1351.9      700.26]
  [     1350.1      693.65]
  [       1364      904.01]
  [     1346.7      897.19]
  [     1394.5      1067.2]
  [     1352.2      1053.6]]]