[[[     911.24      441.54]
  [     915.83      434.46]
  [     903.65      433.69]
  [          0           0]
  [     883.71      436.41]
  [     930.63      482.85]
  [     854.69      481.44]
  [     949.74      537.61]
  [     833.26      538.34]
  [     945.18      586.14]
  [     876.43      567.24]
  [     920.23      600.38]
  [     870.95      601.12]
  [     923.47      692.86]
  [      868.9      693.32]
  [     921.14      781.71]
  [     865.85      784.36]]

 [[     1024.8      456.84]
  [       1031      449.91]
  [     1016.4      451.21]
  [       1040      455.87]
  [     1004.4      459.03]
  [     1057.6       499.3]
  [     988.56      500.86]
  [     1066.5      548.25]
  [     969.68         547]
  [     1049.4      541.37]
  [     1007.8      530.85]
  [     1045.2       614.5]
  [     998.65      615.51]
  [       1055      701.09]
  [     995.79      698.78]
  [     1060.4      779.25]
  [     999.86      782.27]]

 [[          0           0]
  [          0           0]
  [          0           0]
  [     1070.9      446.92]
  [          0           0]
  [     1088.3      498.46]
  [     1105.2      492.61]
  [       1082      573.81]
  [          0           0]
  [     1066.2      636.34]
  [          0           0]
  [     1091.6      638.76]
  [     1104.4      634.85]
  [     1096.5      741.31]
  [     1100.3       736.3]
  [     1104.2      837.72]
  [     1103.3      829.28]]]