[[[     809.36      469.85]
  [     816.09      464.25]
  [     802.98      463.27]
  [     823.73      470.66]
  [     790.85      467.89]
  [     837.03      511.71]
  [     769.38      509.43]
  [     849.13      557.71]
  [     751.66       557.6]
  [     842.37         595]
  [     767.53      593.96]
  [     828.31      617.06]
  [     785.26       616.7]
  [     819.14      697.68]
  [     786.31      698.76]
  [     809.56      771.26]
  [     792.62      776.41]]

 [[     376.72      497.65]
  [      383.1      492.12]
  [     372.18      491.52]
  [     397.29      489.19]
  [          0           0]
  [     416.86      511.71]
  [     357.29      511.05]
  [     439.25      554.91]
  [     333.15      546.45]
  [     417.08      589.78]
  [     353.68      532.82]
  [     403.78      603.25]
  [     364.54      602.45]
  [     409.28      672.05]
  [     363.41      671.25]
  [     413.61      738.13]
  [     362.31      738.76]]]