[[[     819.76      479.73]
  [      822.3      474.73]
  [     814.06      474.26]
  [          0           0]
  [     797.29      477.02]
  [     830.27      511.36]
  [      775.3      509.11]
  [     842.52      554.14]
  [     756.41      549.23]
  [     838.14      590.74]
  [     790.96       559.3]
  [     821.77      601.75]
  [      785.2      601.44]
  [     820.25      670.17]
  [     783.17      669.22]
  [     817.32      734.35]
  [     780.22      732.47]]

 [[          0           0]
  [          0           0]
  [          0           0]
  [     916.14      494.07]
  [          0           0]
  [     923.95      530.15]
  [     941.04      526.42]
  [     918.02       576.9]
  [          0           0]
  [     905.21       608.5]
  [          0           0]
  [     926.16      623.54]
  [     937.26      620.88]
  [     927.27      691.34]
  [     928.41      689.61]
  [      936.8      755.32]
  [     933.77      752.81]]

 [[     892.83      493.61]
  [     898.37      488.65]
  [     890.02      488.19]
  [     909.36      492.66]
  [          0           0]
  [     922.64       526.1]
  [     879.54      524.47]
  [          0           0]
  [     871.24      562.91]
  [          0           0]
  [     877.67      594.12]
  [     910.46      610.61]
  [     881.31      609.58]
  [     914.11      670.56]
  [      879.7      670.13]
  [     913.02      728.98]
  [     881.55      728.54]]]