[[[          0           0]
  [          0           0]
  [          0           0]
  [      195.8      482.91]
  [     238.69      481.89]
  [      174.3      529.73]
  [     259.16      525.57]
  [     159.45      596.83]
  [     278.38       590.4]
  [          0           0]
  [     285.15      634.27]
  [     183.12      654.57]
  [     239.46      652.61]
  [     188.11      713.62]
  [     243.33      712.97]
  [     183.67      796.06]
  [     233.97      799.68]]

 [[     342.44      476.33]
  [     350.06      470.38]
  [     338.62      470.23]
  [     368.28      472.46]
  [          0           0]
  [     392.77      508.64]
  [     330.97         509]
  [     418.56      556.21]
  [     317.09      552.29]
  [      436.8      599.07]
  [     291.09      584.18]
  [     378.16      610.24]
  [     339.72       609.3]
  [     372.81      683.86]
  [     343.98      682.95]
  [     372.24      761.14]
  [     352.19      757.89]]

 [[     159.12      478.23]
  [          0           0]
  [     150.95      472.43]
  [          0           0]
  [     128.29      479.56]
  [     153.17      519.25]
  [     114.77      517.77]
  [          0           0]
  [     102.52      561.22]
  [          0           0]
  [     151.42      553.47]
  [     150.35      625.51]
  [     120.35      626.16]
  [     153.85      703.94]
  [     111.26      702.64]
  [     135.14      775.42]
  [     92.058      784.29]]]