[[[     482.09      471.86]
  [     484.24      464.65]
  [          0           0]
  [     498.04      459.78]
  [          0           0]
  [     506.33      487.24]
  [     551.97      487.05]
  [     514.29      540.31]
  [          0           0]
  [     499.11      598.29]
  [          0           0]
  [     515.53      604.28]
  [     556.09      602.82]
  [      483.2      684.87]
  [     553.55      689.27]
  [     476.21      775.39]
  [     556.61      773.34]]

 [[          0           0]
  [          0           0]
  [          0           0]
  [          0           0]
  [     120.73       468.5]
  [     37.003      515.49]
  [     139.28      518.86]
  [      7.645      592.49]
  [     164.28      596.12]
  [          0           0]
  [          0           0]
  [     43.886       660.2]
  [     113.28      661.92]
  [     47.025      712.98]
  [     117.17      709.08]
  [     61.267      818.64]
  [     108.91      819.89]]

 [[     172.39      492.94]
  [      176.8      486.44]
  [     165.49      484.19]
  [          0           0]
  [     140.57      479.72]
  [     166.36      520.06]
  [     126.24       516.6]
  [     178.09      564.48]
  [          0           0]
  [     210.92      588.22]
  [          0           0]
  [     156.62      611.84]
  [          0           0]
  [          0           0]
  [          0           0]
  [          0           0]
  [          0           0]]]