[[[     373.76      499.55]
  [     379.29      493.46]
  [     369.02      493.34]
  [     393.51      487.28]
  [          0           0]
  [     415.29      509.85]
  [     356.09      510.48]
  [     438.61      553.78]
  [     332.08      546.17]
  [      416.6      589.73]
  [     352.51      531.94]
  [     402.93      603.17]
  [     364.09      602.75]
  [     408.25      672.48]
  [     363.67      671.84]
  [     413.34      739.01]
  [     361.88      738.94]]

 [[          0           0]
  [          0           0]
  [          0           0]
  [     713.52      497.45]
  [          0           0]
  [     715.94      526.75]
  [     762.07      519.76]
  [     713.03      575.65]
  [          0           0]
  [     712.54      597.36]
  [          0           0]
  [     728.07      614.82]
  [     763.99      611.39]
  [     724.69      679.89]
  [     768.12      677.79]
  [        732      744.25]
  [     773.73      742.21]]]