[[[     794.63      475.97]
  [     798.93      471.48]
  [     789.56      470.68]
  [          0           0]
  [     777.19      473.56]
  [      812.8      507.09]
  [     756.79      504.37]
  [     826.57      545.01]
  [     737.63      541.98]
  [     802.24      554.22]
  [     767.87      551.27]
  [     797.93      590.48]
  [     761.62      589.13]
  [     792.45      655.98]
  [     758.84      655.23]
  [     784.27      718.78]
  [     756.62      717.48]]

 [[     877.52      487.67]
  [     881.81      482.33]
  [          0           0]
  [     894.55      486.63]
  [          0           0]
  [     901.84      521.54]
  [     908.01      519.73]
  [     892.72      569.49]
  [          0           0]
  [     880.84      606.65]
  [          0           0]
  [     901.05      611.67]
  [     904.76      609.88]
  [     901.18      677.05]
  [     900.19      676.17]
  [     911.97      739.17]
  [     906.12      736.02]]

 [[     869.92      489.89]
  [      874.7      484.85]
  [     864.53      485.39]
  [     881.69      489.27]
  [     857.14      490.51]
  [      890.1      520.99]
  [     850.77      521.91]
  [          0           0]
  [     842.13      557.67]
  [          0           0]
  [     857.94      585.37]
  [     881.35      600.97]
  [      854.3      601.64]
  [     886.84      658.68]
  [     854.69      659.19]
  [     892.28      713.93]
  [     855.59      714.77]]]