[[[     898.25      255.52]
  [     917.88       237.3]
  [     893.13      241.43]
  [     975.39      251.69]
  [          0           0]
  [     1053.5      363.08]
  [     886.45      385.03]
  [     1130.8      492.56]
  [      866.5      533.76]
  [     1105.8      630.16]
  [     839.58      660.29]
  [     1010.8      685.21]
  [     900.66       686.6]
  [     1020.7      908.16]
  [      909.8      901.44]
  [          0           0]
  [          0           0]]

 [[     696.09      317.97]
  [     718.66      305.24]
  [     688.39      306.06]
  [     761.07      329.43]
  [          0           0]
  [      794.4      437.03]
  [      642.7      416.35]
  [     811.78       574.2]
  [     524.35      404.56]
  [     763.09      675.43]
  [      516.7       284.2]
  [     732.51      703.78]
  [     633.76      697.51]
  [     739.22       890.6]
  [      627.7      881.55]
  [     749.11      1060.2]
  [     635.74      1043.1]]

 [[     1263.4      94.962]
  [       1294      67.066]
  [     1247.7      77.527]
  [     1373.1      88.675]
  [          0           0]
  [     1466.8      238.11]
  [       1222      256.72]
  [     1516.5      433.78]
  [     1161.5      451.21]
  [     1338.2      591.37]
  [     1200.6      570.68]
  [     1407.7      661.58]
  [     1241.4      661.17]
  [     1413.5      963.67]
  [     1258.4      962.01]
  [          0           0]
  [          0           0]]]