[[[          0           0]
  [          0           0]
  [          0           0]
  [      443.6      328.93]
  [     519.68      325.22]
  [     396.57      416.85]
  [     548.59      403.67]
  [     352.46      537.07]
  [     589.02      521.11]
  [     419.61      575.16]
  [     644.09      625.25]
  [     434.41      667.18]
  [     532.93       662.8]
  [     468.28      851.57]
  [     581.67      839.73]
  [     491.37        1043]
  [     476.83        1010]]

 [[     289.12      403.92]
  [     299.82       388.3]
  [     272.16      387.44]
  [          0           0]
  [     229.03      385.36]
  [        260      455.94]
  [     213.56      466.33]
  [     279.04      568.25]
  [     182.62      589.44]
  [     321.21      631.07]
  [     205.93      688.39]
  [      265.7      684.79]
  [     246.21      693.57]
  [     259.69      822.81]
  [     283.29      831.97]
  [     202.61      942.69]
  [     255.96      987.82]]]