[[[     387.42      482.31]
  [     390.78      474.16]
  [     378.25      475.58]
  [          0           0]
  [     355.72      481.09]
  [     412.01      525.33]
  [     330.56      517.19]
  [     427.64      582.45]
  [     277.64      517.59]
  [     412.48      626.62]
  [     223.74      500.46]
  [      389.7      650.84]
  [     335.89      647.01]
  [     391.63      731.47]
  [     328.94      730.75]
  [     395.82      808.87]
  [     329.95      807.67]]

 [[     477.99      456.09]
  [     487.15      449.14]
  [     476.29       449.5]
  [     511.95      456.77]
  [          0           0]
  [     538.81       505.9]
  [     468.61       510.3]
  [     564.11      561.43]
  [     458.36      566.77]
  [     539.66      608.66]
  [     446.06      613.01]
  [      524.1      634.06]
  [     476.48      634.45]
  [     529.21      720.59]
  [     478.95      720.85]
  [     538.81       807.1]
  [     487.14       805.1]]

 [[     614.35      434.51]
  [     622.22      425.11]
  [          0           0]
  [     649.57       427.4]
  [          0           0]
  [        686      474.63]
  [     616.03      481.13]
  [     694.47       542.5]
  [     598.84      541.56]
  [     636.92       587.1]
  [     601.21      582.59]
  [     671.14      612.72]
  [     623.62      614.41]
  [     680.95      714.26]
  [     632.07      715.34]
  [     689.74      806.16]
  [     633.05      804.08]]]