[[[     1381.8      367.45]
  [     1377.8      348.45]
  [          0           0]
  [     1395.4      317.23]
  [          0           0]
  [     1430.7      369.54]
  [     1554.9      365.28]
  [     1462.9      502.41]
  [     1624.2      481.52]
  [     1442.7      630.44]
  [     1558.5      569.52]
  [     1490.8      639.27]
  [     1591.4      636.92]
  [     1429.9      833.58]
  [     1611.5      845.02]
  [     1423.9      1010.6]
  [     1722.1      1043.5]]

 [[     968.79      432.45]
  [     978.48      421.37]
  [     968.51      422.26]
  [     1010.5      424.95]
  [          0           0]
  [     1013.7       481.2]
  [     1013.6      478.86]
  [     1035.2      551.79]
  [     949.49      521.38]
  [     982.81      601.76]
  [     894.24      504.76]
  [     1016.9      637.41]
  [     1035.6      636.99]
  [     972.19      745.92]
  [     1058.6      748.18]
  [     950.54      861.13]
  [     1105.6      855.52]]

 [[     757.21      430.52]
  [     758.36      416.45]
  [          0           0]
  [     773.81      410.79]
  [          0           0]
  [     778.78      475.29]
  [     874.25      469.29]
  [     771.65      583.01]
  [     870.23      570.21]
  [     743.85      615.56]
  [          0           0]
  [     809.55      680.57]
  [     885.59      677.71]
  [     796.22      828.19]
  [     890.88      821.64]
  [     802.56       971.8]
  [     929.05      955.35]]]