[[[     276.07      453.68]
  [     285.52      447.39]
  [     272.95      446.16]
  [     306.53      452.56]
  [          0           0]
  [     327.25      495.42]
  [     258.51      492.66]
  [     353.68      547.81]
  [     241.87       536.8]
  [     326.38       594.6]
  [     232.35      576.79]
  [     306.56      611.94]
  [     260.89      609.97]
  [        314       692.8]
  [     261.92      693.38]
  [     319.96      776.31]
  [      271.5       775.8]]

 [[          0           0]
  [          0           0]
  [          0           0]
  [     80.341      460.96]
  [     124.14      461.37]
  [     48.373      512.58]
  [     141.97      509.25]
  [     31.887      587.76]
  [     164.23      585.41]
  [          0           0]
  [     174.75      636.38]
  [     61.229      652.55]
  [        124      650.91]
  [          0           0]
  [      142.1      717.59]
  [          0           0]
  [          0           0]]

 [[          0           0]
  [          0           0]
  [          0           0]
  [          0           0]
  [     127.78      459.94]
  [     46.902      513.54]
  [     144.06      509.56]
  [     33.306      588.39]
  [     171.44      583.87]
  [          0           0]
  [     174.31      631.59]
  [     59.451      656.51]
  [      118.3       655.7]
  [     101.73      713.89]
  [     120.96      716.16]
  [     112.74      823.18]
  [     99.164      827.72]]

 [[     39.436      461.11]
  [          0           0]
  [     29.872      454.82]
  [          0           0]
  [     6.3798      464.19]
  [          0           0]
  [     3.8179      512.41]
  [          0           0]
  [          0           0]
  [          0           0]
  [          0           0]
  [          0           0]
  [          0           0]
  [          0           0]
  [          0           0]
  [          0           0]
  [          0           0]]]