[[[     95.045      201.16]
  [          0           0]
  [     77.868      172.31]
  [          0           0]
  [     9.6645      174.63]
  [          0           0]
  [     13.373      319.43]
  [          0           0]
  [     36.208      554.29]
  [          0           0]
  [     114.21      715.57]
  [          0           0]
  [      21.27      770.37]
  [          0           0]
  [          0           0]
  [          0           0]
  [          0           0]]

 [[     643.34      256.37]
  [     663.93      240.27]
  [     637.22      240.65]
  [     716.45      253.11]
  [          0           0]
  [     769.67      352.13]
  [      637.4      361.66]
  [     818.55      491.73]
  [     624.51      506.06]
  [     748.56      614.17]
  [     598.29      609.44]
  [     722.64      646.17]
  [     638.15      642.13]
  [      736.2      857.15]
  [     652.29      847.33]
  [      743.7      1044.9]
  [     674.34      1036.4]]

 [[     233.93      301.44]
  [     251.04      287.05]
  [     213.12      287.05]
  [      274.9      310.01]
  [     179.67      309.69]
  [     314.78      423.72]
  [     131.08      412.26]
  [     297.75      551.82]
  [          0           0]
  [          0           0]
  [          0           0]
  [     280.64      707.55]
  [     159.39      701.53]
  [     245.82      906.24]
  [     123.96      902.83]
  [     201.49      1059.4]
  [     89.609      1044.4]]]