[[[     566.06      427.92]
  [     575.87      419.21]
  [     558.28      419.38]
  [     591.63      426.84]
  [     547.35      427.71]
  [     616.14      478.93]
  [     530.42      484.03]
  [     644.32      535.47]
  [     508.54       544.4]
  [      635.5      562.96]
  [     513.04      581.35]
  [     608.49      618.37]
  [     551.54      622.41]
  [     628.24       715.7]
  [      558.7       722.4]
  [     640.81      811.42]
  [     569.84      812.54]]

 [[          0           0]
  [          0           0]
  [     187.94      240.14]
  [          0           0]
  [      156.7      202.76]
  [          0           0]
  [     104.45      262.73]
  [          0           0]
  [     84.392      437.01]
  [          0           0]
  [      154.1      627.31]
  [          0           0]
  [     73.309      657.57]
  [          0           0]
  [     58.845      949.02]
  [          0           0]
  [          0           0]]

 [[     253.29      438.34]
  [     265.04      425.46]
  [     241.51       426.7]
  [     289.55      424.66]
  [     227.68      427.12]
  [     318.03      491.97]
  [      201.3      484.24]
  [     338.95      566.97]
  [          0           0]
  [     352.26       636.4]
  [          0           0]
  [     296.28      663.37]
  [     220.64      663.08]
  [     296.87      777.74]
  [     212.29       786.2]
  [     293.03      884.48]
  [     197.33      895.81]]]