[[[     928.24      441.25]
  [     932.37      434.47]
  [     920.94      433.45]
  [          0           0]
  [     900.16      436.06]
  [     946.17      482.32]
  [     871.24      479.89]
  [      965.9      535.69]
  [     849.73      535.24]
  [     962.23      584.05]
  [     893.55      565.75]
  [     937.21      600.57]
  [     888.15      600.87]
  [     938.42      690.98]
  [      887.1      691.95]
  [     937.32      776.43]
  [     882.99      780.08]]

 [[     1041.3      457.73]
  [     1047.5      451.25]
  [     1032.7      451.98]
  [     1056.2      457.62]
  [     1018.6      459.37]
  [     1069.8      497.67]
  [     1004.9      498.04]
  [     1084.8       545.3]
  [     987.79       543.3]
  [     1060.4      528.78]
  [       1028      520.32]
  [     1061.3      611.75]
  [     1016.1      612.25]
  [     1073.2      696.97]
  [       1011      695.87]
  [     1083.2      777.97]
  [     1013.7      777.88]]

 [[          0           0]
  [     1076.7      439.75]
  [          0           0]
  [     1088.6      445.16]
  [          0           0]
  [     1102.6      496.07]
  [     1118.5       488.9]
  [     1093.6      575.06]
  [          0           0]
  [     1074.7      636.93]
  [          0           0]
  [     1108.7       634.8]
  [     1120.7      630.72]
  [     1111.1      734.69]
  [     1115.3      730.75]
  [     1120.9       828.1]
  [     1117.5      821.58]]]