[[[     1008.8      437.98]
  [     1015.9      428.21]
  [     998.97      431.24]
  [     1029.6      433.11]
  [     987.82      441.36]
  [     1057.6      484.01]
  [      979.3      492.37]
  [     1071.2       542.1]
  [     955.93      556.53]
  [     1035.5      546.66]
  [     990.68      545.07]
  [     1047.1      628.18]
  [     992.32      629.18]
  [     1063.4      729.87]
  [     994.93      728.71]
  [     1077.5      823.69]
  [     1004.7      820.18]]

 [[     888.25      418.34]
  [     895.56      409.97]
  [     879.43      408.77]
  [          0           0]
  [     857.64      412.01]
  [     915.29      467.95]
  [     824.81      463.51]
  [     936.33      537.59]
  [     796.67      533.18]
  [     933.57      595.96]
  [     850.01      565.08]
  [     899.07      611.72]
  [     839.45      610.61]
  [     894.18      718.39]
  [     834.76      716.88]
  [     880.66      820.13]
  [      826.4      819.74]]

 [[          0           0]
  [          0           0]
  [          0           0]
  [     1069.1       421.6]
  [          0           0]
  [     1111.3      470.29]
  [     1108.1      470.92]
  [     1039.5      472.39]
  [          0           0]
  [     1063.5      433.04]
  [          0           0]
  [     1108.3      652.85]
  [     1103.7      648.74]
  [       1117      783.29]
  [     1105.3      774.96]
  [     1128.9      898.07]
  [     1119.9      881.23]]]