[[[     812.77      476.03]
  [     817.06      471.68]
  [     807.43      470.88]
  [          0           0]
  [     794.74      474.17]
  [     829.77      507.26]
  [     774.44      505.37]
  [     845.38      546.12]
  [     754.72      542.88]
  [     835.06      580.84]
  [     783.54      551.98]
  [     817.55      594.98]
  [     781.17      594.29]
  [     817.42      660.94]
  [     779.34       660.3]
  [     814.57      724.35]
  [     777.42      722.85]]

 [[     899.83      492.78]
  [     903.56      486.79]
  [          0           0]
  [     916.23      490.43]
  [          0           0]
  [     926.31      524.55]
  [     935.89      521.86]
  [     898.39      559.41]
  [          0           0]
  [     890.37      534.34]
  [          0           0]
  [     924.18      617.52]
  [      930.1      615.49]
  [     924.74      682.46]
  [      922.5      683.41]
  [      933.1      746.85]
  [     926.51      743.73]]

 [[     892.14      492.26]
  [     897.11       487.1]
  [     887.03      487.98]
  [          0           0]
  [     880.82      493.02]
  [     915.07      521.82]
  [     873.88      521.76]
  [          0           0]
  [      863.6      556.73]
  [          0           0]
  [     875.74       584.4]
  [     908.64       599.7]
  [     879.83      599.69]
  [     910.22      661.64]
  [     874.73      661.32]
  [     911.21      716.16]
  [     872.79      718.15]]]