[[[     374.22      499.49]
  [     379.83       493.3]
  [     369.33      493.31]
  [     394.04      487.67]
  [          0           0]
  [     415.61      510.97]
  [     356.38      511.21]
  [     438.76       555.5]
  [     332.27      546.05]
  [     415.18      591.59]
  [     352.93      532.01]
  [     403.36      603.81]
  [     364.41      603.31]
  [     408.95      673.11]
  [     363.56      672.23]
  [     413.72      738.23]
  [      361.8      739.17]]

 [[     861.83      442.73]
  [     869.88      434.27]
  [     852.63      435.79]
  [     881.92      442.98]
  [      838.4      446.32]
  [     903.02      497.97]
  [     821.32      500.38]
  [     917.27      553.81]
  [     797.31      560.52]
  [     915.09      601.93]
  [     824.98      602.26]
  [     895.64      630.03]
  [     844.99      632.37]
  [     904.66      738.89]
  [     856.76      735.83]
  [      877.4      808.51]
  [     863.91      842.33]]]