[[[      410.3      484.26]
  [     413.79      476.32]
  [     401.72      477.32]
  [          0           0]
  [     380.14      481.47]
  [     433.04      524.63]
  [     356.29      515.31]
  [     447.42      578.05]
  [     306.18      516.03]
  [     433.74      617.53]
  [     257.22      497.44]
  [     410.19      643.13]
  [     360.24      639.01]
  [     407.74      721.17]
  [     352.29      718.45]
  [     409.67      791.51]
  [     349.33      790.05]]

 [[     493.69       458.5]
  [     502.39      451.55]
  [     493.21      451.35]
  [        528      457.53]
  [          0           0]
  [     553.56      503.92]
  [     485.39      505.85]
  [     579.22      556.33]
  [     470.38      555.87]
  [     550.15      599.57]
  [     463.63      600.92]
  [     539.51         626]
  [     493.57      625.42]
  [     543.29      708.46]
  [     495.12      708.13]
  [     551.73      790.96]
  [     500.37      790.81]]

 [[     643.57      433.29]
  [     653.45      425.36]
  [     639.08      425.38]
  [     676.64      429.07]
  [          0           0]
  [     700.44      476.33]
  [     628.48      477.63]
  [     707.91      540.16]
  [     608.62      534.24]
  [     653.48      576.35]
  [     616.63      574.29]
  [     680.36      606.55]
  [     632.49      605.63]
  [     683.73      702.96]
  [     639.74      704.45]
  [     693.21      798.51]
  [     644.64       795.5]]]