[[[     381.05      486.47]
  [     388.06      481.25]
  [     376.43      480.14]
  [     399.75      482.79]
  [     369.88      480.44]
  [     416.71       511.9]
  [     355.04      509.66]
  [     438.78      556.06]
  [     332.59       545.3]
  [     415.82      591.28]
  [     350.43       540.5]
  [     404.36      603.85]
  [      364.3      602.95]
  [     409.71      672.44]
  [     362.09      672.95]
  [     414.01      738.58]
  [     360.95      740.24]]

 [[     684.72       498.9]
  [     689.96      493.85]
  [     679.68      494.58]
  [     698.77      497.82]
  [     673.62      499.71]
  [     715.33      528.05]
  [     664.82      532.37]
  [     730.03      560.89]
  [     646.11      565.93]
  [     722.36      588.95]
  [     668.94      567.53]
  [     711.47      607.32]
  [     677.67      609.53]
  [     719.62      668.32]
  [     680.23      669.61]
  [     726.43       725.8]
  [      684.9      728.44]]]