[[[     549.14      458.57]
  [     556.61      449.37]
  [     547.47      449.25]
  [     582.49      450.42]
  [          0           0]
  [     617.12      495.65]
  [     542.08      497.97]
  [     642.27       546.7]
  [      510.9      543.54]
  [     639.16      569.57]
  [     485.17      574.66]
  [      607.4      614.63]
  [     559.11      615.51]
  [     627.78      696.69]
  [     563.93      698.81]
  [     629.23      773.37]
  [     578.25      780.55]]

 [[     291.62      455.49]
  [      299.1      446.04]
  [     281.39       444.2]
  [          0           0]
  [     254.78      442.54]
  [        280      502.79]
  [     233.74      485.14]
  [          0           0]
  [     227.25      541.61]
  [          0           0]
  [     292.59      573.22]
  [     269.89      645.86]
  [     233.85      641.63]
  [     269.81      745.43]
  [     216.93      747.04]
  [     268.07      834.71]
  [     191.88      845.46]]

 [[     690.88      413.16]
  [     691.75      402.46]
  [          0           0]
  [     706.46       391.8]
  [          0           0]
  [     726.25      426.35]
  [     781.37      430.46]
  [     740.04      503.03]
  [     808.46      512.74]
  [     702.96      574.88]
  [     773.02      556.03]
  [     748.89      592.89]
  [     789.71      592.67]
  [     742.77      719.96]
  [     781.89      716.08]
  [     754.53      843.38]
  [     788.28      831.83]]]