[[[     605.48      482.93]
  [     610.68      478.04]
  [        600      477.35]
  [          0           0]
  [     587.48      478.79]
  [      625.8      513.66]
  [     566.29      510.98]
  [     635.21      558.76]
  [     551.24      553.72]
  [     639.09      601.67]
  [     550.41      596.78]
  [     610.77      604.21]
  [     573.05      603.41]
  [     609.02      669.51]
  [     572.59      669.72]
  [     603.28      732.63]
  [     573.75      733.15]]

 [[     690.97      499.84]
  [     696.35      494.33]
  [     686.78      494.95]
  [     707.57       496.1]
  [          0           0]
  [     720.79      526.81]
  [     675.61      527.27]
  [     726.43      567.99]
  [     666.71      564.45]
  [     719.78      607.75]
  [     664.79      602.09]
  [     711.16      607.68]
  [     680.89      607.59]
  [     713.89      668.48]
  [      678.8      667.76]
  [     721.13      725.38]
  [     677.57      725.76]]

 [[     717.48      497.84]
  [     720.06      491.65]
  [          0           0]
  [     731.44      494.49]
  [          0           0]
  [     748.07      527.05]
  [     740.53      525.79]
  [     749.54      573.03]
  [          0           0]
  [      729.7      604.78]
  [          0           0]
  [     741.37      618.74]
  [     736.37      616.63]
  [     732.73      682.37]
  [     731.96      682.83]
  [     742.59      748.44]
  [     744.12      744.63]]]