[[[     484.85      470.93]
  [     493.89      464.76]
  [     480.37       463.9]
  [     511.93      469.78]
  [          0           0]
  [     533.08      508.01]
  [     464.48      507.21]
  [     559.07      558.43]
  [     453.61       550.2]
  [      538.4      612.52]
  [      448.1      589.45]
  [     520.49      626.67]
  [     476.61      625.65]
  [     522.14      706.45]
  [     489.82      705.84]
  [     525.45      795.02]
  [     507.81      782.07]]

 [[     291.92      486.66]
  [      294.7      479.86]
  [     281.95      480.49]
  [          0           0]
  [     259.86      488.38]
  [     295.07      528.73]
  [      243.8      528.17]
  [          0           0]
  [     232.43      586.05]
  [          0           0]
  [     276.42      616.32]
  [     283.34      642.36]
  [     247.07      643.21]
  [          0           0]
  [     251.29       730.8]
  [          0           0]
  [     243.11      813.26]]

 [[          0           0]
  [          0           0]
  [          0           0]
  [     324.13      481.91]
  [     363.78      485.92]
  [        287      532.02]
  [     369.15      534.81]
  [     264.47      603.35]
  [     385.69      608.78]
  [      293.6      634.48]
  [     398.75      648.62]
  [     288.89      668.82]
  [     346.04      670.54]
  [     296.42      749.02]
  [     358.02      747.75]
  [     293.45      855.65]
  [     353.32      859.59]]]