[[[     992.84      343.41]
  [     1001.9      332.92]
  [     979.89      330.36]
  [          0           0]
  [      948.3      337.25]
  [     1024.1      421.03]
  [     901.76      409.46]
  [     1049.3      516.03]
  [     861.63      503.75]
  [     1048.7      590.62]
  [     943.56      522.19]
  [     1005.8       617.7]
  [     923.95      614.65]
  [     997.46      762.53]
  [     920.58       763.3]
  [     986.79      896.63]
  [     909.16      906.75]]

 [[     1154.5      372.65]
  [     1167.7      362.41]
  [       1143      362.64]
  [     1186.3       375.3]
  [       1125      376.07]
  [     1218.7      446.55]
  [     1103.3       453.8]
  [     1242.2      532.96]
  [     1087.7      542.02]
  [     1197.5      605.19]
  [     1133.2      604.33]
  [     1205.8      636.92]
  [     1128.4      639.22]
  [     1224.8      782.26]
  [     1139.1      778.29]
  [     1241.7      923.57]
  [       1159      906.03]]

 [[     1251.4      332.78]
  [     1254.1      314.24]
  [          0           0]
  [       1283      311.78]
  [          0           0]
  [     1325.9      409.39]
  [       1333      397.73]
  [     1310.6      557.35]
  [          0           0]
  [     1272.6      670.42]
  [          0           0]
  [     1330.5      692.76]
  [     1330.2      683.89]
  [     1341.8      888.81]
  [     1323.1      880.39]
  [     1363.7      1061.9]
  [     1328.1      1038.6]]]