[[[          0           0]
  [          0           0]
  [          0           0]
  [          0           0]
  [          0           0]
  [     1790.4      46.319]
  [     1432.6      101.57]
  [     1897.4      338.94]
  [     1381.3      367.92]
  [     1564.3      497.23]
  [     1366.4      482.49]
  [     1695.7      690.64]
  [     1447.1      689.52]
  [          0           0]
  [          0           0]
  [          0           0]
  [          0           0]]

 [[          0           0]
  [          0           0]
  [          0           0]
  [          0           0]
  [          0           0]
  [          0           0]
  [     212.33      32.361]
  [          0           0]
  [     153.22         494]
  [          0           0]
  [     447.43      879.91]
  [     326.47      976.45]
  [     201.57      986.02]
  [          0           0]
  [          0           0]
  [          0           0]
  [          0           0]]

 [[     905.15      174.13]
  [     916.54      156.02]
  [     874.61      155.33]
  [          0           0]
  [     822.03      187.63]
  [     974.41      340.48]
  [     755.61       321.7]
  [     972.61      506.96]
  [     697.81      491.52]
  [     909.97      597.13]
  [     794.26      593.75]
  [     935.07      708.71]
  [      783.7      701.82]
  [     915.59      981.62]
  [     737.94      979.02]
  [          0           0]
  [          0           0]]]