[[[     758.06      480.46]
  [     763.41       474.6]
  [     751.85      473.39]
  [          0           0]
  [     736.29      475.19]
  [      778.5      516.62]
  [     710.21      513.46]
  [     797.22      563.94]
  [     688.16      560.93]
  [     788.29      604.45]
  [     723.65      589.44]
  [     763.78      622.87]
  [     719.92      622.13]
  [     763.65      700.95]
  [     719.21      701.67]
  [     756.06      776.22]
  [      718.2      776.14]]

 [[     848.22      497.29]
  [     854.83      490.95]
  [     843.03      491.42]
  [     867.26      494.42]
  [          0           0]
  [     883.76      532.79]
  [     827.86      534.71]
  [          0           0]
  [     815.94       582.4]
  [          0           0]
  [     811.94      624.48]
  [     874.09      632.38]
  [     836.46      632.87]
  [     882.44      703.31]
  [     834.05      703.13]
  [     892.07      774.73]
  [     832.47      772.48]]

 [[     872.39      494.71]
  [     876.22       487.7]
  [          0           0]
  [     891.08      491.33]
  [          0           0]
  [     902.06      532.69]
  [     904.74      529.98]
  [     897.25      595.62]
  [          0           0]
  [     880.52      645.66]
  [          0           0]
  [     906.99      647.35]
  [     907.73      644.95]
  [     909.14      727.54]
  [     898.05      726.21]
  [     922.98      807.23]
  [     900.98      804.82]]]