[[[     923.38      436.67]
  [     927.28      429.73]
  [     915.91      429.01]
  [          0           0]
  [     894.85      431.59]
  [     942.59      477.23]
  [     866.98      475.23]
  [     961.97      533.04]
  [     845.18      532.17]
  [     958.77      581.61]
  [     890.16       562.5]
  [     933.43      596.88]
  [     883.99      597.35]
  [     935.13      688.79]
  [     884.27      689.35]
  [     933.51      775.85]
  [     879.92       778.8]]

 [[     1037.5      453.14]
  [     1043.2      446.01]
  [     1028.2      447.61]
  [     1051.8      452.45]
  [     1013.9      456.18]
  [     1067.3      495.13]
  [     1001.2      496.77]
  [     1082.5      543.04]
  [     982.28      542.03]
  [     1065.3      529.92]
  [       1025      521.29]
  [     1058.8      609.98]
  [     1012.9      610.91]
  [     1071.3      696.42]
  [     1008.6      693.94]
  [     1080.3      776.68]
  [     1012.2      775.68]]

 [[          0           0]
  [       1071      436.52]
  [          0           0]
  [     1082.5       440.6]
  [          0           0]
  [     1096.7      492.64]
  [     1116.3       486.7]
  [     1087.5      571.43]
  [          0           0]
  [     1073.8      633.94]
  [          0           0]
  [     1105.4      635.44]
  [     1119.7      631.72]
  [     1110.6      736.78]
  [     1115.2      732.29]
  [     1118.3      830.04]
  [     1116.5      823.53]]]