[[[     800.53      190.72]
  [     827.88      175.89]
  [     774.96      172.52]
  [     852.57      225.76]
  [     731.17      215.93]
  [     890.15      378.07]
  [     657.58       343.1]
  [     904.33       558.4]
  [     517.06      404.12]
  [        829      715.22]
  [     453.36      233.11]
  [     804.76      761.64]
  [     652.91      743.57]
  [     814.59      1037.1]
  [     644.55      1042.7]
  [          0           0]
  [          0           0]]

 [[     1064.4      36.648]
  [     1097.8      3.5033]
  [     1051.6      17.035]
  [     1194.3      34.413]
  [          0           0]
  [       1323      220.34]
  [     1034.9      267.58]
  [     1458.7      434.38]
  [     995.74      512.19]
  [     1421.3       661.4]
  [      957.2      704.75]
  [     1245.9      758.03]
  [     1055.3      762.77]
  [          0           0]
  [          0           0]
  [          0           0]
  [          0           0]]

 [[          0           0]
  [          0           0]
  [          0           0]
  [          0           0]
  [          0           0]
  [          0           0]
  [     1625.3      31.747]
  [          0           0]
  [     1531.6      331.21]
  [          0           0]
  [     1676.4      519.61]
  [          0           0]
  [       1709      735.44]
  [          0           0]
  [          0           0]
  [          0           0]
  [          0           0]]]