[[[     152.82      253.34]
  [          0           0]
  [     144.94      228.97]
  [          0           0]
  [     91.976      235.08]
  [          0           0]
  [     93.976      365.68]
  [          0           0]
  [     143.12      565.31]
  [          0           0]
  [     218.29      678.31]
  [          0           0]
  [     84.384      751.31]
  [          0           0]
  [     114.24        1020]
  [          0           0]
  [          0           0]]

 [[     613.34      279.76]
  [      632.9      267.84]
  [     609.35      265.94]
  [     677.55      283.62]
  [          0           0]
  [     721.25      368.25]
  [     606.42       376.4]
  [     769.19      485.73]
  [     603.15      499.57]
  [     704.63      586.06]
  [     573.33       586.8]
  [     683.78      614.88]
  [      608.8      612.51]
  [     694.97      792.81]
  [     621.85      788.56]
  [      707.9      962.22]
  [     641.63      952.17]]

 [[     258.84      322.14]
  [     267.52       308.3]
  [     239.08      308.44]
  [          0           0]
  [      202.1      325.96]
  [     314.05      426.96]
  [     166.25      420.39]
  [     305.07      539.29]
  [          0           0]
  [     262.38      614.68]
  [          0           0]
  [     289.56      667.33]
  [      188.9      662.87]
  [     267.55       842.4]
  [     161.81      837.41]
  [      244.5      985.14]
  [     137.03      969.92]]]