[[[     1003.6      440.53]
  [     1011.1      431.97]
  [     994.81      433.53]
  [     1024.2      437.92]
  [     981.94      442.19]
  [     1046.6      487.26]
  [     964.73      494.77]
  [     1058.1      536.17]
  [     944.33      549.71]
  [     1036.5      549.59]
  [     977.13      556.78]
  [     1037.9      632.66]
  [     983.86      635.64]
  [     1050.6       736.7]
  [     993.85      738.19]
  [     1061.2      826.05]
  [     1005.3      826.04]]

 [[     885.39      415.83]
  [      892.7      406.77]
  [     876.32      405.33]
  [          0           0]
  [     852.78      408.12]
  [     910.44       469.2]
  [     818.38      462.08]
  [      931.8      537.27]
  [     788.08      528.92]
  [     932.15      591.48]
  [      842.7      568.13]
  [      894.8      614.96]
  [     833.67      612.42]
  [     889.74       724.1]
  [     827.14      723.28]
  [     880.79      827.51]
  [     820.83      827.63]]

 [[          0           0]
  [          0           0]
  [          0           0]
  [     1082.2      415.94]
  [          0           0]
  [     1115.9      465.88]
  [     1114.4      467.66]
  [     1047.5       433.5]
  [     1054.5      435.36]
  [       1077      417.02]
  [          0           0]
  [     1106.9      654.45]
  [     1102.7      651.32]
  [     1117.5       790.3]
  [     1103.2      782.39]
  [     1126.9      910.11]
  [     1115.6      892.65]]]