[[[     803.66      480.37]
  [     808.61      475.72]
  [     798.72      474.61]
  [          0           0]
  [     786.79      476.15]
  [     822.28      510.05]
  [     766.66      507.83]
  [     837.43      548.81]
  [     747.32       545.5]
  [     827.48      584.47]
  [     778.43      554.76]
  [     810.93       597.1]
  [     774.84      596.41]
  [     810.04      661.65]
  [     774.67      660.95]
  [     808.92      724.89]
  [     774.91      723.27]]

 [[     899.52      494.14]
  [     902.61      488.57]
  [          0           0]
  [     912.55      492.72]
  [          0           0]
  [     918.72      526.43]
  [     938.51      522.59]
  [     897.58      565.88]
  [          0           0]
  [     890.36       540.5]
  [          0           0]
  [     916.56      617.44]
  [     930.56      615.02]
  [      919.2      682.47]
  [     924.93      682.42]
  [     928.11      746.48]
  [     929.97       743.3]]

 [[      891.3      493.97]
  [     895.88      488.78]
  [     886.24      489.01]
  [          0           0]
  [     878.43      492.99]
  [     911.77      524.57]
  [     869.19      525.06]
  [          0           0]
  [     858.63      564.27]
  [          0           0]
  [     876.72      591.32]
  [     904.33       601.9]
  [      875.4      601.79]
  [     900.69      659.96]
  [     873.99      659.72]
  [     895.15      718.94]
  [     869.79      715.44]]]