[[[     574.33      206.14]
  [     597.79      191.49]
  [     551.93      190.93]
  [     627.35      228.19]
  [     518.35      224.21]
  [     671.99      364.17]
  [     457.13      343.46]
  [     670.05      513.28]
  [      401.6      491.37]
  [     614.46      600.14]
  [     492.92      592.01]
  [     632.55      702.49]
  [     484.58      695.05]
  [     617.51      947.97]
  [     444.29       947.4]
  [          0           0]
  [          0           0]]

 [[          0           0]
  [          0           0]
  [          0           0]
  [          0           0]
  [          0           0]
  [          0           0]
  [     37.193      92.963]
  [          0           0]
  [     22.942       489.7]
  [          0           0]
  [     202.79      825.53]
  [          0           0]
  [     93.231      872.66]
  [          0           0]
  [          0           0]
  [          0           0]
  [          0           0]]

 [[     1040.7      66.318]
  [     1068.5      38.256]
  [     1027.3      47.026]
  [       1150      57.523]
  [          0           0]
  [     1244.7       203.7]
  [     1031.8      235.61]
  [     1342.1      394.31]
  [     1010.2      441.81]
  [     1371.9      619.59]
  [      986.4      595.61]
  [     1194.2      644.23]
  [     1052.2      649.09]
  [     1226.2      968.48]
  [     1075.2      959.28]
  [          0           0]
  [          0           0]]]