[[[     925.97       451.7]
  [     930.17      445.23]
  [     918.91      444.25]
  [          0           0]
  [     899.15      447.21]
  [     944.22      493.04]
  [     871.47      490.49]
  [      963.4      546.32]
  [     849.29      543.61]
  [     957.53      593.47]
  [     892.34      574.71]
  [     933.82      610.42]
  [     886.25      610.58]
  [     935.03      697.44]
  [     885.94      699.14]
  [     932.82      781.48]
  [     880.57      783.03]]

 [[          0           0]
  [     1068.3      453.24]
  [          0           0]
  [     1078.9      458.77]
  [          0           0]
  [     1090.7      508.08]
  [     1110.7      502.51]
  [     1083.4      581.53]
  [          0           0]
  [     1066.8      643.14]
  [          0           0]
  [     1097.9      641.25]
  [     1113.1      637.74]
  [       1102       740.8]
  [     1107.9      735.69]
  [     1111.4      832.63]
  [     1109.4      824.56]]

 [[     1030.7      467.87]
  [     1037.9      460.98]
  [     1022.8      461.99]
  [     1048.9       467.4]
  [     1012.8      469.87]
  [     1064.5      509.46]
  [     1001.6      511.51]
  [     1074.9      553.66]
  [     986.54      553.51]
  [     1060.5      546.06]
  [     1025.8      535.59]
  [     1057.1      617.88]
  [     1013.6      619.26]
  [     1068.2      702.13]
  [     1010.8      701.49]
  [     1074.6      780.43]
  [     1014.1       781.8]]]