[[[     757.21      471.54]
  [     762.71      465.19]
  [     750.33         464]
  [          0           0]
  [     732.74       466.5]
  [     777.51      510.05]
  [     707.63         506]
  [     797.43      559.73]
  [     683.16      554.58]
  [     788.27      603.48]
  [     720.55      582.12]
  [     761.77      618.39]
  [     716.17      617.58]
  [      761.8      701.01]
  [     714.13      702.15]
  [     756.25      779.69]
  [     712.64       781.5]]

 [[     858.02      489.36]
  [     863.72      483.11]
  [     851.17      483.88]
  [     872.22      487.94]
  [     841.15      489.92]
  [     889.31       528.2]
  [     827.55      529.95]
  [     900.47      572.34]
  [     816.88      575.65]
  [     889.37      603.25]
  [     823.71      615.54]
  [     878.51      627.34]
  [     837.66      627.92]
  [     887.73      703.51]
  [     836.38      701.58]
  [     891.09      775.34]
  [      835.7      775.13]]

 [[          0           0]
  [          0           0]
  [          0           0]
  [     906.64      480.08]
  [          0           0]
  [     924.57      525.91]
  [      928.6      521.37]
  [     918.62      588.14]
  [          0           0]
  [     901.22       642.1]
  [          0           0]
  [     920.81         643]
  [     924.67      640.08]
  [     920.77      725.95]
  [      919.5      726.32]
  [     923.84      813.14]
  [     920.78       809.1]]]