[[[      59.24      444.97]
  [          0           0]
  [     49.866      439.64]
  [          0           0]
  [     23.434      450.31]
  [     46.142      490.03]
  [     8.3918      489.64]
  [          0           0]
  [     12.029      552.29]
  [          0           0]
  [     51.417      578.77]
  [     48.171      609.27]
  [     20.559      612.09]
  [          0           0]
  [          0           0]
  [          0           0]
  [          0           0]]

 [[          0           0]
  [          0           0]
  [          0           0]
  [          0           0]
  [     134.83      443.95]
  [     56.086      500.52]
  [     150.01      496.58]
  [     39.036      572.65]
  [     178.08      566.62]
  [     67.832      599.34]
  [     182.36       609.4]
  [     68.873      642.52]
  [     129.79      641.85]
  [      98.89      713.85]
  [     144.48      713.77]
  [     93.257      818.41]
  [     132.41      818.05]]

 [[     286.13      435.35]
  [     296.23      430.06]
  [     283.55      428.35]
  [     317.65      437.96]
  [          0           0]
  [     336.46      479.85]
  [     268.24      478.01]
  [     363.15      533.25]
  [     255.83      527.81]
  [     335.55      584.59]
  [     242.29      572.57]
  [     318.32      598.88]
  [      271.6       597.4]
  [     325.89      681.27]
  [     272.57      683.29]
  [     331.92      767.65]
  [     278.53      766.17]]]