[[[     511.62      357.31]
  [      526.1      347.68]
  [     507.86      346.04]
  [     560.06      356.77]
  [          0           0]
  [     592.04      418.47]
  [     501.03      421.28]
  [     624.11      508.82]
  [     492.22      510.22]
  [     583.45      593.21]
  [      480.7      581.14]
  [     565.89      608.25]
  [     506.79      606.31]
  [     579.08      742.75]
  [     516.55      740.21]
  [      586.1      866.62]
  [     534.44      863.88]]

 [[          0           0]
  [          0           0]
  [          0           0]
  [          0           0]
  [     213.83      341.81]
  [     93.123      427.17]
  [     213.31      432.24]
  [          0           0]
  [      244.4      557.01]
  [          0           0]
  [     281.26      634.87]
  [     107.74      672.51]
  [      192.2      677.57]
  [     125.05      851.69]
  [      206.4      852.74]
  [     113.15      1022.7]
  [     195.43      1028.9]]]