[[[      680.4       360.9]
  [     697.57      350.97]
  [     676.54      348.04]
  [     734.68      363.04]
  [          0           0]
  [     766.39      431.64]
  [     672.37      433.93]
  [     795.61      535.83]
  [     666.92      539.56]
  [     726.48      613.75]
  [     649.67       615.4]
  [     732.76      640.62]
  [     668.18       640.1]
  [     743.39      797.32]
  [     681.08      795.87]
  [     750.64      942.54]
  [     689.54      936.01]]

 [[          0           0]
  [          0           0]
  [     329.88       330.3]
  [          0           0]
  [     303.38      339.94]
  [     185.61      442.03]
  [     314.35      447.83]
  [          0           0]
  [     342.22       594.1]
  [          0           0]
  [     390.42      685.18]
  [     204.42      729.02]
  [     295.55      737.47]
  [     213.04      938.89]
  [     303.53      943.19]
  [          0           0]
  [          0           0]]]