[[[     455.04      445.11]
  [     464.83      438.87]
  [     452.21      437.08]
  [     487.01      444.34]
  [          0           0]
  [     510.36      486.35]
  [     438.54      486.01]
  [     536.41      539.98]
  [     430.08      539.12]
  [      512.3      595.61]
  [     438.01      592.65]
  [      494.3      610.38]
  [     447.94      609.67]
  [     495.94      691.72]
  [     463.19      695.26]
  [     495.43      780.37]
  [     472.27      776.04]]

 [[     260.29      459.74]
  [          0           0]
  [     250.58      452.26]
  [          0           0]
  [     223.29      458.78]
  [     260.32      505.01]
  [     197.18      502.07]
  [          0           0]
  [     194.08      567.59]
  [          0           0]
  [     243.25      594.64]
  [     251.71      628.49]
  [      207.4      629.15]
  [          0           0]
  [     213.86      724.58]
  [          0           0]
  [          0           0]]

 [[          0           0]
  [          0           0]
  [          0           0]
  [          0           0]
  [     313.74      451.95]
  [     235.82      502.81]
  [     323.95      500.39]
  [      220.8      583.48]
  [     340.34      580.95]
  [     247.92      618.57]
  [     354.17      630.02]
  [     244.17      649.05]
  [     303.87      647.95]
  [          0           0]
  [          0           0]
  [          0           0]
  [          0           0]]]