[[[      452.1      446.27]
  [     462.09      439.53]
  [      448.5      438.15]
  [     484.73      443.77]
  [          0           0]
  [     507.25      487.27]
  [        436      486.88]
  [     531.39      544.78]
  [        428      541.11]
  [     506.21      598.75]
  [     432.08      595.19]
  [     488.62      612.25]
  [     442.65      611.04]
  [      491.1      696.97]
  [     450.54      699.47]
  [     489.45      785.53]
  [     457.24      778.97]]

 [[     252.62      460.48]
  [          0           0]
  [     243.82      453.09]
  [          0           0]
  [     218.19      459.97]
  [     252.55      507.93]
  [     189.23      503.99]
  [          0           0]
  [     181.72      569.86]
  [          0           0]
  [     233.48      600.01]
  [     241.45       629.7]
  [     196.92      629.77]
  [          0           0]
  [     205.02      727.81]
  [          0           0]
  [          0           0]]

 [[          0           0]
  [          0           0]
  [          0           0]
  [     257.92      449.01]
  [     301.27      450.69]
  [     223.23       504.3]
  [     312.18      501.88]
  [     209.43      584.51]
  [     332.28      579.52]
  [     233.48      620.49]
  [     344.38      622.53]
  [     236.45      651.82]
  [     299.17      650.94]
  [          0           0]
  [          0           0]
  [          0           0]
  [          0           0]]]