[[[     881.42      417.28]
  [     889.46       408.6]
  [      872.2      406.84]
  [          0           0]
  [     848.86       410.5]
  [     908.56      472.92]
  [     814.06      465.63]
  [     928.93      542.92]
  [     783.36      533.38]
  [     929.67      598.25]
  [     838.31      571.28]
  [     891.92      622.67]
  [     829.32      620.22]
  [     886.91      734.89]
  [     824.41      733.57]
  [     877.96      838.45]
  [     818.54      840.73]]

 [[       1001      442.96]
  [     1009.3      433.71]
  [      991.3      435.66]
  [     1023.9      439.97]
  [     977.11      445.06]
  [     1052.5      492.69]
  [      960.7      499.22]
  [     1082.1      552.85]
  [     944.93      557.17]
  [     1038.7      559.67]
  [     970.08      561.14]
  [       1040      639.49]
  [      980.2      641.47]
  [     1053.3      744.61]
  [      992.1      744.77]
  [     1062.2      836.96]
  [     1006.5      838.29]]

 [[     1059.7      424.72]
  [     1063.4      412.84]
  [          0           0]
  [     1082.5       415.6]
  [          0           0]
  [     1104.5      476.21]
  [     1120.2      477.97]
  [     1095.4      562.43]
  [          0           0]
  [     1040.1      581.66]
  [          0           0]
  [     1108.5      663.51]
  [     1116.4       661.6]
  [     1116.6      802.12]
  [     1113.6       796.6]
  [     1130.7      921.33]
  [     1119.2      910.22]]]