[[[     156.92      431.06]
  [     168.66      422.86]
  [     152.98      421.45]
  [     196.19      429.75]
  [          0           0]
  [     222.18      475.09]
  [     137.55      475.52]
  [     216.15      540.49]
  [     107.02      538.14]
  [     143.63      536.23]
  [     180.13      531.03]
  [     208.31      610.21]
  [     150.01      610.73]
  [     212.84      710.42]
  [     155.56      711.41]
  [     216.55      804.04]
  [     157.36      804.43]]

 [[          0           0]
  [          0           0]
  [          0           0]
  [          0           0]
  [          0           0]
  [     42.378      500.28]
  [          0           0]
  [      67.82      557.17]
  [          0           0]
  [     40.986      611.89]
  [          0           0]
  [     27.312      629.24]
  [          0           0]
  [     33.455      712.44]
  [          0           0]
  [     33.109      813.32]
  [          0           0]]]