[[[     886.99      393.12]
  [      894.4      383.94]
  [     876.42       382.4]
  [          0           0]
  [      850.4       387.5]
  [     912.91      453.58]
  [      813.2      444.75]
  [     929.79      529.61]
  [     780.89      521.27]
  [     920.68      584.95]
  [     840.69      562.46]
  [     895.27      615.02]
  [     828.35      611.67]
  [      889.9      734.77]
  [     828.61      733.47]
  [      879.2      843.25]
  [     820.51      847.94]]

 [[          0           0]
  [     1074.4      388.99]
  [          0           0]
  [     1091.1      393.47]
  [          0           0]
  [     1122.9      460.92]
  [     1129.5      460.15]
  [     1107.4      569.37]
  [          0           0]
  [     1082.3      648.17]
  [          0           0]
  [     1132.3      666.59]
  [     1134.9      664.78]
  [       1140      812.32]
  [     1132.9      808.09]
  [     1154.8      943.29]
  [     1142.8      931.06]]

 [[     1016.3      420.52]
  [     1023.5      410.22]
  [     1004.7      415.06]
  [     1037.3      416.44]
  [     990.96       428.3]
  [     1072.1      475.39]
  [     981.86      482.83]
  [     1095.6      537.69]
  [     955.89      554.39]
  [     1060.7      579.96]
  [      994.7      576.89]
  [       1056      627.36]
  [     994.36      628.98]
  [     1074.9      740.35]
  [     1003.3      741.28]
  [     1084.1      850.42]
  [     1014.8      847.63]]]