[[[     374.31      500.19]
  [     379.98      494.11]
  [     369.38       493.9]
  [     393.85      487.87]
  [          0           0]
  [     415.46      510.25]
  [     355.83      510.65]
  [     438.49      554.17]
  [     332.42      546.48]
  [     416.47      589.57]
  [      352.7       532.4]
  [     402.98      603.05]
  [     363.94      602.57]
  [     408.27      672.56]
  [     363.95      671.88]
  [     413.54      739.17]
  [     361.89      739.21]]

 [[     679.44      508.62]
  [     681.94      502.51]
  [          0           0]
  [     696.07      501.13]
  [          0           0]
  [     722.01      526.56]
  [     697.76      529.46]
  [     731.71      569.39]
  [     680.11      559.19]
  [     707.97      597.13]
  [     683.07       529.3]
  [     720.21      610.73]
  [     703.44      610.32]
  [     717.15      675.32]
  [     704.43      675.64]
  [     731.74      741.92]
  [     704.59      731.77]]]