[[[     599.22      418.36]
  [     611.16      409.67]
  [     595.52       408.5]
  [     639.51       416.1]
  [          0           0]
  [     667.03      469.56]
  [     584.67      470.75]
  [     693.76      545.09]
  [     572.78      542.24]
  [     658.97      612.92]
  [     564.23      605.59]
  [     640.36      628.47]
  [     586.68      626.59]
  [     646.23       744.2]
  [     594.27      742.19]
  [      651.4      851.32]
  [     603.41      848.03]]

 [[          0           0]
  [          0           0]
  [          0           0]
  [          0           0]
  [     382.11       416.6]
  [     281.93         488]
  [     388.98      488.36]
  [          0           0]
  [     406.78      585.64]
  [          0           0]
  [     423.51      649.74]
  [     291.77       684.1]
  [     366.62      685.96]
  [     297.03      816.53]
  [     370.18      821.81]
  [     289.42      951.32]
  [     361.93       959.9]]]