[[[     537.93      448.37]
  [     538.15      435.43]
  [          0           0]
  [     553.83      421.27]
  [          0           0]
  [     582.79      459.45]
  [     623.09      459.63]
  [     600.56      541.44]
  [          0           0]
  [     576.37      629.21]
  [          0           0]
  [     596.18      627.89]
  [     639.02      624.56]
  [     546.99      743.88]
  [     651.23       742.3]
  [     538.97      858.22]
  [     712.79      843.06]]

 [[     121.57      475.92]
  [     125.34      465.56]
  [          0           0]
  [     150.89      455.51]
  [          0           0]
  [      166.5      498.69]
  [     203.64      496.52]
  [     175.63      564.76]
  [          0           0]
  [     129.63      612.78]
  [          0           0]
  [     163.09      641.54]
  [     194.77      637.11]
  [     142.82      749.18]
  [          0           0]
  [          0           0]
  [          0           0]]]